gender,SeniorCitizen,Partner,Dependents,tenure,PhoneService,MultipleLines,InternetService,OnlineSecurity,OnlineBackup,DeviceProtection,TechSupport,StreamingTV,StreamingMovies,Contract,PaperlessBilling,PaymentMethod,MonthlyCharges,TotalCharges,Churn,tenure_group,avg_monthly_spend,num_services,has_internet
Female,0,Yes,No,1,No,No phone service,DSL,No,Yes,No,No,No,No,Month-to-month,Yes,Electronic check,29.85,29.85,No,0-12,29.85,1,1
Male,0,No,No,34,Yes,No,DSL,Yes,No,Yes,No,No,No,One year,No,Mailed check,56.95,1889.5,No,25-48,55.5735294117647,3,1
Male,0,No,No,2,Yes,No,DSL,Yes,Yes,No,No,No,No,Month-to-month,Yes,Mailed check,53.85,108.15,Yes,0-12,54.075,3,1
Male,0,No,No,45,No,No phone service,DSL,Yes,No,Yes,Yes,No,No,One year,No,Bank transfer (automatic),42.3,1840.75,No,25-48,40.90555555555556,3,1
Female,0,No,No,2,Yes,No,Fiber optic,No,No,No,No,No,No,Month-to-month,Yes,Electronic check,70.7,151.65,Yes,0-12,75.825,1,1
Female,0,No,No,8,Yes,Yes,Fiber optic,No,No,Yes,No,Yes,Yes,Month-to-month,Yes,Electronic check,99.65,820.5,Yes,0-12,102.5625,5,1
Male,0,No,Yes,22,Yes,Yes,Fiber optic,No,Yes,No,No,Yes,No,Month-to-month,Yes,Credit card (automatic),89.1,1949.4,No,13-24,88.60909090909091,4,1
Female,0,No,No,10,No,No phone service,DSL,Yes,No,No,No,No,No,Month-to-month,No,Mailed check,29.75,301.9,No,0-12,30.19,1,1
Female,0,Yes,No,28,Yes,Yes,Fiber optic,No,No,Yes,Yes,Yes,Yes,Month-to-month,Yes,Electronic check,104.8,3046.05,Yes,25-48,108.7875,6,1
Male,0,No,Yes,62,Yes,No,DSL,Yes,Yes,No,No,No,No,One year,No,Bank transfer (automatic),56.15,3487.95,No,60+,56.25725806451613,3,1
Male,0,Yes,Yes,13,Yes,No,DSL,Yes,No,No,No,No,No,Month-to-month,Yes,Mailed check,49.95,587.45,No,13-24,45.18846153846154,2,1
Male,0,No,No,16,Yes,No,No,No internet service,No internet service,No internet service,No internet service,No internet service,No internet service,Two year,No,Credit card (automatic),18.95,326.8,No,13-24,20.425,1,0
Male,0,Yes,No,58,Yes,Yes,Fiber optic,No,No,Yes,No,Yes,Yes,One year,No,Credit card (automatic),100.35,5681.1,No,49-60,97.95,5,1
Male,0,No,No,49,Yes,Yes,Fiber optic,No,Yes,Yes,No,Yes,Yes,Month-to-month,Yes,Bank transfer (automatic),103.7,5036.3,Yes,49-60,102.78163265306122,6,1
Male,0,No,No,25,Yes,No,Fiber optic,Yes,No,Yes,Yes,Yes,Yes,Month-to-month,Yes,Electronic check,105.5,2686.05,No,25-48,107.442,6,1
Female,0,Yes,Yes,69,Yes,Yes,Fiber optic,Yes,Yes,Yes,Yes,Yes,Yes,Two year,No,Credit card (automatic),113.25,7895.15,No,60+,114.42246376811592,8,1
Female,0,No,No,52,Yes,No,No,No internet service,No internet service,No internet service,No internet service,No internet service,No internet service,One year,No,Mailed check,20.65,1022.95,No,49-60,19.672115384615385,1,0
Male,0,No,Yes,71,Yes,Yes,Fiber optic,Yes,No,Yes,No,Yes,Yes,Two year,No,Bank transfer (automatic),106.7,7382.25,No,60+,103.97535211267606,6,1
Female,0,Yes,Yes,10,Yes,No,DSL,No,No,Yes,Yes,No,No,Month-to-month,No,Credit card (automatic),55.2,528.35,Yes,0-12,52.835,3,1
Female,0,No,No,21,Yes,No,Fiber optic,No,Yes,Yes,No,No,Yes,Month-to-month,Yes,Electronic check,90.05,1862.9,No,13-24,88.70952380952382,4,1
Male,1,No,No,1,No,No phone service,DSL,No,No,Yes,No,No,Yes,Month-to-month,Yes,Electronic check,39.65,39.65,Yes,0-12,39.65,2,1
Male,0,Yes,No,12,Yes,No,No,No internet service,No internet service,No internet service,No internet service,No internet service,No internet service,One year,No,Bank transfer (automatic),19.8,202.25,No,0-12,16.854166666666668,1,0
Male,0,No,No,1,Yes,No,No,No internet service,No internet service,No internet service,No internet service,No internet service,No internet service,Month-to-month,No,Mailed check,20.15,20.15,Yes,0-12,20.15,1,0
Female,0,Yes,No,58,Yes,Yes,DSL,No,Yes,No,Yes,No,No,Two year,Yes,Credit card (automatic),59.9,3505.1,No,49-60,60.43275862068965,4,1
Male,0,Yes,Yes,49,Yes,No,DSL,Yes,Yes,No,Yes,No,No,Month-to-month,No,Credit card (automatic),59.6,2970.3,No,49-60,60.61836734693878,4,1
Female,0,No,No,30,Yes,No,DSL,Yes,Yes,No,No,No,No,Month-to-month,Yes,Bank transfer (automatic),55.3,1530.6,No,25-48,51.02,3,1
Male,0,Yes,Yes,47,Yes,Yes,Fiber optic,No,Yes,No,No,Yes,Yes,Month-to-month,Yes,Electronic check,99.35,4749.15,Yes,25-48,101.04574468085106,5,1
Male,0,Yes,Yes,1,No,No phone service,DSL,No,Yes,No,No,No,No,Month-to-month,No,Electronic check,30.2,30.2,Yes,0-12,30.2,1,1
Male,0,Yes,No,72,Yes,Yes,DSL,Yes,Yes,Yes,Yes,Yes,Yes,Two year,Yes,Credit card (automatic),90.25,6369.45,No,60+,88.46458333333334,8,1
Female,0,No,Yes,17,Yes,No,DSL,No,No,No,No,Yes,Yes,Month-to-month,Yes,Mailed check,64.7,1093.1,Yes,13-24,64.3,3,1
Female,1,Yes,No,71,Yes,Yes,Fiber optic,Yes,Yes,Yes,Yes,No,No,Two year,Yes,Credit card (automatic),96.35,6766.95,No,60+,95.30915492957746,6,1
Male,1,Yes,No,2,Yes,No,Fiber optic,No,No,Yes,No,Yes,Yes,Month-to-month,Yes,Credit card (automatic),95.5,181.65,No,0-12,90.825,4,1
Female,0,Yes,Yes,27,Yes,No,DSL,Yes,Yes,Yes,Yes,No,No,One year,No,Mailed check,66.15,1874.45,No,25-48,69.42407407407407,5,1
Male,0,No,No,1,Yes,No,No,No internet service,No internet service,No internet service,No internet service,No internet service,No internet service,Month-to-month,No,Bank transfer (automatic),20.2,20.2,No,0-12,20.2,1,0
Male,1,No,No,1,Yes,No,DSL,No,No,No,No,No,No,Month-to-month,No,Bank transfer (automatic),45.25,45.25,No,0-12,45.25,1,1
Female,0,Yes,Yes,72,Yes,Yes,Fiber optic,Yes,Yes,No,Yes,Yes,No,Two year,No,Bank transfer (automatic),99.9,7251.7,No,60+,100.71805555555557,6,1
Male,0,No,No,5,Yes,No,Fiber optic,No,No,No,No,No,No,Month-to-month,Yes,Electronic check,69.7,316.9,Yes,0-12,63.38,1,1
Female,0,No,No,46,Yes,No,Fiber optic,No,No,Yes,No,No,No,Month-to-month,Yes,Credit card (automatic),74.8,3548.3,No,25-48,77.13695652173914,2,1
Male,0,No,No,34,Yes,Yes,Fiber optic,No,Yes,Yes,No,Yes,Yes,Month-to-month,Yes,Electronic check,106.35,3549.25,Yes,25-48,104.38970588235294,6,1
Female,0,No,No,11,Yes,Yes,Fiber optic,No,No,Yes,No,Yes,Yes,Month-to-month,Yes,Bank transfer (automatic),97.85,1105.4,Yes,0-12,100.4909090909091,5,1
Male,0,Yes,Yes,10,Yes,No,DSL,No,Yes,No,No,No,No,One year,No,Mailed check,49.55,475.7,No,0-12,47.57,2,1
Female,0,Yes,Yes,70,Yes,Yes,DSL,Yes,Yes,No,No,Yes,No,Two year,Yes,Credit card (automatic),69.2,4872.35,No,60+,69.605,5,1
Female,0,Yes,Yes,17,Yes,No,No,No internet service,No internet service,No internet service,No internet service,No internet service,No internet service,One year,No,Mailed check,20.75,418.25,No,13-24,24.602941176470587,1,0
Female,0,No,No,63,Yes,Yes,DSL,Yes,Yes,Yes,Yes,Yes,No,Two year,Yes,Credit card (automatic),79.85,4861.45,No,60+,77.16587301587302,7,1
Female,0,Yes,No,13,Yes,Yes,DSL,Yes,Yes,No,Yes,Yes,No,Month-to-month,Yes,Electronic check,76.2,981.45,No,13-24,75.49615384615385,6,1
Female,0,No,No,49,Yes,Yes,Fiber optic,No,No,No,No,No,Yes,Month-to-month,Yes,Electronic check,84.5,3906.7,No,49-60,79.72857142857143,3,1
Male,0,No,No,2,Yes,No,DSL,No,Yes,No,No,No,No,Month-to-month,No,Mailed check,49.25,97.0,No,0-12,48.5,2,1
Female,0,No,No,2,Yes,No,Fiber optic,No,No,No,No,Yes,No,Month-to-month,Yes,Electronic check,80.65,144.15,Yes,0-12,72.075,2,1
Male,0,No,No,52,Yes,Yes,DSL,Yes,No,No,Yes,Yes,Yes,Two year,Yes,Credit card (automatic),79.75,4217.8,No,49-60,81.11153846153846,6,1
Female,0,Yes,Yes,69,Yes,Yes,DSL,Yes,No,Yes,Yes,No,No,Two year,Yes,Credit card (automatic),64.15,4254.1,No,60+,61.6536231884058,5,1
Female,1,No,No,43,Yes,Yes,Fiber optic,No,Yes,No,No,Yes,No,Month-to-month,Yes,Electronic check,90.25,3838.75,No,25-48,89.27325581395348,4,1
Female,0,No,No,15,Yes,No,Fiber optic,Yes,Yes,No,No,Yes,Yes,Month-to-month,Yes,Credit card (automatic),99.1,1426.4,Yes,13-24,95.09333333333332,5,1
Female,1,Yes,No,25,Yes,Yes,DSL,Yes,No,No,Yes,Yes,No,Month-to-month,Yes,Credit card (automatic),69.5,1752.65,No,25-48,70.10600000000001,5,1
Female,1,Yes,No,8,Yes,Yes,Fiber optic,No,Yes,No,No,No,No,Month-to-month,Yes,Credit card (automatic),80.65,633.3,Yes,0-12,79.1625,3,1
Female,1,Yes,Yes,60,Yes,No,DSL,Yes,Yes,Yes,Yes,No,Yes,One year,Yes,Credit card (automatic),74.85,4456.35,No,49-60,74.27250000000001,6,1
Male,1,No,No,18,Yes,Yes,Fiber optic,No,No,No,No,Yes,Yes,Month-to-month,Yes,Electronic check,95.45,1752.55,Yes,13-24,97.36388888888888,4,1
Female,0,Yes,Yes,63,Yes,Yes,Fiber optic,Yes,No,No,No,Yes,Yes,One year,Yes,Credit card (automatic),99.65,6311.2,No,60+,100.17777777777778,5,1
Male,1,Yes,Yes,66,Yes,Yes,Fiber optic,No,Yes,Yes,Yes,Yes,Yes,One year,Yes,Electronic check,108.45,7076.35,No,60+,107.21742424242424,7,1
Female,0,Yes,Yes,34,Yes,Yes,No,No internet service,No internet service,No internet service,No internet service,No internet service,No internet service,Two year,No,Credit card (automatic),24.95,894.3,No,25-48,26.302941176470583,2,0
Female,0,No,No,72,Yes,Yes,Fiber optic,No,No,Yes,Yes,Yes,Yes,Two year,Yes,Credit card (automatic),107.5,7853.7,No,60+,109.07916666666668,6,1
Female,0,Yes,No,47,Yes,Yes,Fiber optic,No,No,Yes,No,Yes,Yes,Month-to-month,Yes,Electronic check,100.5,4707.1,No,25-48,100.15106382978723,5,1
Male,0,No,No,60,Yes,Yes,Fiber optic,No,Yes,No,No,Yes,No,Month-to-month,Yes,Bank transfer (automatic),89.9,5450.7,No,49-60,90.845,4,1
Male,0,Yes,No,72,No,No phone service,DSL,Yes,Yes,Yes,No,No,No,Two year,No,Bank transfer (automatic),42.1,2962.0,No,60+,41.138888888888886,3,1
Female,0,Yes,Yes,18,Yes,No,DSL,No,No,Yes,Yes,No,No,One year,Yes,Credit card (automatic),54.4,957.1,No,13-24,53.172222222222224,3,1
Female,0,No,No,9,Yes,Yes,Fiber optic,No,No,No,No,Yes,Yes,Month-to-month,No,Electronic check,94.4,857.25,Yes,0-12,95.25,4,1
Female,0,No,No,3,Yes,No,DSL,No,Yes,No,Yes,Yes,Yes,Month-to-month,Yes,Electronic check,75.3,244.1,No,0-12,81.36666666666666,5,1
Male,0,Yes,No,47,Yes,Yes,Fiber optic,No,Yes,No,No,No,No,One year,Yes,Electronic check,78.9,3650.35,No,25-48,77.66702127659575,3,1
Female,0,No,No,31,Yes,No,DSL,No,Yes,Yes,Yes,Yes,Yes,Two year,No,Mailed check,79.2,2497.2,No,25-48,80.55483870967741,6,1
Female,0,Yes,Yes,50,Yes,No,No,No internet service,No internet service,No internet service,No internet service,No internet service,No internet service,Two year,No,Bank transfer (automatic),20.15,930.9,No,49-60,18.618,1,0
Male,0,No,No,10,Yes,No,Fiber optic,Yes,No,Yes,No,No,No,Month-to-month,Yes,Mailed check,79.85,887.35,No,0-12,88.735,3,1
Male,0,No,No,1,Yes,No,DSL,No,No,No,Yes,No,No,Month-to-month,No,Mailed check,49.05,49.05,No,0-12,49.05,2,1
Female,0,Yes,Yes,52,Yes,No,No,No internet service,No internet service,No internet service,No internet service,No internet service,No internet service,One year,Yes,Electronic check,20.4,1090.65,No,49-60,20.974038461538463,1,0
Male,1,Yes,Yes,64,Yes,Yes,Fiber optic,Yes,No,Yes,Yes,Yes,Yes,Two year,Yes,Bank transfer (automatic),111.6,7099.0,No,60+,110.921875,7,1
Male,0,Yes,Yes,62,Yes,Yes,No,No internet service,No internet service,No internet service,No internet service,No internet service,No internet service,Two year,Yes,Bank transfer (automatic),24.25,1424.6,No,60+,22.97741935483871,2,0
Female,0,No,Yes,3,Yes,No,DSL,Yes,No,No,Yes,No,Yes,Month-to-month,Yes,Bank transfer (automatic),64.5,177.4,No,0-12,59.13333333333333,4,1
Female,1,No,No,56,Yes,Yes,Fiber optic,Yes,Yes,Yes,No,Yes,Yes,One year,No,Electronic check,110.5,6139.5,No,49-60,109.63392857142856,7,1
Female,0,No,No,46,Yes,No,DSL,No,No,No,No,No,Yes,One year,No,Credit card (automatic),55.65,2688.85,No,25-48,58.45326086956521,2,1
Female,0,Yes,Yes,8,Yes,No,DSL,Yes,Yes,No,No,No,No,Month-to-month,No,Mailed check,54.65,482.25,No,0-12,60.28125,3,1
Male,1,No,No,30,Yes,No,DSL,Yes,Yes,No,No,Yes,Yes,Month-to-month,Yes,Electronic check,74.75,2111.3,No,25-48,70.37666666666668,5,1
Female,0,Yes,Yes,45,Yes,Yes,No,No internet service,No internet service,No internet service,No internet service,No internet service,No internet service,One year,Yes,Credit card (automatic),25.9,1216.6,No,25-48,27.035555555555558,2,0
Female,0,No,Yes,1,Yes,No,Fiber optic,No,No,No,No,Yes,No,Month-to-month,Yes,Electronic check,79.35,79.35,Yes,0-12,79.35,2,1
Female,0,Yes,Yes,11,No,No phone service,DSL,Yes,No,No,No,Yes,Yes,Month-to-month,No,Electronic check,50.55,565.35,No,0-12,51.39545454545455,3,1
Female,0,Yes,No,7,Yes,No,Fiber optic,No,No,Yes,No,No,No,Month-to-month,Yes,Bank transfer (automatic),75.15,496.9,Yes,0-12,70.98571428571428,2,1
Female,0,No,No,42,Yes,No,Fiber optic,No,Yes,Yes,Yes,Yes,Yes,Month-to-month,Yes,Bank transfer (automatic),103.8,4327.5,No,25-48,103.03571428571428,6,1
Female,0,Yes,No,49,Yes,No,No,No internet service,No internet service,No internet service,No internet service,No internet service,No internet service,Two year,Yes,Bank transfer (automatic),20.15,973.35,No,49-60,19.864285714285717,1,0
Male,0,No,No,9,Yes,Yes,Fiber optic,No,Yes,No,No,Yes,Yes,Month-to-month,Yes,Credit card (automatic),99.3,918.75,No,0-12,102.08333333333331,5,1
Female,0,Yes,No,35,Yes,No,DSL,Yes,No,No,No,Yes,No,One year,Yes,Bank transfer (automatic),62.15,2215.45,No,25-48,63.29857142857142,3,1
Female,0,Yes,Yes,48,Yes,No,No,No internet service,No internet service,No internet service,No internet service,No internet service,No internet service,Two year,No,Bank transfer (automatic),20.65,1057.0,No,25-48,22.02083333333333,1,0
Female,0,Yes,Yes,46,Yes,No,No,No internet service,No internet service,No internet service,No internet service,No internet service,No internet service,Two year,Yes,Mailed check,19.95,927.1,No,25-48,20.15434782608696,1,0
Male,0,Yes,No,29,No,No phone service,DSL,No,No,No,No,Yes,No,Month-to-month,No,Mailed check,33.75,1009.25,No,25-48,34.80172413793103,1,1
Male,0,Yes,Yes,30,Yes,No,Fiber optic,No,Yes,Yes,No,No,No,Month-to-month,No,Bank transfer (automatic),82.05,2570.2,No,25-48,85.67333333333333,3,1
Male,1,No,No,1,Yes,No,Fiber optic,No,No,No,Yes,No,No,Month-to-month,No,Electronic check,74.7,74.7,No,0-12,74.7,2,1
Male,0,Yes,Yes,66,Yes,Yes,DSL,Yes,No,Yes,Yes,Yes,Yes,Two year,Yes,Mailed check,84.0,5714.25,No,60+,86.57954545454545,7,1
Female,0,No,No,65,Yes,Yes,Fiber optic,Yes,Yes,Yes,No,Yes,Yes,Month-to-month,Yes,Credit card (automatic),111.05,7107.0,No,60+,109.33846153846154,7,1
Male,0,No,No,72,Yes,Yes,Fiber optic,No,Yes,Yes,No,Yes,Yes,Two year,Yes,Bank transfer (automatic),100.9,7459.05,No,60+,103.59791666666666,6,1
Female,0,No,No,12,Yes,Yes,Fiber optic,Yes,No,No,No,No,No,Month-to-month,Yes,Electronic check,78.95,927.35,Yes,0-12,77.27916666666667,3,1
Male,0,Yes,Yes,71,Yes,Yes,DSL,Yes,Yes,No,Yes,No,No,One year,Yes,Credit card (automatic),66.85,4748.7,No,60+,66.8830985915493,5,1
Male,0,No,No,5,Yes,No,No,No internet service,No internet service,No internet service,No internet service,No internet service,No internet service,Month-to-month,No,Mailed check,21.05,113.85,Yes,0-12,22.77,1,0
Male,0,No,No,52,Yes,No,No,No internet service,No internet service,No internet service,No internet service,No internet service,No internet service,Two year,No,Bank transfer (automatic),21.0,1107.2,No,49-60,21.29230769230769,1,0
Female,1,Yes,No,25,Yes,No,Fiber optic,No,Yes,Yes,No,Yes,Yes,Month-to-month,Yes,Electronic check,98.5,2514.5,Yes,25-48,100.58,5,1
Male,0,No,No,1,Yes,No,No,No internet service,No internet service,No internet service,No internet service,No internet service,No internet service,Month-to-month,No,Mailed check,20.2,20.2,No,0-12,20.2,1,0
Female,0,Yes,Yes,1,Yes,No,No,No internet service,No internet service,No internet service,No internet service,No internet service,No internet service,Month-to-month,No,Electronic check,19.45,19.45,No,0-12,19.45,1,0
Male,0,No,No,38,Yes,Yes,Fiber optic,No,No,Yes,Yes,Yes,No,One year,No,Bank transfer (automatic),95.0,3605.6,No,25-48,94.88421052631578,5,1
Female,1,Yes,No,66,No,No phone service,DSL,No,Yes,Yes,No,Yes,No,One year,No,Bank transfer (automatic),45.55,3027.25,No,60+,45.86742424242424,3,1
Male,0,Yes,No,68,Yes,Yes,Fiber optic,No,Yes,Yes,Yes,Yes,Yes,Two year,Yes,Bank transfer (automatic),110.0,7611.85,Yes,60+,111.93897058823528,7,1
Male,0,No,No,5,No,No phone service,DSL,No,No,No,No,No,No,Month-to-month,No,Mailed check,24.3,100.2,No,0-12,20.04,0,1
Female,0,Yes,Yes,72,Yes,Yes,Fiber optic,Yes,Yes,No,No,Yes,Yes,One year,Yes,Electronic check,104.15,7303.05,No,60+,101.43125,6,1
Female,0,No,No,32,No,No phone service,DSL,Yes,No,No,No,No,No,One year,No,Mailed check,30.15,927.65,No,25-48,28.9890625,1,1
Male,0,No,No,43,Yes,Yes,Fiber optic,No,No,No,No,Yes,Yes,One year,No,Mailed check,94.35,3921.3,No,25-48,91.19302325581396,4,1
Male,0,Yes,Yes,72,Yes,No,No,No internet service,No internet service,No internet service,No internet service,No internet service,No internet service,Two year,No,Credit card (automatic),19.4,1363.25,No,60+,18.93402777777778,1,0
Male,0,Yes,No,55,Yes,Yes,Fiber optic,Yes,Yes,No,No,Yes,No,Month-to-month,Yes,Electronic check,96.75,5238.9,Yes,49-60,95.25272727272728,5,1
Female,0,No,No,52,Yes,No,DSL,Yes,No,Yes,Yes,No,No,One year,No,Credit card (automatic),57.95,3042.25,No,49-60,58.50480769230769,4,1
Female,0,No,No,43,Yes,No,Fiber optic,No,Yes,Yes,No,Yes,No,Month-to-month,Yes,Electronic check,91.65,3954.1,No,25-48,91.95581395348836,4,1
Female,1,Yes,No,37,Yes,Yes,Fiber optic,No,No,No,No,No,No,Month-to-month,Yes,Electronic check,76.5,2868.15,Yes,25-48,77.51756756756757,2,1
Female,0,Yes,Yes,64,No,No phone service,DSL,No,Yes,No,Yes,Yes,Yes,Two year,Yes,Electronic check,54.6,3423.5,No,60+,53.4921875,4,1
Male,0,Yes,Yes,3,Yes,No,Fiber optic,Yes,Yes,No,No,Yes,No,Month-to-month,No,Electronic check,89.85,248.4,No,0-12,82.8,4,1
Female,0,No,No,36,No,No phone service,DSL,Yes,No,No,No,No,No,Two year,No,Bank transfer (automatic),31.05,1126.35,No,25-48,31.2875,1,1
Female,0,Yes,Yes,10,Yes,Yes,Fiber optic,Yes,No,No,No,Yes,Yes,Month-to-month,Yes,Electronic check,100.25,1064.65,Yes,0-12,106.465,5,1
Female,0,No,No,41,Yes,No,No,No internet service,No internet service,No internet service,No internet service,No internet service,No internet service,Two year,No,Mailed check,20.65,835.15,No,25-48,20.36951219512195,1,0
Male,0,Yes,Yes,27,Yes,Yes,Fiber optic,No,Yes,No,Yes,No,No,Month-to-month,Yes,Credit card (automatic),85.2,2151.6,No,25-48,79.68888888888888,4,1
Female,0,Yes,Yes,56,Yes,Yes,Fiber optic,No,No,Yes,No,Yes,Yes,One year,Yes,Credit card (automatic),99.8,5515.45,No,49-60,98.49017857142856,5,1
Female,0,No,No,6,Yes,No,No,No internet service,No internet service,No internet service,No internet service,No internet service,No internet service,Month-to-month,No,Mailed check,20.7,112.75,No,0-12,18.791666666666668,1,0
Male,0,No,No,3,Yes,Yes,Fiber optic,No,No,No,No,No,No,Month-to-month,Yes,Electronic check,74.4,229.55,Yes,0-12,76.51666666666667,2,1
Female,0,Yes,Yes,7,Yes,No,DSL,Yes,No,No,No,No,No,Month-to-month,No,Mailed check,50.7,350.35,No,0-12,50.05,2,1
Female,0,Yes,Yes,4,Yes,No,No,No internet service,No internet service,No internet service,No internet service,No internet service,No internet service,Month-to-month,No,Mailed check,20.85,62.9,No,0-12,15.725,1,0
Male,0,No,No,33,Yes,No,Fiber optic,Yes,No,No,Yes,Yes,No,Two year,Yes,Electronic check,88.95,3027.65,No,25-48,91.7469696969697,4,1
Female,1,No,No,27,Yes,Yes,Fiber optic,No,No,Yes,No,No,No,Month-to-month,Yes,Electronic check,78.05,2135.5,Yes,25-48,79.0925925925926,3,1
Male,0,Yes,No,72,Yes,Yes,No,No internet service,No internet service,No internet service,No internet service,No internet service,No internet service,Two year,Yes,Bank transfer (automatic),23.55,1723.95,No,60+,23.94375,2,0
Male,0,No,No,1,Yes,No,No,No internet service,No internet service,No internet service,No internet service,No internet service,No internet service,Month-to-month,No,Mailed check,19.75,19.75,No,0-12,19.75,1,0
Male,1,No,No,71,No,No phone service,DSL,Yes,Yes,No,No,Yes,Yes,One year,Yes,Electronic check,56.45,3985.35,No,60+,56.131690140845066,4,1
Female,0,No,No,13,Yes,Yes,Fiber optic,No,No,No,No,No,Yes,Month-to-month,Yes,Electronic check,85.95,1215.65,No,13-24,93.51153846153846,3,1
Female,0,Yes,Yes,25,No,No phone service,DSL,Yes,Yes,Yes,No,Yes,Yes,Month-to-month,Yes,Credit card (automatic),58.6,1502.65,Yes,25-48,60.106,5,1
Male,0,No,No,67,Yes,No,DSL,No,No,No,Yes,No,No,Two year,No,Bank transfer (automatic),50.55,3260.1,No,60+,48.65820895522388,2,1
Male,0,No,No,1,No,No phone service,DSL,No,No,No,No,No,Yes,Month-to-month,Yes,Electronic check,35.45,35.45,Yes,0-12,35.45,1,1
Male,0,No,No,2,Yes,No,DSL,No,No,No,No,No,No,Month-to-month,No,Electronic check,44.35,81.25,Yes,0-12,40.625,1,1
Female,0,No,No,43,Yes,Yes,No,No internet service,No internet service,No internet service,No internet service,No internet service,No internet service,Two year,Yes,Credit card (automatic),25.7,1188.2,No,25-48,27.632558139534886,2,0
Female,0,No,No,23,Yes,No,Fiber optic,Yes,No,No,No,No,No,Month-to-month,Yes,Bank transfer (automatic),75.0,1778.5,No,13-24,77.32608695652173,2,1
Female,0,Yes,Yes,64,Yes,No,No,No internet service,No internet service,No internet service,No internet service,No internet service,No internet service,Two year,No,Mailed check,20.2,1277.75,No,60+,19.96484375,1,0
Male,0,No,Yes,57,Yes,No,No,No internet service,No internet service,No internet service,No internet service,No internet service,No internet service,Two year,Yes,Mailed check,19.6,1170.55,No,49-60,20.5359649122807,1,0
Female,1,Yes,No,1,Yes,No,Fiber optic,No,No,No,No,No,No,Month-to-month,Yes,Mailed check,70.45,70.45,Yes,0-12,70.45,1,1
Female,1,Yes,Yes,72,Yes,Yes,DSL,Yes,Yes,Yes,Yes,Yes,Yes,Two year,Yes,Credit card (automatic),88.05,6425.65,No,60+,89.24513888888889,8,1
Female,0,No,No,8,Yes,Yes,DSL,Yes,No,No,Yes,No,Yes,Month-to-month,No,Electronic check,71.15,563.65,Yes,0-12,70.45625,5,1
Female,0,Yes,No,61,Yes,Yes,Fiber optic,No,Yes,No,No,Yes,Yes,Two year,Yes,Bank transfer (automatic),101.05,5971.25,No,60+,97.88934426229508,5,1
Male,0,No,No,64,Yes,Yes,Fiber optic,Yes,Yes,No,No,No,No,One year,Yes,Credit card (automatic),84.3,5289.05,No,60+,82.64140625,4,1
Male,1,Yes,No,71,Yes,Yes,No,No internet service,No internet service,No internet service,No internet service,No internet service,No internet service,Two year,No,Bank transfer (automatic),23.95,1756.2,No,60+,24.735211267605635,2,0
Female,0,Yes,Yes,65,Yes,Yes,Fiber optic,Yes,Yes,No,Yes,Yes,No,Two year,Yes,Credit card (automatic),99.05,6416.7,No,60+,98.71846153846154,6,1
Male,0,No,No,3,Yes,No,No,No internet service,No internet service,No internet service,No internet service,No internet service,No internet service,One year,No,Mailed check,19.6,61.35,No,0-12,20.45,1,0
Male,0,No,No,1,Yes,No,DSL,No,No,No,No,No,No,Month-to-month,Yes,Electronic check,45.65,45.65,Yes,0-12,45.65,1,1
Male,0,No,Yes,30,Yes,No,DSL,No,Yes,Yes,No,Yes,No,One year,No,Credit card (automatic),64.5,1929.95,No,25-48,64.33166666666666,4,1
Male,0,Yes,Yes,15,Yes,No,DSL,No,Yes,Yes,Yes,No,Yes,Month-to-month,Yes,Mailed check,69.5,1071.4,No,13-24,71.42666666666668,5,1
Female,0,Yes,Yes,8,Yes,No,DSL,No,No,No,Yes,Yes,Yes,Month-to-month,Yes,Electronic check,68.55,564.35,No,0-12,70.54375,4,1
Male,0,No,No,7,Yes,Yes,Fiber optic,No,No,No,No,Yes,Yes,Month-to-month,No,Mailed check,95.0,655.5,Yes,0-12,93.64285714285714,4,1
Female,0,Yes,Yes,70,Yes,Yes,Fiber optic,Yes,Yes,Yes,No,Yes,Yes,One year,Yes,Credit card (automatic),108.15,7930.55,No,60+,113.29357142857144,7,1
Male,0,Yes,Yes,62,Yes,No,DSL,Yes,Yes,Yes,Yes,Yes,Yes,Two year,No,Electronic check,86.1,5215.25,No,60+,84.11693548387096,7,1
Female,0,Yes,Yes,6,Yes,No,No,No internet service,No internet service,No internet service,No internet service,No internet service,No internet service,Month-to-month,No,Mailed check,19.7,113.5,No,0-12,18.916666666666668,1,0
Female,0,Yes,Yes,14,Yes,No,Fiber optic,No,No,No,No,No,Yes,Month-to-month,Yes,Bank transfer (automatic),80.9,1152.8,No,13-24,82.34285714285714,2,1
Female,0,No,No,22,Yes,Yes,Fiber optic,No,No,No,No,Yes,No,Month-to-month,Yes,Bank transfer (automatic),84.15,1821.95,No,13-24,82.81590909090909,3,1
Male,0,Yes,Yes,22,Yes,No,No,No internet service,No internet service,No internet service,No internet service,No internet service,No internet service,One year,No,Mailed check,20.15,419.9,No,13-24,19.08636363636364,1,0
Male,0,Yes,Yes,16,Yes,No,DSL,Yes,No,Yes,No,Yes,No,Two year,No,Mailed check,64.25,1024.0,No,13-24,64.0,4,1
Male,0,No,No,10,Yes,Yes,No,No internet service,No internet service,No internet service,No internet service,No internet service,No internet service,Two year,No,Bank transfer (automatic),25.7,251.6,No,0-12,25.16,2,0
Female,0,No,Yes,13,Yes,No,DSL,Yes,Yes,No,No,No,No,Month-to-month,Yes,Electronic check,56.0,764.55,No,13-24,58.81153846153846,3,1
Female,0,Yes,No,20,Yes,Yes,Fiber optic,Yes,No,No,No,No,No,Month-to-month,No,Electronic check,82.4,1592.35,Yes,13-24,79.61749999999999,3,1
Female,0,No,No,2,Yes,No,Fiber optic,No,No,No,No,No,No,Month-to-month,Yes,Electronic check,69.7,135.2,No,0-12,67.6,1,1
Male,0,No,No,53,Yes,Yes,DSL,No,Yes,Yes,Yes,No,Yes,Two year,Yes,Bank transfer (automatic),73.9,3958.25,No,49-60,74.68396226415095,6,1
Female,0,Yes,Yes,11,Yes,No,No,No internet service,No internet service,No internet service,No internet service,No internet service,No internet service,One year,No,Mailed check,20.6,233.9,No,0-12,21.263636363636365,1,0
Male,0,Yes,No,69,Yes,No,No,No internet service,No internet service,No internet service,No internet service,No internet service,No internet service,Two year,No,Mailed check,19.9,1363.45,No,60+,19.76014492753623,1,0
Female,0,No,No,4,Yes,No,Fiber optic,No,No,No,No,No,No,Month-to-month,Yes,Bank transfer (automatic),70.9,273.0,Yes,0-12,68.25,1,1
Male,0,Yes,No,72,Yes,Yes,DSL,Yes,Yes,Yes,Yes,Yes,Yes,Two year,Yes,Bank transfer (automatic),89.05,6254.45,No,60+,86.86736111111111,8,1
Male,1,Yes,No,58,No,No phone service,DSL,No,Yes,Yes,No,No,Yes,Month-to-month,Yes,Electronic check,45.3,2651.2,Yes,49-60,45.710344827586205,3,1
Female,0,Yes,Yes,16,Yes,No,No,No internet service,No internet service,No internet service,No internet service,No internet service,No internet service,Month-to-month,No,Electronic check,20.4,321.4,No,13-24,20.0875,1,0
Male,0,Yes,No,43,Yes,No,Fiber optic,Yes,No,Yes,Yes,No,No,One year,Yes,Bank transfer (automatic),84.25,3539.25,No,25-48,82.30813953488372,4,1
Female,0,Yes,No,2,Yes,Yes,Fiber optic,No,No,Yes,Yes,Yes,Yes,Month-to-month,Yes,Electronic check,104.4,242.8,Yes,0-12,121.4,6,1
Male,0,Yes,No,14,Yes,No,DSL,No,Yes,Yes,Yes,Yes,Yes,Two year,No,Mailed check,81.95,1181.75,No,13-24,84.41071428571429,6,1
Female,0,Yes,No,53,Yes,No,Fiber optic,No,No,Yes,No,Yes,Yes,One year,Yes,Bank transfer (automatic),94.85,5000.2,Yes,49-60,94.3433962264151,4,1
Female,0,No,No,32,Yes,No,No,No internet service,No internet service,No internet service,No internet service,No internet service,No internet service,One year,No,Bank transfer (automatic),20.55,654.55,No,25-48,20.4546875,1,0
Female,0,Yes,No,34,Yes,Yes,No,No internet service,No internet service,No internet service,No internet service,No internet service,No internet service,Month-to-month,No,Electronic check,24.7,780.2,No,25-48,22.947058823529414,2,0
Female,1,No,No,15,Yes,Yes,Fiber optic,No,No,No,No,No,No,Month-to-month,Yes,Mailed check,74.45,1145.7,Yes,13-24,76.38000000000001,2,1
Female,1,No,No,7,Yes,No,Fiber optic,Yes,No,No,No,No,No,Month-to-month,No,Bank transfer (automatic),76.45,503.6,Yes,0-12,71.94285714285715,2,1
Female,0,Yes,Yes,15,Yes,Yes,Fiber optic,No,Yes,Yes,No,Yes,Yes,Month-to-month,Yes,Bank transfer (automatic),105.35,1559.25,No,13-24,103.95,6,1
Male,0,Yes,No,61,Yes,No,No,No internet service,No internet service,No internet service,No internet service,No internet service,No internet service,One year,Yes,Credit card (automatic),20.55,1252.0,No,60+,20.524590163934427,1,0
Female,0,No,No,1,No,No phone service,DSL,No,Yes,No,No,No,No,Month-to-month,No,Bank transfer (automatic),29.95,29.95,Yes,0-12,29.95,1,1
Female,0,No,No,1,Yes,No,DSL,No,No,No,No,No,No,Month-to-month,No,Mailed check,45.3,45.3,No,0-12,45.3,1,1
Male,0,No,No,8,Yes,Yes,Fiber optic,No,No,No,No,No,Yes,Month-to-month,No,Bank transfer (automatic),84.5,662.65,Yes,0-12,82.83125,3,1
Male,0,Yes,Yes,33,Yes,No,DSL,Yes,No,Yes,No,Yes,Yes,One year,No,Credit card (automatic),74.75,2453.3,No,25-48,74.34242424242424,5,1
Female,0,No,No,13,Yes,No,Fiber optic,No,Yes,Yes,No,No,No,Month-to-month,Yes,Electronic check,79.25,1111.65,Yes,13-24,85.51153846153846,3,1
Female,0,Yes,No,1,No,No phone service,DSL,No,No,No,No,No,No,Month-to-month,Yes,Electronic check,24.8,24.8,Yes,0-12,24.8,0,1
Male,0,No,No,20,Yes,No,DSL,No,Yes,No,No,No,No,Month-to-month,Yes,Mailed check,51.8,1023.85,No,13-24,51.1925,2,1
Male,0,No,No,3,No,No phone service,DSL,No,No,No,Yes,No,No,Month-to-month,No,Electronic check,30.4,82.15,No,0-12,27.383333333333336,1,1
Female,0,No,No,13,Yes,No,No,No internet service,No internet service,No internet service,No internet service,No internet service,No internet service,One year,No,Electronic check,19.65,244.8,No,13-24,18.83076923076923,1,0
Female,0,Yes,No,40,Yes,Yes,DSL,No,Yes,No,No,No,No,Month-to-month,No,Credit card (automatic),56.6,2379.1,No,25-48,59.4775,3,1
Male,0,Yes,Yes,43,Yes,Yes,DSL,Yes,No,No,Yes,No,Yes,One year,Yes,Credit card (automatic),71.9,3173.35,No,25-48,73.79883720930232,5,1
Male,0,Yes,No,6,Yes,No,Fiber optic,No,Yes,Yes,No,No,Yes,Month-to-month,Yes,Electronic check,91.0,531.0,Yes,0-12,88.5,4,1
Female,0,Yes,Yes,69,Yes,No,No,No internet service,No internet service,No internet service,No internet service,No internet service,No internet service,Two year,No,Bank transfer (automatic),19.75,1375.4,No,60+,19.933333333333334,1,0
Female,0,Yes,Yes,72,Yes,Yes,Fiber optic,Yes,Yes,Yes,No,Yes,Yes,Two year,No,Credit card (automatic),109.7,8129.3,No,60+,112.90694444444443,7,1
Male,0,Yes,Yes,59,Yes,No,No,No internet service,No internet service,No internet service,No internet service,No internet service,No internet service,Two year,No,Credit card (automatic),19.3,1192.7,No,49-60,20.215254237288136,1,0
Female,0,Yes,No,20,Yes,No,Fiber optic,Yes,Yes,No,Yes,Yes,No,Month-to-month,Yes,Electronic check,96.55,1901.65,No,13-24,95.0825,5,1
Male,0,Yes,Yes,24,Yes,Yes,No,No internet service,No internet service,No internet service,No internet service,No internet service,No internet service,Two year,Yes,Bank transfer (automatic),24.1,587.4,No,13-24,24.475,2,0
Male,0,No,No,59,Yes,Yes,Fiber optic,No,Yes,Yes,Yes,Yes,Yes,Month-to-month,Yes,Electronic check,111.35,6519.75,No,49-60,110.5042372881356,7,1
Male,0,Yes,Yes,72,Yes,Yes,Fiber optic,No,Yes,Yes,Yes,Yes,Yes,Two year,Yes,Bank transfer (automatic),112.25,8041.65,No,60+,111.68958333333332,7,1
Male,0,No,Yes,1,Yes,No,No,No internet service,No internet service,No internet service,No internet service,No internet service,No internet service,Month-to-month,No,Mailed check,20.75,20.75,No,0-12,20.75,1,0
Female,0,Yes,No,27,Yes,No,Fiber optic,Yes,No,No,Yes,Yes,Yes,One year,Yes,Credit card (automatic),101.9,2681.15,No,25-48,99.30185185185184,5,1
Female,0,No,No,14,Yes,No,Fiber optic,No,Yes,No,Yes,No,No,Month-to-month,Yes,Credit card (automatic),80.05,1112.3,No,13-24,79.45,3,1
Male,0,Yes,Yes,71,Yes,Yes,Fiber optic,Yes,No,Yes,No,Yes,Yes,Two year,No,Electronic check,105.55,7405.5,No,60+,104.30281690140843,6,1
Male,0,No,Yes,13,Yes,No,Fiber optic,No,No,No,No,Yes,No,Month-to-month,Yes,Credit card (automatic),78.3,1033.95,No,13-24,79.53461538461539,2,1
Male,0,No,No,44,Yes,No,Fiber optic,No,No,No,No,No,No,Month-to-month,No,Credit card (automatic),68.85,2958.95,No,25-48,67.24886363636364,1,1
Female,0,No,No,33,Yes,No,Fiber optic,No,Yes,No,Yes,No,No,One year,Yes,Bank transfer (automatic),79.95,2684.85,No,25-48,81.35909090909091,3,1
Male,0,Yes,Yes,72,No,No phone service,DSL,Yes,Yes,Yes,Yes,No,Yes,Two year,Yes,Credit card (automatic),55.45,4179.2,No,60+,58.04444444444445,5,1
Male,0,No,No,1,Yes,No,Fiber optic,No,No,No,No,No,Yes,Month-to-month,No,Electronic check,79.9,79.9,Yes,0-12,79.9,2,1
Female,0,No,No,19,Yes,No,Fiber optic,Yes,No,Yes,Yes,Yes,Yes,Month-to-month,Yes,Electronic check,106.6,1934.45,Yes,13-24,101.81315789473685,6,1
Male,0,Yes,No,64,Yes,No,Fiber optic,No,Yes,Yes,Yes,Yes,Yes,One year,Yes,Credit card (automatic),102.45,6654.1,No,60+,103.9703125,6,1
Male,0,No,No,2,Yes,No,DSL,No,No,No,No,No,No,Month-to-month,Yes,Credit card (automatic),46.0,84.5,Yes,0-12,42.25,1,1
Female,0,No,No,1,No,No phone service,DSL,No,No,No,No,No,No,Month-to-month,No,Electronic check,25.25,25.25,No,0-12,25.25,0,1
Male,0,No,Yes,61,Yes,No,No,No internet service,No internet service,No internet service,No internet service,No internet service,No internet service,Two year,No,Mailed check,19.75,1124.2,No,60+,18.42950819672131,1,0
Female,0,Yes,Yes,29,Yes,No,No,No internet service,No internet service,No internet service,No internet service,No internet service,No internet service,One year,No,Electronic check,20.0,540.05,No,25-48,18.622413793103448,1,0
Male,1,Yes,No,23,Yes,Yes,Fiber optic,No,No,No,No,No,Yes,Month-to-month,No,Electronic check,86.8,1975.85,No,13-24,85.90652173913043,3,1
Female,0,Yes,No,57,No,No phone service,DSL,Yes,Yes,Yes,No,Yes,Yes,Month-to-month,Yes,Bank transfer (automatic),58.75,3437.45,No,49-60,60.30614035087719,5,1
Male,0,Yes,Yes,72,No,No phone service,DSL,Yes,Yes,Yes,Yes,No,No,Two year,No,Credit card (automatic),45.25,3139.8,No,60+,43.60833333333333,4,1
Male,0,Yes,No,66,No,No phone service,DSL,Yes,Yes,Yes,Yes,Yes,No,Two year,Yes,Bank transfer (automatic),56.6,3789.2,No,60+,57.41212121212121,5,1
Male,0,Yes,Yes,65,Yes,Yes,DSL,No,Yes,Yes,Yes,Yes,Yes,Two year,Yes,Bank transfer (automatic),84.2,5324.5,No,60+,81.91538461538461,7,1
Female,0,No,No,8,Yes,No,Fiber optic,No,No,No,No,Yes,No,Month-to-month,Yes,Bank transfer (automatic),80.0,624.6,No,0-12,78.075,2,1
Female,0,No,No,4,Yes,No,Fiber optic,No,No,No,No,No,No,Month-to-month,Yes,Electronic check,70.15,268.35,Yes,0-12,67.0875,1,1
Female,0,Yes,No,71,Yes,Yes,No,No internet service,No internet service,No internet service,No internet service,No internet service,No internet service,Two year,No,Bank transfer (automatic),24.75,1836.9,No,60+,25.87183098591549,2,0
Male,0,Yes,Yes,1,Yes,No,No,No internet service,No internet service,No internet service,No internet service,No internet service,No internet service,One year,Yes,Electronic check,20.2,20.2,No,0-12,20.2,1,0
Male,0,Yes,No,4,Yes,No,DSL,No,No,No,Yes,No,No,Month-to-month,No,Mailed check,50.05,179.35,Yes,0-12,44.8375,2,1
Female,0,No,No,12,Yes,No,No,No internet service,No internet service,No internet service,No internet service,No internet service,No internet service,One year,Yes,Bank transfer (automatic),19.35,219.35,No,0-12,18.279166666666665,1,0
Male,0,No,No,24,No,No phone service,DSL,Yes,No,No,No,Yes,Yes,One year,Yes,Mailed check,50.6,1288.75,No,13-24,53.69791666666666,3,1
Female,0,Yes,Yes,31,Yes,No,DSL,Yes,No,Yes,Yes,Yes,Yes,One year,Yes,Mailed check,81.15,2545.75,No,25-48,82.12096774193549,6,1
Female,0,Yes,No,1,Yes,No,DSL,No,No,No,No,Yes,No,Month-to-month,No,Mailed check,55.2,55.2,Yes,0-12,55.2,2,1
Male,0,No,No,30,Yes,Yes,Fiber optic,No,No,No,Yes,No,Yes,Month-to-month,Yes,Credit card (automatic),89.9,2723.15,No,25-48,90.77166666666668,4,1
Female,0,Yes,Yes,47,Yes,Yes,DSL,Yes,Yes,No,Yes,Yes,Yes,Two year,Yes,Credit card (automatic),85.3,4107.25,No,25-48,87.38829787234043,7,1
Male,0,No,No,54,Yes,Yes,Fiber optic,Yes,Yes,No,Yes,Yes,Yes,Two year,Yes,Credit card (automatic),108.0,5760.65,No,49-60,106.6787037037037,7,1
Male,0,No,No,50,Yes,No,Fiber optic,Yes,Yes,No,Yes,No,Yes,Month-to-month,Yes,Credit card (automatic),93.5,4747.5,No,49-60,94.95,5,1
Male,0,No,No,1,Yes,No,Fiber optic,Yes,No,No,No,No,Yes,Month-to-month,Yes,Mailed check,84.6,84.6,Yes,0-12,84.6,3,1
Female,0,No,No,72,Yes,No,No,No internet service,No internet service,No internet service,No internet service,No internet service,No internet service,Two year,No,Credit card (automatic),20.25,1566.9,No,60+,21.762500000000003,1,0
Female,0,No,No,29,Yes,Yes,No,No internet service,No internet service,No internet service,No internet service,No internet service,No internet service,Month-to-month,No,Electronic check,25.15,702.0,No,25-48,24.20689655172414,2,0
Male,0,No,No,2,Yes,Yes,DSL,No,Yes,No,No,No,No,Month-to-month,Yes,Mailed check,54.4,114.1,Yes,0-12,57.05,3,1
Female,0,No,No,10,No,No phone service,DSL,No,No,No,Yes,No,No,Two year,Yes,Mailed check,29.6,299.05,No,0-12,29.905,1,1
Male,0,Yes,No,18,Yes,Yes,Fiber optic,No,No,No,No,No,No,Month-to-month,Yes,Electronic check,73.15,1305.95,No,13-24,72.55277777777778,2,1
Female,1,No,No,11,Yes,No,Fiber optic,No,Yes,No,No,Yes,Yes,Month-to-month,Yes,Electronic check,95.0,1120.3,Yes,0-12,101.84545454545454,4,1
Male,0,No,No,16,Yes,No,No,No internet service,No internet service,No internet service,No internet service,No internet service,No internet service,Two year,No,Mailed check,19.75,284.35,No,13-24,17.771875,1,0
Female,0,No,No,72,Yes,Yes,DSL,No,Yes,Yes,Yes,Yes,Yes,Two year,No,Bank transfer (automatic),86.6,6350.5,No,60+,88.20138888888889,7,1
Male,0,No,No,72,Yes,Yes,Fiber optic,No,Yes,Yes,Yes,Yes,Yes,Two year,No,Bank transfer (automatic),109.2,7878.3,No,60+,109.42083333333332,7,1
Female,0,Yes,Yes,41,Yes,No,DSL,Yes,No,No,Yes,Yes,Yes,One year,Yes,Credit card (automatic),74.7,3187.65,No,25-48,77.74756097560976,5,1
Female,1,Yes,No,65,Yes,No,Fiber optic,Yes,Yes,Yes,No,No,Yes,Month-to-month,No,Electronic check,94.4,6126.15,No,60+,94.24846153846153,5,1
Female,1,No,No,13,Yes,No,DSL,No,Yes,Yes,No,No,No,Month-to-month,Yes,Electronic check,54.8,731.3,No,13-24,56.25384615384615,3,1
Male,1,No,No,4,Yes,No,Fiber optic,Yes,No,No,No,No,No,Month-to-month,No,Electronic check,75.35,273.4,No,0-12,68.35,2,1
Male,0,No,No,41,Yes,Yes,DSL,No,No,Yes,No,No,Yes,One year,No,Mailed check,65.0,2531.8,No,25-48,61.75121951219513,4,1
Male,1,No,No,15,Yes,No,Fiber optic,No,Yes,No,No,No,No,Month-to-month,Yes,Electronic check,74.4,1074.3,Yes,13-24,71.61999999999999,2,1
Male,0,No,No,1,Yes,No,DSL,Yes,No,No,No,No,No,Month-to-month,Yes,Mailed check,48.55,48.55,Yes,0-12,48.55,2,1
Male,0,No,No,42,Yes,Yes,Fiber optic,Yes,Yes,Yes,No,No,Yes,One year,Yes,Electronic check,99.0,4298.45,No,25-48,102.3440476190476,6,1
Female,0,Yes,No,51,Yes,No,Fiber optic,Yes,Yes,Yes,No,Yes,No,One year,Yes,Electronic check,93.5,4619.55,No,49-60,90.57941176470588,5,1
Female,0,Yes,Yes,2,Yes,No,Fiber optic,No,No,No,No,No,No,Month-to-month,No,Electronic check,70.4,147.15,Yes,0-12,73.575,1,1
Male,1,Yes,No,1,No,No phone service,DSL,No,Yes,No,No,Yes,No,Month-to-month,No,Electronic check,40.2,40.2,Yes,0-12,40.2,2,1
Male,0,No,Yes,32,Yes,Yes,DSL,No,Yes,Yes,Yes,Yes,Yes,One year,No,Credit card (automatic),83.7,2633.3,No,25-48,82.290625,7,1
Male,0,No,No,10,Yes,No,No,No internet service,No internet service,No internet service,No internet service,No internet service,No internet service,Month-to-month,Yes,Mailed check,19.85,193.05,No,0-12,19.305,1,0
Female,0,Yes,Yes,67,No,No phone service,DSL,No,Yes,Yes,Yes,Yes,Yes,Two year,Yes,Electronic check,59.55,4103.9,No,60+,61.252238805970144,5,1
Female,0,Yes,Yes,61,Yes,Yes,Fiber optic,Yes,Yes,Yes,Yes,Yes,Yes,Two year,No,Credit card (automatic),115.1,7008.15,No,60+,114.88770491803278,8,1
Male,0,No,No,50,Yes,Yes,Fiber optic,Yes,Yes,Yes,Yes,Yes,Yes,One year,No,Credit card (automatic),114.35,5791.1,No,49-60,115.822,8,1
Female,0,Yes,No,2,Yes,No,DSL,No,No,No,No,No,No,Month-to-month,Yes,Credit card (automatic),44.6,80.55,Yes,0-12,40.275,1,1
Female,1,Yes,No,29,No,No phone service,DSL,Yes,No,Yes,No,No,Yes,Month-to-month,Yes,Electronic check,45.0,1228.65,No,25-48,42.36724137931035,3,1
Male,1,No,No,3,No,No phone service,DSL,No,No,Yes,No,No,Yes,Month-to-month,Yes,Electronic check,41.15,132.2,Yes,0-12,44.06666666666666,2,1
Male,1,No,No,13,Yes,Yes,Fiber optic,No,Yes,Yes,No,Yes,Yes,Month-to-month,Yes,Electronic check,106.9,1364.3,Yes,13-24,104.94615384615383,6,1
Male,1,Yes,No,57,Yes,Yes,Fiber optic,No,Yes,No,No,No,Yes,Month-to-month,Yes,Electronic check,89.85,4925.35,No,49-60,86.40964912280702,4,1
Female,0,No,No,31,No,No phone service,DSL,Yes,Yes,No,Yes,No,Yes,Two year,Yes,Bank transfer (automatic),49.85,1520.1,No,25-48,49.03548387096774,4,1
Female,0,Yes,No,45,Yes,Yes,Fiber optic,Yes,Yes,Yes,Yes,Yes,Yes,One year,No,Mailed check,113.3,5032.25,No,25-48,111.82777777777778,8,1
Female,0,Yes,Yes,61,Yes,Yes,DSL,Yes,Yes,Yes,Yes,Yes,Yes,Two year,No,Mailed check,88.1,5526.75,No,60+,90.60245901639344,8,1
Male,0,No,No,50,Yes,Yes,No,No internet service,No internet service,No internet service,No internet service,No internet service,No internet service,Two year,No,Bank transfer (automatic),24.9,1195.25,No,49-60,23.905,2,0
Female,1,No,No,19,Yes,No,Fiber optic,Yes,Yes,No,Yes,Yes,Yes,Month-to-month,Yes,Mailed check,105.0,2007.25,No,13-24,105.64473684210526,6,1
Male,0,No,No,59,Yes,No,No,No internet service,No internet service,No internet service,No internet service,No internet service,No internet service,Two year,No,Mailed check,19.35,1099.6,Yes,49-60,18.63728813559322,1,0
Female,0,Yes,No,71,Yes,Yes,No,No internet service,No internet service,No internet service,No internet service,No internet service,No internet service,Two year,Yes,Credit card (automatic),24.25,1732.95,No,60+,24.40774647887324,2,0
Female,1,No,No,16,Yes,No,Fiber optic,No,No,No,Yes,Yes,Yes,Month-to-month,Yes,Electronic check,94.45,1511.2,Yes,13-24,94.45,4,1
Male,0,Yes,No,57,Yes,No,DSL,Yes,Yes,No,Yes,No,No,Two year,Yes,Electronic check,59.75,3450.15,No,49-60,60.52894736842106,4,1
Male,0,No,No,1,No,No phone service,DSL,No,No,No,No,No,No,Month-to-month,No,Bank transfer (automatic),24.8,24.8,Yes,0-12,24.8,0,1
Male,1,Yes,No,20,Yes,Yes,Fiber optic,No,Yes,No,Yes,Yes,Yes,Month-to-month,No,Electronic check,107.05,2172.05,No,13-24,108.6025,6,1
Male,0,No,No,1,Yes,No,Fiber optic,No,No,No,No,No,No,Month-to-month,No,Mailed check,70.6,70.6,Yes,0-12,70.6,1,1
Male,0,Yes,No,5,Yes,Yes,Fiber optic,No,Yes,No,Yes,No,No,Month-to-month,Yes,Electronic check,85.4,401.1,Yes,0-12,80.22,4,1
Female,0,Yes,No,52,Yes,Yes,Fiber optic,No,Yes,Yes,No,Yes,Yes,Month-to-month,Yes,Electronic check,105.05,5624.85,Yes,49-60,108.17019230769232,6,1
Male,1,Yes,No,21,Yes,No,DSL,Yes,Yes,No,No,No,Yes,Month-to-month,Yes,Bank transfer (automatic),64.95,1339.8,No,13-24,63.8,4,1
Male,0,No,No,14,No,No phone service,DSL,No,No,Yes,Yes,Yes,Yes,Month-to-month,Yes,Electronic check,55.0,771.95,No,13-24,55.13928571428572,4,1
Female,0,No,No,5,Yes,No,DSL,No,Yes,No,No,No,No,Month-to-month,No,Bank transfer (automatic),50.55,244.75,No,0-12,48.95,2,1
Female,0,No,No,6,Yes,No,DSL,Yes,Yes,No,No,No,No,Month-to-month,No,Mailed check,55.15,322.9,No,0-12,53.81666666666666,3,1
Female,0,No,No,10,Yes,No,DSL,No,Yes,No,No,No,No,Month-to-month,No,Electronic check,51.2,498.25,No,0-12,49.825,2,1
Female,0,No,Yes,1,Yes,Yes,No,No internet service,No internet service,No internet service,No internet service,No internet service,No internet service,Month-to-month,No,Mailed check,25.4,25.4,No,0-12,25.4,2,0
Female,0,No,No,68,Yes,Yes,DSL,Yes,No,No,No,No,No,Month-to-month,No,Mailed check,54.45,3687.75,No,60+,54.231617647058826,3,1
Male,0,Yes,Yes,18,Yes,No,Fiber optic,No,No,Yes,No,Yes,Yes,Month-to-month,No,Mailed check,95.15,1779.95,Yes,13-24,98.88611111111112,4,1
Female,0,No,No,22,Yes,Yes,Fiber optic,No,No,No,No,No,No,One year,Yes,Credit card (automatic),76.0,1783.6,No,13-24,81.07272727272726,2,1
Female,0,No,No,20,Yes,No,DSL,No,No,No,No,No,No,Month-to-month,Yes,Electronic check,44.35,927.15,No,13-24,46.3575,1,1
Male,0,Yes,No,1,Yes,No,Fiber optic,No,No,No,No,No,No,Month-to-month,No,Electronic check,70.0,70.0,Yes,0-12,70.0,1,1
Male,1,No,No,8,Yes,No,Fiber optic,No,Yes,No,No,No,No,Month-to-month,Yes,Electronic check,74.5,606.55,Yes,0-12,75.81875,2,1
Male,0,No,No,10,Yes,No,DSL,No,No,No,No,No,No,Month-to-month,Yes,Credit card (automatic),44.85,435.4,Yes,0-12,43.54,1,1
Male,1,No,No,24,Yes,Yes,Fiber optic,No,No,No,No,No,No,Month-to-month,Yes,Electronic check,76.1,1712.7,Yes,13-24,71.3625,2,1
Male,0,No,No,35,Yes,No,DSL,Yes,Yes,Yes,No,No,No,One year,No,Mailed check,61.2,2021.2,No,25-48,57.74857142857143,4,1
Male,0,Yes,Yes,23,Yes,No,Fiber optic,No,Yes,Yes,Yes,No,No,One year,No,Mailed check,86.8,1940.8,No,13-24,84.38260869565217,4,1
Female,1,No,No,6,Yes,No,Fiber optic,No,No,No,No,Yes,Yes,Month-to-month,Yes,Electronic check,89.35,567.8,No,0-12,94.63333333333333,3,1
Female,0,No,No,12,Yes,No,No,No internet service,No internet service,No internet service,No internet service,No internet service,No internet service,Month-to-month,No,Mailed check,19.7,220.35,No,0-12,18.3625,1,0
Male,0,No,No,1,Yes,No,No,No internet service,No internet service,No internet service,No internet service,No internet service,No internet service,Month-to-month,No,Mailed check,20.25,20.25,No,0-12,20.25,1,0
Female,0,Yes,Yes,71,Yes,No,Fiber optic,No,No,Yes,No,No,No,Two year,No,Electronic check,76.05,5436.45,No,60+,76.56971830985916,2,1
Male,1,Yes,No,35,Yes,Yes,Fiber optic,No,No,Yes,No,Yes,Yes,Month-to-month,Yes,Electronic check,100.8,3437.5,No,25-48,98.21428571428572,5,1
Male,0,Yes,Yes,40,Yes,Yes,DSL,No,No,Yes,No,Yes,Yes,Month-to-month,Yes,Electronic check,74.55,3015.75,No,25-48,75.39375,5,1
Female,0,No,Yes,1,Yes,No,Fiber optic,Yes,No,No,No,No,No,Month-to-month,Yes,Mailed check,73.6,73.6,Yes,0-12,73.6,2,1
Male,0,No,No,23,Yes,No,DSL,No,No,No,No,Yes,Yes,One year,Yes,Bank transfer (automatic),64.9,1509.8,No,13-24,65.64347826086956,3,1
Female,1,No,No,4,Yes,Yes,Fiber optic,No,No,No,No,Yes,Yes,Month-to-month,Yes,Electronic check,95.45,396.1,Yes,0-12,99.025,4,1
Male,0,No,No,4,Yes,No,Fiber optic,No,No,Yes,Yes,No,Yes,Month-to-month,Yes,Electronic check,90.4,356.65,No,0-12,89.1625,4,1
Female,0,Yes,Yes,68,No,No phone service,DSL,No,Yes,Yes,Yes,Yes,Yes,Two year,No,Credit card (automatic),60.3,4109.0,No,60+,60.4264705882353,5,1
Male,0,No,Yes,38,Yes,Yes,Fiber optic,No,Yes,No,No,No,No,Month-to-month,Yes,Mailed check,81.85,3141.7,No,25-48,82.67631578947368,3,1
Male,0,Yes,Yes,52,Yes,Yes,No,No internet service,No internet service,No internet service,No internet service,No internet service,No internet service,Two year,No,Mailed check,24.8,1229.1,No,49-60,23.63653846153846,2,0
Male,1,Yes,No,32,Yes,Yes,Fiber optic,No,No,No,No,No,No,Month-to-month,Yes,Electronic check,74.9,2303.35,Yes,25-48,71.9796875,2,1
Male,0,Yes,Yes,29,Yes,No,DSL,No,No,Yes,Yes,Yes,Yes,Two year,No,Mailed check,75.55,2054.4,No,25-48,70.84137931034483,5,1
Male,1,Yes,Yes,38,Yes,Yes,Fiber optic,No,Yes,No,No,Yes,Yes,Month-to-month,No,Electronic check,101.15,3741.85,No,25-48,98.46973684210526,5,1
Male,0,No,Yes,48,Yes,Yes,DSL,Yes,No,Yes,No,Yes,Yes,One year,Yes,Credit card (automatic),78.75,3682.45,No,25-48,76.71770833333333,6,1
Female,0,No,No,1,Yes,No,No,No internet service,No internet service,No internet service,No internet service,No internet service,No internet service,Month-to-month,Yes,Bank transfer (automatic),19.25,19.25,No,0-12,19.25,1,0
Female,0,No,No,22,Yes,No,Fiber optic,Yes,No,No,Yes,No,Yes,Month-to-month,Yes,Electronic check,89.05,1886.25,No,13-24,85.73863636363636,4,1
Female,0,No,No,43,Yes,Yes,Fiber optic,Yes,Yes,Yes,Yes,Yes,Yes,Two year,No,Credit card (automatic),115.05,4895.1,No,25-48,113.83953488372094,8,1
Female,1,Yes,No,5,Yes,No,Fiber optic,No,No,No,No,No,No,Month-to-month,Yes,Electronic check,69.35,341.6,No,0-12,68.32000000000001,1,1
Male,0,No,No,5,Yes,No,Fiber optic,No,No,No,No,Yes,No,Month-to-month,Yes,Electronic check,80.6,415.55,Yes,0-12,83.11,2,1
Male,0,Yes,Yes,51,Yes,Yes,Fiber optic,Yes,Yes,No,Yes,Yes,Yes,One year,No,Credit card (automatic),110.05,5686.4,No,49-60,111.49803921568626,7,1
Male,0,No,No,71,Yes,No,No,No internet service,No internet service,No internet service,No internet service,No internet service,No internet service,Two year,Yes,Credit card (automatic),19.9,1355.1,No,60+,19.085915492957746,1,0
Female,0,Yes,Yes,38,Yes,No,DSL,Yes,Yes,No,Yes,Yes,Yes,One year,No,Credit card (automatic),80.3,3058.65,Yes,25-48,80.49078947368422,6,1
Male,1,Yes,No,24,Yes,No,Fiber optic,No,No,Yes,No,Yes,Yes,Month-to-month,Yes,Electronic check,93.15,2231.05,Yes,13-24,92.96041666666667,4,1
Male,0,Yes,No,35,Yes,Yes,Fiber optic,No,No,No,Yes,Yes,No,Month-to-month,Yes,Credit card (automatic),91.5,3236.35,No,25-48,92.46714285714286,4,1
Female,1,No,No,54,Yes,Yes,DSL,Yes,Yes,No,Yes,Yes,Yes,One year,No,Bank transfer (automatic),82.45,4350.1,Yes,49-60,80.55740740740741,7,1
Female,0,Yes,Yes,72,No,No phone service,DSL,No,Yes,Yes,Yes,Yes,Yes,Two year,Yes,Electronic check,60.0,4264.0,No,60+,59.22222222222222,5,1
Male,0,No,No,1,Yes,No,DSL,No,No,No,No,No,No,Month-to-month,Yes,Electronic check,44.8,44.8,No,0-12,44.8,1,1
Female,0,Yes,Yes,9,Yes,No,DSL,Yes,No,No,No,No,No,One year,No,Mailed check,48.6,422.3,No,0-12,46.922222222222224,2,1
Male,0,No,No,69,No,No phone service,DSL,Yes,Yes,No,Yes,Yes,Yes,Two year,Yes,Bank transfer (automatic),60.05,4176.7,No,60+,60.53188405797101,5,1
Female,0,Yes,No,52,Yes,Yes,Fiber optic,No,Yes,No,Yes,Yes,Yes,Month-to-month,Yes,Credit card (automatic),102.7,5138.1,No,49-60,98.8096153846154,6,1
Female,1,Yes,No,11,Yes,No,Fiber optic,No,No,No,Yes,Yes,No,Month-to-month,Yes,Electronic check,82.9,880.05,No,0-12,80.00454545454545,3,1
Female,1,No,No,2,Yes,No,Fiber optic,No,No,No,No,No,No,Month-to-month,Yes,Electronic check,70.35,139.05,Yes,0-12,69.525,1,1
Female,1,Yes,Yes,28,No,No phone service,DSL,No,No,No,No,Yes,No,Month-to-month,Yes,Electronic check,35.9,973.65,No,25-48,34.77321428571428,1,1
Female,1,No,No,17,Yes,Yes,Fiber optic,No,No,Yes,No,No,No,Month-to-month,Yes,Credit card (automatic),82.65,1470.05,No,13-24,86.4735294117647,3,1
Female,0,Yes,Yes,35,Yes,No,No,No internet service,No internet service,No internet service,No internet service,No internet service,No internet service,Two year,Yes,Mailed check,19.85,739.35,No,25-48,21.124285714285715,1,0
Female,0,No,No,8,Yes,No,No,No internet service,No internet service,No internet service,No internet service,No internet service,No internet service,One year,Yes,Mailed check,19.2,161.95,No,0-12,20.24375,1,0
Male,0,No,No,46,Yes,Yes,Fiber optic,No,Yes,Yes,No,Yes,No,One year,Yes,Credit card (automatic),94.9,4422.95,No,25-48,96.15108695652174,5,1
Female,0,No,No,7,Yes,Yes,Fiber optic,No,No,No,No,No,No,Month-to-month,Yes,Electronic check,73.85,511.25,Yes,0-12,73.03571428571429,2,1
Female,0,No,No,2,Yes,Yes,Fiber optic,No,No,Yes,No,No,No,Month-to-month,No,Mailed check,80.6,155.8,Yes,0-12,77.9,3,1
Male,0,Yes,Yes,68,Yes,Yes,DSL,No,Yes,Yes,Yes,No,Yes,One year,Yes,Bank transfer (automatic),75.8,5293.95,Yes,60+,77.85220588235293,6,1
Female,0,No,No,43,Yes,Yes,Fiber optic,No,Yes,Yes,No,Yes,Yes,Two year,Yes,Electronic check,104.6,4759.85,Yes,25-48,110.69418604651165,6,1
Female,0,No,No,68,Yes,Yes,DSL,Yes,Yes,Yes,Yes,Yes,Yes,Two year,Yes,Electronic check,88.15,6148.45,No,60+,90.41838235294118,8,1
Female,0,No,No,36,Yes,No,Fiber optic,No,Yes,No,No,Yes,Yes,Month-to-month,Yes,Credit card (automatic),94.8,3565.65,No,25-48,99.04583333333332,4,1
Male,0,Yes,No,63,Yes,Yes,Fiber optic,No,Yes,Yes,No,Yes,Yes,Month-to-month,Yes,Electronic check,103.4,6603.0,Yes,60+,104.8095238095238,6,1
Female,1,No,No,32,Yes,No,DSL,No,Yes,No,Yes,No,No,Month-to-month,No,Bank transfer (automatic),54.65,1830.1,No,25-48,57.190625,3,1
Female,0,Yes,No,71,Yes,Yes,DSL,Yes,Yes,Yes,Yes,Yes,Yes,Two year,No,Credit card (automatic),85.75,6223.8,No,60+,87.65915492957747,8,1
Female,0,Yes,Yes,66,Yes,Yes,DSL,Yes,Yes,Yes,No,No,No,Month-to-month,Yes,Bank transfer (automatic),67.45,4508.65,No,60+,68.31287878787879,5,1
Male,0,No,No,63,Yes,No,No,No internet service,No internet service,No internet service,No internet service,No internet service,No internet service,One year,No,Mailed check,20.5,1328.15,No,60+,21.081746031746032,1,0
Female,0,No,Yes,41,Yes,No,No,No internet service,No internet service,No internet service,No internet service,No internet service,No internet service,One year,Yes,Credit card (automatic),20.25,865.0,No,25-48,21.09756097560976,1,0
Female,1,No,No,1,Yes,Yes,Fiber optic,No,No,No,No,No,No,Month-to-month,Yes,Electronic check,72.1,72.1,No,0-12,72.1,2,1
Female,0,No,No,2,Yes,No,Fiber optic,No,No,No,No,Yes,Yes,Month-to-month,Yes,Electronic check,90.4,168.2,Yes,0-12,84.1,3,1
Female,0,Yes,No,70,Yes,No,No,No internet service,No internet service,No internet service,No internet service,No internet service,No internet service,Two year,No,Bank transfer (automatic),19.45,1303.5,No,60+,18.62142857142857,1,0
Female,0,No,No,23,No,No phone service,DSL,No,No,No,No,Yes,Yes,Month-to-month,Yes,Electronic check,44.95,996.85,No,13-24,43.34130434782609,2,1
Female,1,Yes,No,64,Yes,No,Fiber optic,Yes,Yes,Yes,No,No,Yes,One year,No,Bank transfer (automatic),97.0,6430.9,No,60+,100.4828125,5,1
Male,0,Yes,Yes,37,Yes,Yes,DSL,Yes,No,Yes,Yes,No,No,Two year,Yes,Credit card (automatic),62.8,2278.75,No,25-48,61.58783783783784,5,1
Male,0,No,Yes,17,Yes,No,DSL,No,No,No,No,No,No,One year,No,Mailed check,44.6,681.4,No,13-24,40.08235294117647,1,1
Female,1,No,No,7,Yes,No,Fiber optic,No,No,No,No,Yes,Yes,Month-to-month,Yes,Electronic check,89.15,574.35,No,0-12,82.05,3,1
Male,0,Yes,Yes,4,Yes,Yes,Fiber optic,No,Yes,Yes,No,No,No,Month-to-month,Yes,Bank transfer (automatic),84.8,371.9,Yes,0-12,92.975,4,1
Female,1,No,No,21,No,No phone service,DSL,Yes,No,No,No,Yes,No,Month-to-month,Yes,Electronic check,41.9,840.1,Yes,13-24,40.00476190476191,2,1
Female,0,No,No,10,Yes,No,Fiber optic,No,No,No,No,No,Yes,Month-to-month,Yes,Bank transfer (automatic),80.25,846.0,Yes,0-12,84.6,2,1
Female,1,No,No,16,Yes,Yes,DSL,Yes,No,No,No,No,No,Month-to-month,Yes,Electronic check,54.1,889.0,No,13-24,55.5625,3,1
Male,0,Yes,No,64,Yes,Yes,Fiber optic,No,Yes,No,Yes,Yes,Yes,Two year,Yes,Electronic check,105.25,6823.4,No,60+,106.615625,6,1
Male,1,Yes,No,27,No,No phone service,DSL,Yes,No,No,No,No,No,Month-to-month,No,Credit card (automatic),30.75,805.1,Yes,25-48,29.81851851851852,1,1
Male,0,Yes,Yes,42,Yes,Yes,Fiber optic,Yes,No,No,No,Yes,Yes,One year,No,Electronic check,97.1,4016.75,No,25-48,95.63690476190476,5,1
Male,0,No,Yes,5,Yes,No,No,No internet service,No internet service,No internet service,No internet service,No internet service,No internet service,Month-to-month,No,Mailed check,20.2,83.75,No,0-12,16.75,1,0
Female,0,No,No,41,Yes,No,Fiber optic,No,Yes,No,Yes,Yes,Yes,Two year,Yes,Bank transfer (automatic),98.8,3959.15,No,25-48,96.56463414634146,5,1
Male,0,Yes,No,58,Yes,No,DSL,No,No,Yes,No,No,No,One year,No,Credit card (automatic),50.3,2878.55,No,49-60,49.63017241379311,2,1
Female,0,No,No,47,Yes,No,No,No internet service,No internet service,No internet service,No internet service,No internet service,No internet service,Two year,Yes,Mailed check,20.55,945.7,No,25-48,20.12127659574468,1,0
Male,0,No,No,18,Yes,No,Fiber optic,No,No,No,Yes,No,No,Month-to-month,Yes,Bank transfer (automatic),75.9,1373.05,No,13-24,76.28055555555555,2,1
Male,0,No,No,5,Yes,No,Fiber optic,No,No,Yes,No,Yes,Yes,Month-to-month,No,Bank transfer (automatic),96.5,492.55,Yes,0-12,98.51,4,1
Male,0,Yes,No,23,Yes,No,DSL,Yes,No,No,No,No,Yes,Month-to-month,Yes,Bank transfer (automatic),59.95,1406.0,No,13-24,61.130434782608695,3,1
Female,0,No,No,1,Yes,No,No,No internet service,No internet service,No internet service,No internet service,No internet service,No internet service,Month-to-month,No,Mailed check,19.15,19.15,No,0-12,19.15,1,0
Male,0,Yes,No,71,Yes,Yes,Fiber optic,No,No,Yes,No,Yes,Yes,One year,Yes,Credit card (automatic),98.65,6962.85,No,60+,98.06830985915494,5,1
Male,0,Yes,Yes,72,Yes,Yes,Fiber optic,Yes,Yes,Yes,Yes,Yes,Yes,Two year,Yes,Credit card (automatic),112.6,8126.65,No,60+,112.87013888888887,8,1
Male,0,Yes,Yes,33,Yes,No,No,No internet service,No internet service,No internet service,No internet service,No internet service,No internet service,One year,No,Mailed check,20.6,690.25,No,25-48,20.916666666666668,1,0
Male,0,No,No,2,Yes,Yes,Fiber optic,No,No,No,No,Yes,No,Month-to-month,Yes,Electronic check,85.65,181.5,Yes,0-12,90.75,3,1
Male,0,No,Yes,24,No,No phone service,DSL,Yes,No,No,Yes,No,No,Two year,No,Mailed check,35.75,830.8,No,13-24,34.61666666666667,2,1
Female,0,Yes,Yes,56,Yes,Yes,Fiber optic,No,Yes,Yes,Yes,No,Yes,One year,Yes,Credit card (automatic),99.75,5608.4,No,49-60,100.15,6,1
Male,0,No,No,37,Yes,No,Fiber optic,No,Yes,No,No,Yes,Yes,Month-to-month,Yes,Credit card (automatic),96.1,3646.8,No,25-48,98.56216216216217,4,1
Female,0,No,No,43,Yes,Yes,DSL,No,Yes,Yes,Yes,Yes,Yes,One year,No,Credit card (automatic),85.1,3662.25,No,25-48,85.1686046511628,7,1
Male,0,No,No,1,No,No phone service,DSL,No,No,No,No,No,No,Month-to-month,No,Mailed check,25.35,25.35,No,0-12,25.35,0,1
Female,0,Yes,No,25,Yes,Yes,Fiber optic,No,No,Yes,Yes,Yes,Yes,Month-to-month,Yes,Bank transfer (automatic),104.95,2566.5,Yes,25-48,102.66,6,1
Female,0,No,No,61,Yes,Yes,DSL,Yes,Yes,Yes,Yes,Yes,Yes,Two year,No,Electronic check,89.65,5308.7,No,60+,87.02786885245901,8,1
Male,0,No,No,17,Yes,Yes,Fiber optic,No,No,Yes,Yes,No,No,One year,No,Electronic check,86.75,1410.25,No,13-24,82.95588235294117,4,1
Female,0,Yes,No,41,Yes,No,Fiber optic,No,Yes,Yes,Yes,No,No,One year,Yes,Bank transfer (automatic),86.2,3339.05,No,25-48,81.44024390243902,4,1
Male,0,No,No,1,Yes,No,DSL,No,Yes,No,No,No,No,Month-to-month,No,Mailed check,50.65,50.65,Yes,0-12,50.65,2,1
Male,1,Yes,Yes,72,No,No phone service,DSL,Yes,Yes,Yes,Yes,Yes,Yes,Two year,Yes,Bank transfer (automatic),64.8,4732.35,No,60+,65.72708333333334,6,1
Male,0,No,No,1,Yes,Yes,Fiber optic,No,Yes,No,No,No,Yes,Month-to-month,Yes,Credit card (automatic),90.85,90.85,Yes,0-12,90.85,4,1
Male,0,No,No,48,Yes,Yes,Fiber optic,No,Yes,Yes,No,Yes,Yes,Two year,Yes,Bank transfer (automatic),108.1,5067.45,No,25-48,105.571875,6,1
Male,1,Yes,No,11,Yes,No,No,No internet service,No internet service,No internet service,No internet service,No internet service,No internet service,Month-to-month,No,Mailed check,19.95,214.75,Yes,0-12,19.522727272727277,1,0
Female,1,Yes,No,55,Yes,Yes,Fiber optic,No,Yes,Yes,No,No,No,Month-to-month,Yes,Electronic check,85.45,4874.7,Yes,49-60,88.63090909090909,4,1
Female,0,No,No,42,No,No phone service,DSL,Yes,Yes,Yes,Yes,No,Yes,One year,Yes,Electronic check,54.75,2348.45,No,25-48,55.91547619047618,5,1
Male,0,No,No,44,Yes,Yes,Fiber optic,No,No,Yes,No,No,Yes,Month-to-month,Yes,Mailed check,90.4,4063.0,No,25-48,92.3409090909091,4,1
Male,0,No,Yes,1,Yes,No,DSL,No,No,No,No,No,No,Month-to-month,No,Electronic check,44.0,44.0,No,0-12,44.0,1,1
Female,0,No,No,27,Yes,Yes,Fiber optic,No,No,No,No,Yes,Yes,Month-to-month,Yes,Bank transfer (automatic),95.6,2595.25,No,25-48,96.12037037037037,4,1
Male,1,Yes,No,27,Yes,Yes,DSL,No,Yes,Yes,Yes,Yes,Yes,Month-to-month,Yes,Bank transfer (automatic),84.8,2309.55,No,25-48,85.53888888888889,7,1
Female,1,No,No,2,Yes,No,DSL,No,No,No,No,No,No,Month-to-month,Yes,Electronic check,44.3,89.3,No,0-12,44.65,1,1
Female,0,No,No,19,Yes,No,No,No internet service,No internet service,No internet service,No internet service,No internet service,No internet service,Month-to-month,No,Mailed check,19.9,367.55,No,13-24,19.344736842105263,1,0
Female,1,Yes,No,42,Yes,Yes,Fiber optic,No,No,No,No,Yes,Yes,Month-to-month,Yes,Electronic check,95.05,3944.5,No,25-48,93.91666666666669,4,1
Female,0,No,No,66,Yes,Yes,DSL,Yes,Yes,Yes,Yes,Yes,Yes,Two year,Yes,Credit card (automatic),90.05,5965.95,No,60+,90.39318181818182,8,1
Male,1,Yes,No,33,Yes,Yes,Fiber optic,Yes,No,Yes,Yes,Yes,Yes,Month-to-month,Yes,Bank transfer (automatic),109.9,3694.7,No,25-48,111.96060606060604,7,1
Female,0,No,No,34,Yes,No,Fiber optic,No,Yes,No,No,No,No,Month-to-month,Yes,Credit card (automatic),73.95,2524.45,Yes,25-48,74.24852941176471,2,1
Male,1,No,No,33,No,No phone service,DSL,No,No,Yes,Yes,Yes,Yes,Month-to-month,Yes,Electronic check,54.6,1803.7,No,25-48,54.65757575757576,4,1
Female,0,Yes,Yes,23,Yes,No,No,No internet service,No internet service,No internet service,No internet service,No internet service,No internet service,One year,No,Mailed check,20.05,415.1,No,13-24,18.047826086956523,1,0
Female,0,No,No,32,Yes,No,No,No internet service,No internet service,No internet service,No internet service,No internet service,No internet service,One year,No,Bank transfer (automatic),19.75,624.15,No,25-48,19.5046875,1,0
Female,0,No,No,11,Yes,No,No,No internet service,No internet service,No internet service,No internet service,No internet service,No internet service,One year,No,Credit card (automatic),20.05,237.7,No,0-12,21.60909090909091,1,0
Male,0,Yes,Yes,69,Yes,Yes,Fiber optic,No,No,Yes,No,Yes,Yes,Month-to-month,Yes,Credit card (automatic),99.45,7007.6,Yes,60+,101.55942028985508,5,1
Female,0,Yes,No,68,Yes,No,DSL,Yes,No,No,Yes,No,No,One year,No,Bank transfer (automatic),55.9,3848.8,No,60+,56.6,3,1
Male,0,No,No,20,Yes,No,No,No internet service,No internet service,No internet service,No internet service,No internet service,No internet service,Two year,Yes,Mailed check,19.7,419.4,No,13-24,20.97,1,0
Male,0,No,No,72,Yes,No,No,No internet service,No internet service,No internet service,No internet service,No internet service,No internet service,Two year,Yes,Credit card (automatic),19.8,1468.75,No,60+,20.39930555555556,1,0
Male,0,Yes,Yes,60,Yes,Yes,Fiber optic,Yes,No,Yes,No,Yes,No,One year,Yes,Bank transfer (automatic),95.4,5812.0,No,49-60,96.86666666666666,5,1
Male,1,Yes,Yes,32,Yes,No,Fiber optic,No,Yes,No,No,Yes,Yes,Month-to-month,Yes,Mailed check,93.95,2861.45,No,25-48,89.4203125,4,1
Female,0,No,No,1,Yes,No,No,No internet service,No internet service,No internet service,No internet service,No internet service,No internet service,Month-to-month,Yes,Mailed check,19.9,19.9,Yes,0-12,19.9,1,0
Male,0,No,No,1,Yes,No,No,No internet service,No internet service,No internet service,No internet service,No internet service,No internet service,Month-to-month,Yes,Mailed check,19.6,19.6,Yes,0-12,19.6,1,0
Male,1,No,No,3,Yes,Yes,Fiber optic,No,Yes,No,No,No,No,Month-to-month,Yes,Electronic check,81.35,233.7,Yes,0-12,77.89999999999999,3,1
Female,0,Yes,No,46,Yes,Yes,No,No internet service,No internet service,No internet service,No internet service,No internet service,No internet service,One year,Yes,Bank transfer (automatic),24.45,1066.15,No,25-48,23.17717391304348,2,0
Female,0,Yes,No,29,Yes,Yes,Fiber optic,No,No,No,No,No,No,Month-to-month,Yes,Electronic check,74.95,2149.05,No,25-48,74.10517241379311,2,1
Male,0,No,No,51,Yes,Yes,Fiber optic,No,Yes,Yes,Yes,No,No,Month-to-month,Yes,Electronic check,87.35,4473.0,No,49-60,87.70588235294117,5,1
Female,1,Yes,No,48,Yes,No,Fiber optic,No,No,No,No,No,No,Month-to-month,Yes,Bank transfer (automatic),70.65,3545.05,No,25-48,73.85520833333334,1,1
Female,0,Yes,Yes,16,Yes,No,Fiber optic,No,Yes,No,No,No,No,Month-to-month,No,Bank transfer (automatic),73.25,1195.75,No,13-24,74.734375,2,1
Male,0,Yes,No,70,Yes,Yes,Fiber optic,No,Yes,Yes,Yes,No,Yes,Two year,Yes,Bank transfer (automatic),98.7,6858.9,No,60+,97.9842857142857,6,1
Female,0,Yes,Yes,40,Yes,Yes,No,No internet service,No internet service,No internet service,No internet service,No internet service,No internet service,Two year,Yes,Mailed check,24.8,1024.7,No,25-48,25.6175,2,0
Female,0,Yes,Yes,22,Yes,No,Fiber optic,No,Yes,No,No,No,Yes,Month-to-month,No,Electronic check,83.3,1845.9,Yes,13-24,83.90454545454546,3,1
Female,1,No,No,1,Yes,No,Fiber optic,No,No,Yes,No,No,No,Month-to-month,Yes,Bank transfer (automatic),75.3,75.3,Yes,0-12,75.3,2,1
Female,0,Yes,Yes,5,Yes,Yes,No,No internet service,No internet service,No internet service,No internet service,No internet service,No internet service,Month-to-month,Yes,Mailed check,24.3,132.25,No,0-12,26.45,2,0
Female,0,No,No,7,Yes,No,Fiber optic,No,No,No,No,No,No,Month-to-month,Yes,Bank transfer (automatic),69.85,515.45,No,0-12,73.63571428571429,1,1
Male,0,No,Yes,29,Yes,Yes,Fiber optic,No,Yes,Yes,Yes,No,Yes,One year,No,Credit card (automatic),100.55,2830.45,No,25-48,97.60172413793104,6,1
Male,0,Yes,Yes,44,Yes,Yes,No,No internet service,No internet service,No internet service,No internet service,No internet service,No internet service,One year,No,Mailed check,25.7,1110.5,No,25-48,25.238636363636363,2,0
Female,0,No,No,10,No,No phone service,DSL,Yes,Yes,Yes,No,No,No,Month-to-month,No,Bank transfer (automatic),40.7,449.3,No,0-12,44.93,3,1
Female,1,Yes,No,55,Yes,Yes,DSL,No,No,No,No,No,No,Month-to-month,No,Bank transfer (automatic),51.65,2838.55,No,49-60,51.61000000000001,2,1
Male,1,Yes,No,52,Yes,Yes,Fiber optic,No,Yes,Yes,No,Yes,Yes,One year,Yes,Bank transfer (automatic),105.1,5376.4,No,49-60,103.39230769230768,6,1
Female,0,Yes,Yes,10,Yes,Yes,Fiber optic,No,No,No,No,No,Yes,Month-to-month,No,Electronic check,85.95,858.6,No,0-12,85.86,3,1
Male,0,No,No,18,Yes,Yes,Fiber optic,No,No,No,No,No,No,Month-to-month,Yes,Bank transfer (automatic),75.6,1395.05,No,13-24,77.50277777777778,2,1
Female,0,Yes,No,68,Yes,Yes,DSL,Yes,No,No,Yes,No,No,One year,No,Bank transfer (automatic),58.25,3975.7,No,60+,58.46617647058823,4,1
Female,0,Yes,Yes,61,Yes,No,No,No internet service,No internet service,No internet service,No internet service,No internet service,No internet service,Month-to-month,Yes,Mailed check,19.4,1182.55,Yes,60+,19.38606557377049,1,0
Female,0,Yes,Yes,72,No,No phone service,DSL,Yes,Yes,Yes,Yes,Yes,Yes,Two year,Yes,Credit card (automatic),65.2,4784.45,No,60+,66.45069444444444,6,1
Male,0,No,No,2,Yes,No,DSL,Yes,No,Yes,No,No,No,Month-to-month,No,Electronic check,53.45,119.5,No,0-12,59.75,3,1
Male,0,No,No,12,Yes,No,DSL,No,No,No,No,No,No,Month-to-month,Yes,Bank transfer (automatic),45.4,518.9,Yes,0-12,43.24166666666667,1,1
Male,0,Yes,No,41,Yes,No,No,No internet service,No internet service,No internet service,No internet service,No internet service,No internet service,Two year,Yes,Electronic check,19.75,899.45,No,25-48,21.93780487804878,1,0
Female,0,No,No,26,No,No phone service,DSL,No,No,Yes,Yes,Yes,No,Month-to-month,Yes,Credit card (automatic),44.45,1183.8,No,25-48,45.53076923076923,3,1
Male,0,Yes,No,36,Yes,No,No,No internet service,No internet service,No internet service,No internet service,No internet service,No internet service,One year,No,Bank transfer (automatic),20.85,720.05,No,25-48,20.001388888888886,1,0
Male,0,Yes,Yes,72,Yes,Yes,Fiber optic,Yes,Yes,Yes,Yes,Yes,Yes,Two year,Yes,Credit card (automatic),114.05,8468.2,No,60+,117.6138888888889,8,1
Male,0,Yes,No,35,Yes,Yes,Fiber optic,No,No,No,Yes,No,Yes,Month-to-month,Yes,Bank transfer (automatic),89.85,3161.2,No,25-48,90.32,4,1
Male,0,No,No,1,Yes,No,DSL,No,No,Yes,Yes,No,No,Month-to-month,No,Mailed check,55.05,55.05,No,0-12,55.05,3,1
Female,0,Yes,Yes,16,Yes,Yes,Fiber optic,Yes,No,Yes,Yes,Yes,Yes,Month-to-month,Yes,Electronic check,112.95,1882.55,No,13-24,117.659375,7,1
Female,1,No,No,49,Yes,Yes,Fiber optic,Yes,No,No,No,Yes,Yes,Month-to-month,No,Credit card (automatic),101.55,5070.4,No,49-60,103.47755102040816,5,1
Female,0,Yes,No,54,Yes,Yes,Fiber optic,Yes,Yes,Yes,Yes,Yes,Yes,One year,Yes,Mailed check,114.65,6049.5,No,49-60,112.02777777777776,8,1
Female,0,No,Yes,18,Yes,Yes,DSL,Yes,No,No,No,No,Yes,Month-to-month,No,Electronic check,64.8,1166.7,No,13-24,64.81666666666666,4,1
Female,0,Yes,No,36,Yes,No,Fiber optic,No,No,No,No,No,Yes,Month-to-month,No,Electronic check,80.4,2937.65,No,25-48,81.60138888888889,2,1
Female,0,No,No,60,Yes,Yes,Fiber optic,No,Yes,Yes,No,Yes,Yes,Month-to-month,Yes,Electronic check,105.9,6396.45,Yes,49-60,106.6075,6,1
Female,0,No,No,1,Yes,No,Fiber optic,No,No,No,No,No,No,Month-to-month,No,Mailed check,69.55,69.55,Yes,0-12,69.55,1,1
Female,0,Yes,Yes,52,Yes,Yes,No,No internet service,No internet service,No internet service,No internet service,No internet service,No internet service,Two year,Yes,Bank transfer (automatic),25.05,1270.25,No,49-60,24.427884615384617,2,0
Male,0,Yes,Yes,8,Yes,No,Fiber optic,No,No,Yes,No,Yes,Yes,Month-to-month,Yes,Electronic check,94.75,759.55,No,0-12,94.94375,4,1
Male,0,Yes,Yes,72,Yes,No,Fiber optic,Yes,Yes,No,Yes,Yes,Yes,Two year,No,Bank transfer (automatic),105.5,7611.55,No,60+,105.71597222222222,6,1
Female,0,No,No,64,Yes,Yes,No,No internet service,No internet service,No internet service,No internet service,No internet service,No internet service,One year,No,Mailed check,24.7,1642.75,No,60+,25.66796875,2,0
Female,1,No,No,22,Yes,No,DSL,Yes,No,Yes,Yes,No,Yes,Month-to-month,Yes,Mailed check,69.75,1545.4,No,13-24,70.24545454545455,5,1
Male,0,Yes,No,60,No,No phone service,DSL,No,Yes,Yes,Yes,Yes,Yes,Month-to-month,Yes,Bank transfer (automatic),60.2,3582.4,No,49-60,59.70666666666667,5,1
Female,0,Yes,Yes,28,Yes,No,Fiber optic,No,No,No,No,No,Yes,Month-to-month,Yes,Electronic check,81.05,2227.1,Yes,25-48,79.53928571428571,2,1
Female,0,Yes,No,61,Yes,Yes,No,No internet service,No internet service,No internet service,No internet service,No internet service,No internet service,Two year,No,Mailed check,24.4,1417.9,No,60+,23.24426229508197,2,0
Female,0,No,No,24,Yes,Yes,Fiber optic,No,Yes,Yes,No,Yes,Yes,Month-to-month,Yes,Electronic check,104.15,2494.65,No,13-24,103.94375,6,1
Male,0,Yes,Yes,28,Yes,No,Fiber optic,No,Yes,Yes,Yes,Yes,No,One year,No,Bank transfer (automatic),92.9,2768.35,No,25-48,98.86964285714284,5,1
Female,0,Yes,Yes,30,Yes,No,DSL,No,Yes,Yes,Yes,Yes,Yes,Two year,No,Bank transfer (automatic),80.8,2369.3,No,25-48,78.97666666666667,6,1
Male,0,Yes,No,2,Yes,No,No,No internet service,No internet service,No internet service,No internet service,No internet service,No internet service,Month-to-month,No,Mailed check,20.0,38.0,No,0-12,19.0,1,0
Male,0,No,No,1,Yes,Yes,Fiber optic,No,No,No,No,No,No,Month-to-month,Yes,Electronic check,75.1,75.1,No,0-12,75.1,2,1
Male,0,No,Yes,6,Yes,No,No,No internet service,No internet service,No internet service,No internet service,No internet service,No internet service,Month-to-month,No,Mailed check,19.65,100.9,No,0-12,16.816666666666666,1,0
Female,0,Yes,No,24,Yes,No,DSL,No,Yes,No,No,Yes,Yes,Month-to-month,Yes,Bank transfer (automatic),69.45,1614.05,No,13-24,67.25208333333333,4,1
Male,0,Yes,Yes,4,Yes,Yes,Fiber optic,No,No,Yes,No,Yes,Yes,Month-to-month,No,Electronic check,101.15,385.9,Yes,0-12,96.475,5,1
Male,0,No,No,7,Yes,Yes,Fiber optic,No,Yes,No,No,Yes,Yes,Month-to-month,Yes,Electronic check,99.8,673.25,Yes,0-12,96.17857142857144,5,1
Male,1,Yes,No,72,Yes,Yes,Fiber optic,Yes,Yes,Yes,Yes,Yes,Yes,Two year,Yes,Bank transfer (automatic),116.05,8404.9,No,60+,116.73472222222222,8,1
Male,0,No,No,70,No,No phone service,DSL,No,No,No,Yes,No,Yes,Two year,Yes,Mailed check,40.05,2799.75,No,60+,39.996428571428574,2,1
Male,1,Yes,No,64,Yes,Yes,Fiber optic,No,No,Yes,Yes,Yes,Yes,Two year,No,Electronic check,102.1,6538.45,No,60+,102.16328125,6,1
Male,0,Yes,Yes,72,Yes,Yes,Fiber optic,No,Yes,No,No,Yes,No,One year,Yes,Electronic check,89.7,6588.95,No,60+,91.51319444444444,4,1
Female,0,No,Yes,44,Yes,No,No,No internet service,No internet service,No internet service,No internet service,No internet service,No internet service,Two year,No,Mailed check,19.9,868.1,No,25-48,19.729545454545452,1,0
Female,0,Yes,Yes,13,Yes,No,DSL,No,No,No,No,No,Yes,Month-to-month,No,Electronic check,55.95,734.35,Yes,13-24,56.48846153846154,2,1
Female,1,No,No,17,Yes,No,No,No internet service,No internet service,No internet service,No internet service,No internet service,No internet service,One year,No,Mailed check,20.65,330.6,No,13-24,19.447058823529414,1,0
Male,0,No,No,1,Yes,No,DSL,No,No,No,No,No,Yes,Month-to-month,Yes,Electronic check,55.0,55.0,Yes,0-12,55.0,2,1
Male,0,Yes,No,9,Yes,No,DSL,No,No,Yes,No,Yes,Yes,Month-to-month,Yes,Mailed check,70.05,564.4,No,0-12,62.71111111111111,4,1
Male,0,Yes,No,24,Yes,No,DSL,Yes,No,No,Yes,No,No,Month-to-month,No,Mailed check,53.6,1315.35,No,13-24,54.80625,3,1
Female,0,Yes,Yes,1,Yes,No,Fiber optic,No,Yes,No,No,No,No,Month-to-month,Yes,Electronic check,74.7,74.7,Yes,0-12,74.7,2,1
Male,0,No,No,24,Yes,Yes,Fiber optic,No,Yes,No,No,No,No,Month-to-month,Yes,Electronic check,80.25,1861.5,Yes,13-24,77.5625,3,1
Male,1,Yes,Yes,35,Yes,No,DSL,No,Yes,No,Yes,Yes,Yes,Month-to-month,Yes,Electronic check,76.05,2747.2,No,25-48,78.49142857142857,5,1
Female,0,Yes,Yes,7,Yes,No,DSL,Yes,Yes,Yes,Yes,Yes,No,Month-to-month,Yes,Electronic check,75.7,554.05,No,0-12,79.14999999999999,6,1
Male,0,No,No,5,Yes,No,Fiber optic,No,No,No,Yes,Yes,Yes,Month-to-month,Yes,Electronic check,96.1,453.4,Yes,0-12,90.68,4,1
Female,0,No,Yes,15,Yes,No,Fiber optic,No,No,No,No,No,No,Month-to-month,No,Bank transfer (automatic),69.0,994.8,Yes,13-24,66.32,1,1
Male,0,Yes,Yes,11,Yes,No,No,No internet service,No internet service,No internet service,No internet service,No internet service,No internet service,Two year,No,Mailed check,19.65,225.75,No,0-12,20.522727272727277,1,0
Female,0,Yes,No,48,No,No phone service,DSL,Yes,No,Yes,No,No,Yes,Month-to-month,Yes,Bank transfer (automatic),45.3,2145.0,Yes,25-48,44.6875,3,1
Female,1,No,No,20,Yes,No,Fiber optic,No,No,No,No,No,Yes,Month-to-month,Yes,Electronic check,81.45,1671.6,No,13-24,83.58,2,1
Female,0,Yes,No,72,Yes,Yes,Fiber optic,No,Yes,Yes,Yes,Yes,Yes,One year,Yes,Bank transfer (automatic),108.5,8003.8,No,60+,111.16388888888888,7,1
Female,0,Yes,Yes,8,Yes,No,Fiber optic,No,Yes,No,No,Yes,No,Month-to-month,Yes,Electronic check,83.55,680.05,Yes,0-12,85.00625,3,1
Male,0,Yes,Yes,72,Yes,Yes,Fiber optic,No,No,No,No,No,Yes,Two year,Yes,Credit card (automatic),84.5,6130.85,No,60+,85.15069444444445,3,1
Female,0,No,No,15,Yes,Yes,Fiber optic,No,Yes,No,No,Yes,Yes,Month-to-month,Yes,Electronic check,100.15,1415.0,No,13-24,94.33333333333331,5,1
Male,0,No,No,72,Yes,Yes,DSL,No,Yes,Yes,Yes,Yes,Yes,Two year,Yes,Bank transfer (automatic),88.6,6201.95,No,60+,86.13819444444444,7,1
Female,0,Yes,Yes,0,No,No phone service,DSL,Yes,No,Yes,Yes,Yes,No,Two year,Yes,Bank transfer (automatic),52.55,1397.475,No,,1397.475,4,1
Male,0,No,Yes,1,Yes,Yes,Fiber optic,No,No,No,No,No,No,Month-to-month,Yes,Electronic check,74.35,74.35,Yes,0-12,74.35,2,1
Male,0,Yes,Yes,63,Yes,Yes,Fiber optic,No,Yes,Yes,No,Yes,Yes,Two year,Yes,Bank transfer (automatic),104.8,6597.25,No,60+,104.71825396825396,6,1
Female,0,No,No,2,Yes,No,DSL,No,Yes,No,No,Yes,No,Month-to-month,Yes,Electronic check,59.0,114.15,No,0-12,57.075,3,1
Female,0,Yes,No,2,Yes,No,Fiber optic,Yes,No,No,No,No,No,Month-to-month,Yes,Electronic check,74.4,139.4,Yes,0-12,69.7,2,1
Male,1,Yes,No,61,Yes,Yes,DSL,No,Yes,No,No,No,Yes,One year,No,Bank transfer (automatic),64.05,3902.6,No,60+,63.97704918032787,4,1
Male,0,No,No,1,Yes,No,No,No internet service,No internet service,No internet service,No internet service,No internet service,No internet service,Month-to-month,No,Mailed check,20.4,20.4,No,0-12,20.4,1,0
Male,0,No,No,22,No,No phone service,DSL,No,Yes,Yes,No,No,Yes,One year,Yes,Bank transfer (automatic),43.75,903.6,Yes,13-24,41.07272727272727,3,1
Male,0,Yes,No,28,Yes,No,DSL,Yes,Yes,No,Yes,No,No,Month-to-month,No,Mailed check,60.9,1785.65,No,25-48,63.77321428571429,4,1
Female,0,Yes,No,70,Yes,No,No,No internet service,No internet service,No internet service,No internet service,No internet service,No internet service,Two year,No,Bank transfer (automatic),19.8,1397.65,No,60+,19.966428571428573,1,0
Female,1,No,No,5,No,No phone service,DSL,No,Yes,No,No,No,No,Month-to-month,No,Electronic check,28.45,131.05,Yes,0-12,26.21,1,1
Female,0,No,No,12,Yes,Yes,Fiber optic,Yes,Yes,Yes,No,No,Yes,Month-to-month,Yes,Bank transfer (automatic),99.7,1238.45,Yes,0-12,103.20416666666668,6,1
Male,0,No,No,34,Yes,Yes,Fiber optic,Yes,Yes,Yes,Yes,Yes,Yes,One year,No,Credit card (automatic),116.25,3899.05,No,25-48,114.6779411764706,8,1
Female,1,Yes,No,71,Yes,Yes,Fiber optic,Yes,No,No,No,No,No,Two year,Yes,Credit card (automatic),80.7,5676.0,No,60+,79.94366197183099,3,1
Female,0,Yes,Yes,70,Yes,Yes,DSL,Yes,No,No,No,No,Yes,One year,No,Bank transfer (automatic),65.2,4543.15,No,60+,64.90214285714285,4,1
Female,0,Yes,Yes,52,Yes,No,Fiber optic,Yes,No,Yes,Yes,No,No,Month-to-month,Yes,Bank transfer (automatic),84.05,4326.8,No,49-60,83.20769230769231,4,1
Male,0,No,Yes,69,Yes,Yes,DSL,Yes,Yes,Yes,Yes,Yes,No,Two year,Yes,Credit card (automatic),79.45,5502.55,No,60+,79.74710144927536,7,1
Female,1,No,No,20,Yes,Yes,Fiber optic,No,Yes,Yes,No,No,Yes,Month-to-month,Yes,Electronic check,94.1,1782.4,Yes,13-24,89.12,5,1
Male,0,No,Yes,11,Yes,Yes,Fiber optic,No,No,Yes,No,No,No,Month-to-month,Yes,Mailed check,78.0,851.8,No,0-12,77.43636363636364,3,1
Male,0,Yes,No,2,Yes,No,Fiber optic,No,No,No,Yes,Yes,Yes,Month-to-month,Yes,Electronic check,94.2,167.5,Yes,0-12,83.75,4,1
Female,0,Yes,Yes,6,Yes,Yes,Fiber optic,No,No,No,Yes,No,No,Month-to-month,Yes,Electronic check,80.5,502.85,Yes,0-12,83.80833333333334,3,1
Female,0,No,No,1,Yes,No,No,No internet service,No internet service,No internet service,No internet service,No internet service,No internet service,Month-to-month,No,Mailed check,19.85,19.85,No,0-12,19.85,1,0
Male,1,Yes,Yes,20,Yes,No,Fiber optic,Yes,No,Yes,Yes,No,Yes,One year,No,Credit card (automatic),94.3,1818.3,No,13-24,90.915,5,1
Male,0,No,No,61,Yes,Yes,Fiber optic,Yes,No,Yes,No,Yes,Yes,Month-to-month,Yes,Electronic check,106.45,6300.15,No,60+,103.2811475409836,6,1
Female,1,Yes,No,5,Yes,Yes,Fiber optic,No,No,No,No,No,No,Month-to-month,Yes,Electronic check,74.35,334.8,Yes,0-12,66.96000000000001,2,1
Female,0,No,No,56,Yes,Yes,Fiber optic,No,Yes,No,Yes,Yes,Yes,Month-to-month,Yes,Bank transfer (automatic),105.45,5916.95,No,49-60,105.65982142857142,6,1
Male,0,No,No,30,Yes,Yes,Fiber optic,Yes,Yes,Yes,Yes,No,No,Month-to-month,Yes,Credit card (automatic),95.0,2852.4,No,25-48,95.08,6,1
Male,0,No,No,40,Yes,Yes,Fiber optic,No,No,Yes,Yes,Yes,Yes,Month-to-month,No,Bank transfer (automatic),104.8,4131.95,Yes,25-48,103.29875,6,1
Female,0,No,No,28,Yes,No,DSL,Yes,No,No,Yes,No,No,One year,No,Mailed check,54.3,1546.3,No,25-48,55.225,3,1
Female,1,Yes,No,5,Yes,No,Fiber optic,No,No,No,No,No,No,Month-to-month,No,Electronic check,70.05,302.6,No,0-12,60.52,1,1
Female,1,Yes,No,27,Yes,No,Fiber optic,Yes,No,No,No,No,No,Month-to-month,Yes,Bank transfer (automatic),75.2,1929.35,Yes,25-48,71.4574074074074,2,1
Male,0,No,No,12,Yes,No,No,No internet service,No internet service,No internet service,No internet service,No internet service,No internet service,Month-to-month,No,Credit card (automatic),20.05,265.45,No,0-12,22.120833333333334,1,0
Male,0,Yes,Yes,67,Yes,Yes,Fiber optic,No,Yes,Yes,No,Yes,Yes,One year,Yes,Electronic check,105.4,6989.45,No,60+,104.32014925373134,6,1
Male,1,Yes,No,29,Yes,Yes,DSL,No,No,No,No,No,No,Month-to-month,Yes,Electronic check,51.6,1442.0,No,25-48,49.72413793103448,2,1
Male,0,Yes,Yes,55,Yes,Yes,Fiber optic,No,No,No,No,No,Yes,Month-to-month,No,Bank transfer (automatic),85.5,4713.4,No,49-60,85.69818181818181,3,1
Female,0,No,No,23,Yes,Yes,Fiber optic,No,No,No,No,No,No,Month-to-month,No,Bank transfer (automatic),75.6,1758.6,Yes,13-24,76.4608695652174,2,1
Male,0,Yes,No,34,Yes,Yes,Fiber optic,No,No,Yes,No,Yes,Yes,Month-to-month,Yes,Electronic check,100.05,3480.0,Yes,25-48,102.3529411764706,5,1
Male,0,No,No,52,Yes,No,Fiber optic,Yes,No,Yes,No,Yes,No,One year,No,Electronic check,91.25,4738.3,No,49-60,91.12115384615385,4,1
Male,1,Yes,Yes,72,Yes,Yes,Fiber optic,Yes,Yes,Yes,Yes,Yes,Yes,Two year,Yes,Credit card (automatic),115.75,8399.15,No,60+,116.6548611111111,8,1
Male,0,Yes,Yes,58,Yes,Yes,Fiber optic,No,Yes,No,Yes,Yes,No,One year,Yes,Credit card (automatic),94.7,5430.35,No,49-60,93.62672413793103,5,1
Male,0,Yes,Yes,35,Yes,No,No,No internet service,No internet service,No internet service,No internet service,No internet service,No internet service,Two year,No,Mailed check,19.6,686.95,No,25-48,19.627142857142857,1,0
Female,1,No,No,56,Yes,Yes,Fiber optic,No,Yes,Yes,Yes,Yes,No,Two year,Yes,Bank transfer (automatic),99.9,5706.3,No,49-60,101.89821428571427,6,1
Female,0,Yes,Yes,24,Yes,No,No,No internet service,No internet service,No internet service,No internet service,No internet service,No internet service,Two year,Yes,Credit card (automatic),21.1,490.65,No,13-24,20.44375,1,0
Male,0,Yes,Yes,70,Yes,No,No,No internet service,No internet service,No internet service,No internet service,No internet service,No internet service,Two year,No,Credit card (automatic),20.05,1360.25,No,60+,19.432142857142857,1,0
Male,0,No,No,2,Yes,No,Fiber optic,No,No,No,No,Yes,No,Month-to-month,Yes,Electronic check,79.95,174.45,No,0-12,87.225,2,1
Male,1,Yes,Yes,68,Yes,Yes,Fiber optic,No,No,Yes,Yes,Yes,Yes,One year,Yes,Credit card (automatic),107.15,7379.8,No,60+,108.5264705882353,6,1
Female,0,No,No,1,Yes,Yes,Fiber optic,No,No,No,No,No,Yes,Month-to-month,Yes,Electronic check,85.0,85.0,Yes,0-12,85.0,3,1
Male,0,No,No,12,Yes,Yes,Fiber optic,No,No,Yes,No,Yes,No,Month-to-month,Yes,Electronic check,89.55,1021.75,No,0-12,85.14583333333333,4,1
Female,0,Yes,No,63,Yes,Yes,Fiber optic,No,Yes,No,No,No,No,Month-to-month,Yes,Bank transfer (automatic),81.55,5029.05,No,60+,79.82619047619048,3,1
Female,0,Yes,Yes,33,Yes,No,DSL,Yes,Yes,Yes,No,No,No,One year,Yes,Mailed check,58.45,1955.4,No,25-48,59.25454545454546,4,1
Female,0,Yes,No,69,Yes,No,Fiber optic,No,Yes,No,No,Yes,Yes,One year,Yes,Credit card (automatic),95.65,6744.2,No,60+,97.74202898550725,4,1
Female,0,Yes,Yes,60,Yes,No,DSL,No,Yes,Yes,Yes,Yes,Yes,Two year,Yes,Bank transfer (automatic),80.6,4946.7,No,49-60,82.445,6,1
Female,0,Yes,Yes,72,Yes,Yes,Fiber optic,Yes,Yes,Yes,Yes,Yes,Yes,Two year,Yes,Bank transfer (automatic),113.1,8248.5,No,60+,114.5625,8,1
Female,0,No,No,11,Yes,Yes,DSL,No,No,No,No,No,Yes,Month-to-month,Yes,Mailed check,58.95,601.6,No,0-12,54.690909090909095,3,1
Female,0,No,No,1,Yes,No,No,No internet service,No internet service,No internet service,No internet service,No internet service,No internet service,Month-to-month,No,Mailed check,19.55,19.55,No,0-12,19.55,1,0
Male,0,No,No,10,Yes,Yes,Fiber optic,No,No,No,No,Yes,No,Month-to-month,Yes,Bank transfer (automatic),86.05,834.1,Yes,0-12,83.41,3,1
Male,0,No,No,13,No,No phone service,DSL,Yes,No,No,Yes,Yes,No,Month-to-month,Yes,Credit card (automatic),45.55,597.0,Yes,13-24,45.92307692307692,3,1
Male,0,Yes,Yes,34,Yes,No,Fiber optic,No,No,No,No,No,Yes,One year,Yes,Bank transfer (automatic),78.95,2647.2,No,25-48,77.85882352941177,2,1
Male,0,Yes,Yes,39,Yes,No,Fiber optic,No,Yes,No,No,Yes,No,Month-to-month,Yes,Mailed check,86.3,3266.0,Yes,25-48,83.74358974358974,3,1
Female,0,No,No,65,Yes,Yes,Fiber optic,No,Yes,No,Yes,Yes,Yes,One year,Yes,Bank transfer (automatic),105.05,6744.25,No,60+,103.75769230769232,6,1
Male,1,Yes,No,50,Yes,Yes,Fiber optic,Yes,Yes,Yes,No,Yes,No,One year,Yes,Bank transfer (automatic),101.9,5265.5,No,49-60,105.31,6,1
Male,0,No,No,15,Yes,No,No,No internet service,No internet service,No internet service,No internet service,No internet service,No internet service,Month-to-month,No,Mailed check,19.75,311.6,No,13-24,20.773333333333333,1,0
Male,0,Yes,Yes,72,Yes,Yes,Fiber optic,Yes,Yes,Yes,No,Yes,Yes,Two year,Yes,Bank transfer (automatic),110.3,7966.9,No,60+,110.65138888888887,7,1
Female,0,Yes,Yes,72,Yes,Yes,Fiber optic,Yes,Yes,Yes,Yes,Yes,Yes,Two year,Yes,Bank transfer (automatic),115.6,8220.4,No,60+,114.17222222222222,8,1
Male,0,Yes,Yes,55,Yes,No,No,No internet service,No internet service,No internet service,No internet service,No internet service,No internet service,Two year,No,Bank transfer (automatic),19.35,1153.25,No,49-60,20.96818181818182,1,0
Female,0,Yes,Yes,23,Yes,Yes,No,No internet service,No internet service,No internet service,No internet service,No internet service,No internet service,Two year,Yes,Credit card (automatic),25.6,514.75,No,13-24,22.380434782608692,2,0
Male,0,No,No,32,Yes,Yes,Fiber optic,No,Yes,No,No,No,No,Month-to-month,Yes,Bank transfer (automatic),80.35,2596.15,Yes,25-48,81.1296875,3,1
Female,0,Yes,Yes,56,Yes,Yes,DSL,Yes,No,Yes,No,No,Yes,One year,Yes,Bank transfer (automatic),68.75,3808.0,No,49-60,68.0,5,1
Female,0,No,No,1,Yes,No,No,No internet service,No internet service,No internet service,No internet service,No internet service,No internet service,Month-to-month,No,Bank transfer (automatic),19.9,19.9,No,0-12,19.9,1,0
Male,0,No,No,38,Yes,No,DSL,Yes,Yes,No,Yes,Yes,No,One year,No,Mailed check,70.6,2708.2,No,25-48,71.26842105263158,5,1
Male,0,No,No,11,Yes,No,Fiber optic,No,No,No,No,No,No,Month-to-month,No,Electronic check,70.2,760.05,No,0-12,69.09545454545454,1,1
Male,0,No,No,1,Yes,No,DSL,No,No,No,Yes,No,No,Month-to-month,Yes,Electronic check,49.3,49.3,No,0-12,49.3,2,1
Male,0,Yes,No,56,Yes,Yes,Fiber optic,No,Yes,No,Yes,Yes,Yes,One year,Yes,Electronic check,107.25,6033.3,No,49-60,107.7375,6,1
Male,0,Yes,No,3,Yes,Yes,No,No internet service,No internet service,No internet service,No internet service,No internet service,No internet service,Month-to-month,Yes,Mailed check,23.6,89.05,No,0-12,29.683333333333334,2,0
Male,0,Yes,Yes,7,Yes,No,DSL,Yes,No,No,No,Yes,Yes,Month-to-month,No,Credit card (automatic),69.7,516.15,No,0-12,73.73571428571428,4,1
Male,0,Yes,Yes,59,Yes,Yes,Fiber optic,No,No,Yes,No,Yes,Yes,Two year,Yes,Credit card (automatic),99.5,5861.75,No,49-60,99.35169491525424,5,1
Male,0,No,No,7,Yes,No,DSL,No,No,Yes,Yes,Yes,No,Month-to-month,No,Bank transfer (automatic),64.3,445.95,No,0-12,63.707142857142856,4,1
Male,0,Yes,Yes,71,Yes,No,DSL,Yes,No,Yes,Yes,No,Yes,Two year,Yes,Credit card (automatic),70.85,4973.4,No,60+,70.04788732394366,5,1
Male,0,Yes,Yes,15,Yes,No,Fiber optic,Yes,No,No,Yes,Yes,Yes,One year,No,Electronic check,101.9,1667.25,No,13-24,111.15,5,1
Male,0,Yes,No,71,Yes,Yes,DSL,Yes,Yes,No,Yes,Yes,No,Two year,No,Credit card (automatic),73.5,5357.75,No,60+,75.46126760563381,6,1
Female,0,No,No,35,Yes,Yes,Fiber optic,No,No,Yes,No,Yes,Yes,Month-to-month,Yes,Electronic check,100.25,3527.6,Yes,25-48,100.78857142857144,5,1
Female,0,No,No,11,No,No phone service,DSL,No,Yes,Yes,Yes,No,No,One year,Yes,Credit card (automatic),40.4,422.6,No,0-12,38.41818181818182,3,1
Female,0,Yes,Yes,60,Yes,No,No,No internet service,No internet service,No internet service,No internet service,No internet service,No internet service,Two year,Yes,Credit card (automatic),19.25,1103.25,No,49-60,18.3875,1,0
Male,1,No,No,47,Yes,Yes,DSL,No,Yes,No,Yes,No,No,Two year,No,Bank transfer (automatic),59.6,2754.0,No,25-48,58.59574468085106,4,1
Female,0,No,No,11,Yes,No,DSL,No,No,Yes,Yes,No,Yes,One year,No,Credit card (automatic),64.9,697.25,No,0-12,63.38636363636363,4,1
Male,0,Yes,No,56,Yes,Yes,Fiber optic,No,Yes,No,No,Yes,Yes,One year,No,Credit card (automatic),100.3,5614.45,Yes,49-60,100.25803571428573,5,1
Female,1,Yes,No,28,Yes,Yes,Fiber optic,No,Yes,Yes,Yes,Yes,Yes,Month-to-month,Yes,Electronic check,110.85,3204.4,No,25-48,114.44285714285716,7,1
Male,0,Yes,No,61,Yes,No,DSL,Yes,Yes,No,Yes,Yes,Yes,Two year,Yes,Mailed check,81.05,4747.65,No,60+,77.83032786885245,6,1
Male,0,Yes,Yes,31,Yes,Yes,Fiber optic,Yes,No,Yes,No,Yes,No,One year,No,Bank transfer (automatic),98.05,3082.1,No,25-48,99.42258064516128,5,1
Male,0,No,No,9,Yes,No,Fiber optic,No,No,No,No,No,No,Month-to-month,Yes,Electronic check,70.5,597.9,No,0-12,66.43333333333334,1,1
Male,1,Yes,No,35,Yes,Yes,Fiber optic,Yes,Yes,No,No,No,Yes,Month-to-month,Yes,Electronic check,94.55,3365.4,No,25-48,96.15428571428572,5,1
Male,0,No,No,2,Yes,No,No,No internet service,No internet service,No internet service,No internet service,No internet service,No internet service,Month-to-month,Yes,Mailed check,19.65,38.8,No,0-12,19.4,1,0
Female,0,Yes,Yes,12,Yes,No,No,No internet service,No internet service,No internet service,No internet service,No internet service,No internet service,Month-to-month,No,Mailed check,19.0,233.55,Yes,0-12,19.4625,1,0
Female,0,No,No,1,Yes,No,Fiber optic,Yes,No,No,No,No,No,Month-to-month,No,Mailed check,75.3,75.3,Yes,0-12,75.3,2,1
Female,1,No,No,4,Yes,Yes,Fiber optic,No,No,Yes,No,Yes,No,Month-to-month,Yes,Electronic check,89.2,346.2,Yes,0-12,86.55,4,1
Female,0,Yes,Yes,1,Yes,No,No,No internet service,No internet service,No internet service,No internet service,No internet service,No internet service,Month-to-month,Yes,Mailed check,19.0,19.0,No,0-12,19.0,1,0
Female,0,No,No,3,Yes,No,No,No internet service,No internet service,No internet service,No internet service,No internet service,No internet service,Month-to-month,Yes,Mailed check,20.0,61.7,No,0-12,20.566666666666663,1,0
Female,1,No,No,1,Yes,Yes,Fiber optic,No,No,No,No,Yes,No,Month-to-month,Yes,Electronic check,85.7,85.7,Yes,0-12,85.7,3,1
Male,0,No,No,52,Yes,No,DSL,Yes,Yes,No,No,Yes,No,Two year,Yes,Credit card (automatic),63.25,3342.45,No,49-60,64.27788461538461,4,1
Male,0,Yes,Yes,5,Yes,No,No,No internet service,No internet service,No internet service,No internet service,No internet service,No internet service,One year,No,Mailed check,20.1,85.1,No,0-12,17.02,1,0
Male,0,Yes,No,72,Yes,Yes,Fiber optic,Yes,Yes,Yes,No,No,Yes,Two year,Yes,Electronic check,99.15,7422.1,No,60+,103.08472222222224,6,1
Male,0,Yes,Yes,71,Yes,Yes,DSL,Yes,Yes,Yes,Yes,Yes,Yes,Two year,No,Electronic check,90.4,6668.05,No,60+,93.9161971830986,8,1
Male,0,Yes,No,72,Yes,Yes,Fiber optic,Yes,No,Yes,Yes,Yes,Yes,Two year,Yes,Credit card (automatic),111.9,8071.05,No,60+,112.09791666666666,7,1
Male,0,Yes,Yes,46,Yes,Yes,No,No internet service,No internet service,No internet service,No internet service,No internet service,No internet service,One year,No,Electronic check,24.9,1174.8,No,25-48,25.539130434782606,2,0
Male,0,Yes,Yes,63,Yes,Yes,DSL,Yes,Yes,Yes,No,Yes,Yes,Two year,No,Credit card (automatic),83.5,5435.0,No,60+,86.26984126984127,7,1
Male,0,No,No,30,Yes,No,Fiber optic,Yes,Yes,Yes,No,No,No,Month-to-month,Yes,Credit card (automatic),84.3,2438.6,No,25-48,81.28666666666666,4,1
Male,0,No,No,1,Yes,No,DSL,No,No,No,No,No,No,Month-to-month,No,Mailed check,45.6,45.6,No,0-12,45.6,1,1
Female,0,No,No,12,Yes,Yes,DSL,Yes,No,Yes,Yes,No,No,Month-to-month,Yes,Mailed check,61.65,713.75,Yes,0-12,59.47916666666666,5,1
Male,0,No,No,16,No,No phone service,DSL,Yes,Yes,Yes,Yes,Yes,No,Two year,No,Mailed check,54.85,916.15,No,13-24,57.259375,5,1
Male,0,No,No,4,Yes,Yes,DSL,No,No,No,Yes,No,Yes,Month-to-month,No,Mailed check,65.55,237.2,No,0-12,59.3,4,1
Male,0,Yes,No,51,Yes,Yes,Fiber optic,No,Yes,No,No,No,Yes,One year,Yes,Credit card (automatic),90.35,4614.55,No,49-60,90.4813725490196,4,1
Male,0,Yes,No,65,Yes,No,No,No internet service,No internet service,No internet service,No internet service,No internet service,No internet service,Two year,Yes,Credit card (automatic),20.4,1414.45,No,60+,21.76076923076923,1,0
Male,0,No,No,16,Yes,No,Fiber optic,No,No,No,Yes,No,No,Month-to-month,Yes,Credit card (automatic),74.55,1170.5,No,13-24,73.15625,2,1
Male,0,No,No,2,Yes,No,No,No internet service,No internet service,No internet service,No internet service,No internet service,No internet service,One year,No,Mailed check,19.95,47.7,No,0-12,23.85,1,0
Female,0,Yes,Yes,66,Yes,Yes,Fiber optic,No,No,No,No,No,No,One year,Yes,Bank transfer (automatic),74.25,4859.25,No,60+,73.625,2,1
Male,0,No,No,46,Yes,Yes,Fiber optic,No,Yes,Yes,Yes,Yes,Yes,Two year,No,Electronic check,108.65,4903.2,No,25-48,106.59130434782608,7,1
Female,0,No,No,32,Yes,Yes,Fiber optic,Yes,No,Yes,Yes,Yes,Yes,One year,Yes,Bank transfer (automatic),109.55,3608.0,No,25-48,112.75,7,1
Male,0,Yes,No,72,Yes,Yes,DSL,Yes,No,Yes,Yes,Yes,Yes,Two year,No,Credit card (automatic),86.65,6094.25,No,60+,84.64236111111111,7,1
Male,0,Yes,Yes,38,Yes,No,DSL,Yes,No,Yes,Yes,Yes,Yes,Two year,No,Credit card (automatic),81.0,3084.9,No,25-48,81.18157894736842,6,1
Male,0,No,Yes,51,Yes,No,DSL,No,No,No,Yes,No,No,One year,No,Credit card (automatic),47.85,2356.75,No,49-60,46.21078431372549,2,1
Male,0,Yes,Yes,72,Yes,Yes,Fiber optic,Yes,Yes,Yes,Yes,Yes,Yes,Two year,No,Bank transfer (automatic),114.55,8306.05,No,60+,115.36180555555556,8,1
Female,1,Yes,No,65,Yes,Yes,Fiber optic,Yes,No,Yes,No,Yes,Yes,Month-to-month,No,Bank transfer (automatic),105.25,6786.4,Yes,60+,104.40615384615384,6,1
Male,0,Yes,Yes,9,No,No phone service,DSL,No,Yes,No,No,No,No,Month-to-month,Yes,Electronic check,29.95,248.95,Yes,0-12,27.66111111111111,1,1
Female,0,Yes,Yes,9,Yes,No,DSL,Yes,Yes,Yes,Yes,No,No,Month-to-month,No,Mailed check,65.0,663.05,Yes,0-12,73.67222222222222,5,1
Male,0,No,Yes,66,Yes,No,No,No internet service,No internet service,No internet service,No internet service,No internet service,No internet service,Two year,No,Mailed check,20.55,1357.1,No,60+,20.56212121212121,1,0
Female,1,No,No,44,Yes,Yes,Fiber optic,Yes,Yes,Yes,No,Yes,Yes,One year,Yes,Credit card (automatic),109.8,4860.35,No,25-48,110.4625,7,1
Male,0,No,No,50,Yes,Yes,DSL,No,No,Yes,Yes,No,Yes,Two year,No,Bank transfer (automatic),69.5,3418.2,No,49-60,68.36399999999999,5,1
Female,0,No,No,15,Yes,Yes,DSL,No,No,No,No,No,No,Month-to-month,No,Mailed check,48.85,631.4,No,13-24,42.09333333333333,2,1
Male,0,No,No,8,No,No phone service,DSL,No,No,No,No,No,No,Month-to-month,Yes,Credit card (automatic),25.25,186.3,No,0-12,23.2875,0,1
Female,1,No,No,66,Yes,Yes,Fiber optic,No,No,Yes,Yes,Yes,Yes,One year,Yes,Credit card (automatic),102.85,6976.75,No,60+,105.70833333333331,6,1
Female,0,No,No,57,Yes,Yes,Fiber optic,Yes,Yes,No,Yes,No,No,Month-to-month,Yes,Bank transfer (automatic),87.55,4884.85,No,49-60,85.69912280701755,5,1
Female,0,No,No,7,Yes,Yes,Fiber optic,No,Yes,No,No,No,No,Month-to-month,Yes,Bank transfer (automatic),78.55,522.95,No,0-12,74.70714285714287,3,1
Male,1,Yes,Yes,10,No,No phone service,DSL,No,No,No,No,No,Yes,Month-to-month,Yes,Bank transfer (automatic),34.55,362.6,No,0-12,36.260000000000005,1,1
Female,0,No,No,62,Yes,Yes,Fiber optic,Yes,Yes,Yes,No,No,No,One year,Yes,Electronic check,92.05,5755.8,No,60+,92.83548387096776,5,1
Male,0,Yes,Yes,40,Yes,No,Fiber optic,No,No,Yes,No,Yes,No,One year,Yes,Electronic check,85.05,3355.65,No,25-48,83.89125,3,1
Female,0,No,No,20,Yes,No,No,No internet service,No internet service,No internet service,No internet service,No internet service,No internet service,Two year,No,Mailed check,19.7,406.95,No,13-24,20.3475,1,0
Female,0,No,No,7,Yes,No,No,No internet service,No internet service,No internet service,No internet service,No internet service,No internet service,Month-to-month,No,Bank transfer (automatic),20.0,137.6,Yes,0-12,19.65714285714285,1,0
Female,0,Yes,No,25,Yes,No,Fiber optic,No,No,No,Yes,Yes,Yes,Month-to-month,Yes,Electronic check,95.15,2395.7,No,25-48,95.828,4,1
Male,0,Yes,No,23,Yes,Yes,Fiber optic,No,Yes,Yes,No,No,No,Month-to-month,No,Electronic check,84.25,1968.1,No,13-24,85.5695652173913,4,1
Female,1,Yes,No,66,Yes,Yes,Fiber optic,No,Yes,Yes,No,Yes,Yes,One year,No,Credit card (automatic),104.6,6819.45,No,60+,103.325,6,1
Female,1,No,No,72,Yes,Yes,Fiber optic,No,Yes,Yes,Yes,Yes,Yes,Two year,No,Electronic check,111.65,7943.45,No,60+,110.32569444444444,7,1
Male,1,Yes,No,49,Yes,Yes,Fiber optic,No,Yes,No,No,No,Yes,Month-to-month,No,Credit card (automatic),90.05,4547.25,Yes,49-60,92.80102040816328,4,1
Male,1,Yes,Yes,43,Yes,Yes,Fiber optic,No,Yes,Yes,Yes,Yes,Yes,Month-to-month,Yes,Bank transfer (automatic),110.75,4687.9,Yes,25-48,109.02093023255811,7,1
Female,0,Yes,No,46,Yes,Yes,DSL,Yes,No,No,No,No,No,Month-to-month,No,Bank transfer (automatic),55.0,2473.95,No,25-48,53.78152173913043,3,1
Male,0,Yes,Yes,72,Yes,Yes,DSL,Yes,Yes,Yes,Yes,Yes,Yes,Two year,No,Credit card (automatic),89.85,6562.9,No,60+,91.15138888888887,8,1
Male,0,No,No,10,Yes,No,No,No internet service,No internet service,No internet service,No internet service,No internet service,No internet service,One year,No,Mailed check,20.35,176.3,No,0-12,17.630000000000003,1,0
Female,0,No,No,40,No,No phone service,DSL,Yes,No,No,Yes,Yes,Yes,One year,Yes,Bank transfer (automatic),54.55,2236.2,No,25-48,55.905,4,1
Female,0,Yes,Yes,65,Yes,Yes,Fiber optic,No,Yes,Yes,No,Yes,Yes,Month-to-month,Yes,Electronic check,105.5,6985.65,Yes,60+,107.47153846153846,6,1
Male,0,No,No,31,Yes,No,Fiber optic,No,No,Yes,Yes,Yes,Yes,Two year,No,Bank transfer (automatic),99.45,3109.9,No,25-48,100.31935483870969,5,1
Female,0,Yes,No,68,Yes,Yes,DSL,Yes,Yes,Yes,Yes,No,No,Two year,No,Credit card (automatic),70.9,4911.35,No,60+,72.22573529411765,6,1
Male,1,Yes,Yes,56,Yes,Yes,Fiber optic,Yes,No,Yes,No,Yes,Yes,One year,Yes,Bank transfer (automatic),104.55,5794.65,Yes,49-60,103.47589285714284,6,1
Male,0,Yes,No,10,Yes,Yes,Fiber optic,No,No,No,No,No,Yes,Month-to-month,Yes,Electronic check,85.25,855.3,Yes,0-12,85.53,3,1
Male,0,Yes,Yes,68,Yes,Yes,No,No internet service,No internet service,No internet service,No internet service,No internet service,No internet service,Two year,No,Bank transfer (automatic),25.4,1620.2,No,60+,23.826470588235296,2,0
Female,0,Yes,Yes,43,Yes,No,DSL,No,No,No,No,Yes,No,Month-to-month,No,Electronic check,56.15,2499.3,Yes,25-48,58.12325581395349,2,1
Male,0,No,No,1,Yes,No,Fiber optic,No,No,No,No,Yes,Yes,Month-to-month,Yes,Electronic check,89.55,89.55,Yes,0-12,89.55,3,1
Female,1,No,No,49,Yes,No,Fiber optic,No,Yes,Yes,No,No,Yes,One year,Yes,Bank transfer (automatic),89.85,4287.2,No,49-60,87.4938775510204,4,1
Female,0,Yes,Yes,15,Yes,Yes,No,No internet service,No internet service,No internet service,No internet service,No internet service,No internet service,Month-to-month,Yes,Electronic check,25.25,394.85,No,13-24,26.32333333333333,2,0
Male,1,Yes,No,20,Yes,Yes,Fiber optic,No,No,No,No,Yes,Yes,Month-to-month,Yes,Electronic check,94.55,1899.65,Yes,13-24,94.9825,4,1
Male,0,No,No,1,Yes,No,DSL,No,No,No,No,No,No,Month-to-month,Yes,Mailed check,45.7,45.7,Yes,0-12,45.7,1,1
Male,0,Yes,Yes,50,Yes,Yes,DSL,No,No,Yes,Yes,Yes,No,One year,Yes,Electronic check,69.65,3442.15,No,49-60,68.843,5,1
Female,1,No,No,2,Yes,Yes,Fiber optic,No,Yes,No,No,No,Yes,Month-to-month,No,Electronic check,89.5,161.5,Yes,0-12,80.75,4,1
Male,1,No,No,24,Yes,No,Fiber optic,No,No,No,No,No,No,Month-to-month,No,Credit card (automatic),70.0,1732.6,No,13-24,72.19166666666666,1,1
Female,0,No,No,3,Yes,No,Fiber optic,No,No,No,No,No,No,Month-to-month,Yes,Bank transfer (automatic),69.55,222.3,Yes,0-12,74.10000000000001,1,1
Female,0,No,No,1,Yes,No,Fiber optic,No,No,Yes,No,No,No,Month-to-month,Yes,Mailed check,74.6,74.6,Yes,0-12,74.6,2,1
Male,0,Yes,Yes,35,Yes,No,No,No internet service,No internet service,No internet service,No internet service,No internet service,No internet service,Two year,No,Mailed check,20.1,655.3,No,25-48,18.72285714285714,1,0
Female,0,No,No,17,Yes,Yes,No,No internet service,No internet service,No internet service,No internet service,No internet service,No internet service,Month-to-month,No,Mailed check,24.8,475.25,No,13-24,27.955882352941178,2,0
Female,1,No,No,8,Yes,No,No,No internet service,No internet service,No internet service,No internet service,No internet service,No internet service,Month-to-month,No,Electronic check,19.65,164.3,Yes,0-12,20.5375,1,0
Male,0,No,No,10,Yes,No,Fiber optic,No,No,No,Yes,Yes,Yes,Month-to-month,Yes,Credit card (automatic),95.1,865.1,No,0-12,86.51,4,1
Male,0,Yes,Yes,68,Yes,Yes,DSL,Yes,Yes,Yes,Yes,Yes,Yes,Two year,Yes,Credit card (automatic),88.85,6132.7,No,60+,90.18676470588235,8,1
Male,0,Yes,No,45,Yes,No,DSL,Yes,Yes,Yes,No,Yes,Yes,One year,No,Bank transfer (automatic),78.8,3597.5,No,25-48,79.94444444444444,6,1
Male,0,Yes,Yes,2,Yes,No,No,No internet service,No internet service,No internet service,No internet service,No internet service,No internet service,One year,No,Mailed check,19.85,35.9,Yes,0-12,17.95,1,0
Male,0,Yes,No,37,Yes,No,No,No internet service,No internet service,No internet service,No internet service,No internet service,No internet service,Month-to-month,No,Bank transfer (automatic),20.35,697.65,No,25-48,18.855405405405406,1,0
Female,0,No,No,4,No,No phone service,DSL,No,No,No,No,No,No,Month-to-month,Yes,Mailed check,24.25,96.05,Yes,0-12,24.0125,0,1
Female,0,No,No,10,Yes,No,DSL,No,No,No,No,No,No,Month-to-month,No,Mailed check,45.25,428.7,No,0-12,42.87,1,1
Male,0,No,No,1,Yes,No,No,No internet service,No internet service,No internet service,No internet service,No internet service,No internet service,Month-to-month,No,Mailed check,20.05,20.05,No,0-12,20.05,1,0
Male,0,Yes,Yes,65,Yes,Yes,DSL,Yes,Yes,No,No,No,Yes,Two year,Yes,Mailed check,69.55,4459.15,No,60+,68.60230769230769,5,1
Female,0,Yes,Yes,57,Yes,No,No,No internet service,No internet service,No internet service,No internet service,No internet service,No internet service,Two year,No,Bank transfer (automatic),19.5,1167.6,No,49-60,20.48421052631579,1,0
Female,0,No,No,3,Yes,No,Fiber optic,No,No,Yes,No,No,No,Month-to-month,Yes,Mailed check,74.75,238.1,No,0-12,79.36666666666666,2,1
Female,0,No,No,2,Yes,No,Fiber optic,No,No,No,No,No,No,Month-to-month,No,Electronic check,69.65,145.15,Yes,0-12,72.575,1,1
Male,0,No,No,49,No,No phone service,DSL,No,No,Yes,No,No,No,Month-to-month,Yes,Bank transfer (automatic),30.2,1453.1,No,49-60,29.655102040816324,1,1
Female,0,No,No,4,Yes,No,DSL,No,No,No,No,No,No,Month-to-month,No,Mailed check,45.65,191.05,Yes,0-12,47.7625,1,1
Female,0,Yes,No,70,No,No phone service,DSL,No,Yes,Yes,Yes,Yes,Yes,Two year,No,Bank transfer (automatic),57.8,4039.3,No,60+,57.70428571428572,5,1
Female,0,Yes,Yes,53,Yes,No,No,No internet service,No internet service,No internet service,No internet service,No internet service,No internet service,One year,Yes,Bank transfer (automatic),19.85,1039.45,No,49-60,19.6122641509434,1,0
Male,0,Yes,Yes,53,Yes,Yes,No,No internet service,No internet service,No internet service,No internet service,No internet service,No internet service,Two year,No,Credit card (automatic),25.55,1336.1,No,49-60,25.20943396226415,2,0
Female,0,No,No,1,Yes,Yes,Fiber optic,No,No,No,No,No,No,Month-to-month,Yes,Mailed check,75.05,75.05,Yes,0-12,75.05,2,1
Male,0,No,No,22,Yes,Yes,No,No internet service,No internet service,No internet service,No internet service,No internet service,No internet service,Month-to-month,Yes,Credit card (automatic),24.85,493.4,No,13-24,22.42727272727273,2,0
Male,1,No,No,52,No,No phone service,DSL,No,Yes,No,No,Yes,Yes,Month-to-month,Yes,Electronic check,49.15,2550.9,Yes,49-60,49.05576923076923,3,1
Male,1,No,No,65,Yes,Yes,Fiber optic,Yes,No,Yes,Yes,Yes,Yes,Two year,Yes,Electronic check,110.35,7246.15,No,60+,111.47923076923075,7,1
Female,0,No,No,48,Yes,Yes,No,No internet service,No internet service,No internet service,No internet service,No internet service,No internet service,One year,No,Bank transfer (automatic),24.55,1203.95,No,25-48,25.082291666666663,2,0
Female,0,No,No,2,No,No phone service,DSL,No,No,No,No,No,Yes,Month-to-month,Yes,Electronic check,34.7,62.25,Yes,0-12,31.125,1,1
Male,0,No,No,3,Yes,Yes,Fiber optic,No,Yes,Yes,No,Yes,Yes,Month-to-month,No,Mailed check,107.95,313.6,No,0-12,104.53333333333336,6,1
Male,0,Yes,No,45,Yes,Yes,Fiber optic,No,Yes,No,No,No,No,Month-to-month,No,Bank transfer (automatic),81.4,3775.85,No,25-48,83.90777777777778,3,1
Male,0,Yes,Yes,1,Yes,No,Fiber optic,No,No,No,No,No,Yes,Month-to-month,No,Electronic check,80.0,80.0,Yes,0-12,80.0,2,1
Female,0,Yes,Yes,61,Yes,No,DSL,No,No,Yes,Yes,Yes,Yes,Two year,Yes,Bank transfer (automatic),73.8,4616.05,No,60+,75.67295081967214,5,1
Male,0,No,No,3,Yes,No,DSL,Yes,No,No,Yes,Yes,No,Month-to-month,Yes,Credit card (automatic),64.4,195.65,No,0-12,65.21666666666667,4,1
Female,1,No,No,40,Yes,Yes,Fiber optic,No,No,Yes,Yes,Yes,Yes,One year,Yes,Credit card (automatic),103.75,4188.4,No,25-48,104.71,6,1
Female,0,No,No,1,Yes,No,Fiber optic,No,No,No,No,No,No,Month-to-month,No,Mailed check,71.1,71.1,No,0-12,71.1,1,1
Female,0,No,No,1,Yes,No,DSL,No,No,No,Yes,No,No,Month-to-month,Yes,Electronic check,49.9,49.9,No,0-12,49.9,2,1
Male,0,No,No,51,Yes,Yes,No,No internet service,No internet service,No internet service,No internet service,No internet service,No internet service,One year,Yes,Bank transfer (automatic),24.6,1266.4,No,49-60,24.83137254901961,2,0
Male,1,No,No,2,Yes,No,DSL,Yes,No,No,No,No,No,Month-to-month,Yes,Electronic check,49.25,91.1,Yes,0-12,45.55,2,1
Male,0,No,No,52,No,No phone service,DSL,No,Yes,No,No,No,No,One year,No,Mailed check,30.1,1623.4,No,49-60,31.21923076923077,1,1
Male,0,No,No,51,Yes,Yes,Fiber optic,No,No,No,No,No,Yes,Month-to-month,No,Bank transfer (automatic),83.4,4149.45,No,49-60,81.36176470588235,3,1
Male,0,No,No,1,Yes,No,No,No internet service,No internet service,No internet service,No internet service,No internet service,No internet service,Month-to-month,Yes,Mailed check,20.45,20.45,No,0-12,20.45,1,0
Male,0,Yes,Yes,31,Yes,Yes,DSL,Yes,Yes,No,Yes,No,Yes,One year,Yes,Bank transfer (automatic),75.25,2344.5,No,25-48,75.62903225806451,6,1
Male,0,No,Yes,47,Yes,No,No,No internet service,No internet service,No internet service,No internet service,No internet service,No internet service,One year,No,Credit card (automatic),20.55,1013.05,No,25-48,21.554255319148936,1,0
Female,0,No,No,3,Yes,Yes,Fiber optic,No,No,No,No,No,No,Month-to-month,Yes,Credit card (automatic),75.1,270.7,Yes,0-12,90.23333333333332,2,1
Female,1,No,No,22,Yes,No,No,No internet service,No internet service,No internet service,No internet service,No internet service,No internet service,One year,Yes,Mailed check,20.05,417.0,No,13-24,18.954545454545453,1,0
Female,0,Yes,No,1,Yes,No,No,No internet service,No internet service,No internet service,No internet service,No internet service,No internet service,Month-to-month,Yes,Mailed check,20.65,20.65,No,0-12,20.65,1,0
Male,0,Yes,No,72,Yes,Yes,DSL,No,Yes,Yes,Yes,Yes,Yes,Two year,Yes,Bank transfer (automatic),85.15,6316.2,No,60+,87.725,7,1
Male,0,Yes,Yes,3,Yes,No,DSL,No,No,Yes,No,No,No,Month-to-month,Yes,Electronic check,50.15,168.15,Yes,0-12,56.05,2,1
Male,1,Yes,Yes,47,Yes,No,Fiber optic,No,Yes,No,No,Yes,No,One year,Yes,Bank transfer (automatic),84.95,4018.05,No,25-48,85.4904255319149,3,1
Male,0,Yes,Yes,72,Yes,Yes,DSL,Yes,No,Yes,Yes,No,No,Two year,Yes,Credit card (automatic),66.5,4811.6,No,60+,66.82777777777778,5,1
Male,0,Yes,Yes,66,Yes,Yes,DSL,No,No,Yes,No,Yes,No,Two year,Yes,Bank transfer (automatic),63.3,4189.7,No,60+,63.48030303030303,4,1
Male,0,No,No,35,Yes,Yes,Fiber optic,No,No,No,No,Yes,No,Month-to-month,No,Electronic check,83.15,2848.45,No,25-48,81.38428571428571,3,1
Male,0,No,No,29,Yes,Yes,Fiber optic,No,No,No,No,No,Yes,Month-to-month,Yes,Electronic check,84.9,2516.2,No,25-48,86.7655172413793,3,1
Female,0,No,No,2,Yes,No,No,No internet service,No internet service,No internet service,No internet service,No internet service,No internet service,Month-to-month,Yes,Mailed check,20.55,33.6,No,0-12,16.8,1,0
Male,0,No,No,4,Yes,No,DSL,No,Yes,No,No,No,No,Month-to-month,No,Mailed check,49.25,208.45,No,0-12,52.1125,2,1
Female,0,No,No,25,Yes,No,Fiber optic,Yes,Yes,No,No,No,No,Month-to-month,Yes,Bank transfer (automatic),79.85,2015.35,Yes,25-48,80.61399999999999,3,1
Female,0,No,No,65,Yes,No,DSL,Yes,Yes,No,Yes,No,No,Two year,Yes,Mailed check,59.6,3739.8,No,60+,57.535384615384615,4,1
Male,1,No,No,27,Yes,Yes,Fiber optic,No,Yes,No,Yes,Yes,Yes,One year,Yes,Bank transfer (automatic),104.65,2964.0,No,25-48,109.77777777777776,6,1
Male,0,Yes,No,29,Yes,No,Fiber optic,No,No,Yes,No,No,No,Month-to-month,Yes,Credit card (automatic),75.3,2263.4,No,25-48,78.04827586206896,2,1
Male,0,Yes,Yes,29,Yes,Yes,DSL,No,Yes,Yes,No,Yes,Yes,Month-to-month,No,Credit card (automatic),80.1,2211.8,No,25-48,76.26896551724138,6,1
Male,0,No,No,1,Yes,No,No,No internet service,No internet service,No internet service,No internet service,No internet service,No internet service,Month-to-month,No,Mailed check,19.55,19.55,Yes,0-12,19.55,1,0
Female,0,Yes,No,20,Yes,No,Fiber optic,No,No,Yes,Yes,No,No,Month-to-month,Yes,Mailed check,81.0,1683.7,No,13-24,84.185,3,1
Female,0,No,No,58,Yes,Yes,No,No internet service,No internet service,No internet service,No internet service,No internet service,No internet service,Two year,Yes,Credit card (automatic),24.7,1519.0,No,49-60,26.189655172413797,2,0
Female,0,No,Yes,14,Yes,Yes,Fiber optic,Yes,No,No,Yes,No,No,Month-to-month,Yes,Mailed check,86.0,1164.05,No,13-24,83.14642857142857,4,1
Male,0,Yes,No,72,Yes,Yes,No,No internet service,No internet service,No internet service,No internet service,No internet service,No internet service,Two year,No,Mailed check,25.4,1710.9,No,60+,23.762500000000003,2,0
Male,0,No,No,46,Yes,Yes,Fiber optic,Yes,No,No,No,Yes,No,Month-to-month,Yes,Credit card (automatic),89.15,4245.55,No,25-48,92.29456521739132,4,1
Female,0,Yes,No,71,No,No phone service,DSL,No,Yes,Yes,Yes,Yes,Yes,Two year,No,Bank transfer (automatic),58.25,4145.9,No,60+,58.39295774647887,5,1
Male,0,No,No,32,Yes,Yes,Fiber optic,No,No,No,No,No,Yes,Month-to-month,Yes,Bank transfer (automatic),85.65,2664.3,No,25-48,83.259375,3,1
Female,0,No,No,26,No,No phone service,DSL,No,No,Yes,No,Yes,Yes,Month-to-month,Yes,Credit card (automatic),50.35,1277.5,No,25-48,49.13461538461539,3,1
Male,1,Yes,No,68,Yes,Yes,Fiber optic,No,No,Yes,No,No,No,Month-to-month,Yes,Credit card (automatic),80.35,5589.3,No,60+,82.19558823529412,3,1
Male,0,Yes,Yes,2,Yes,No,No,No internet service,No internet service,No internet service,No internet service,No internet service,No internet service,One year,No,Mailed check,20.2,34.75,No,0-12,17.375,1,0
Male,0,Yes,Yes,61,Yes,No,No,No internet service,No internet service,No internet service,No internet service,No internet service,No internet service,Two year,No,Credit card (automatic),20.55,1305.95,No,60+,21.409016393442624,1,0
Female,0,Yes,Yes,4,Yes,Yes,Fiber optic,No,No,No,No,No,Yes,Month-to-month,Yes,Electronic check,85.95,381.3,Yes,0-12,95.325,3,1
Male,0,No,No,3,Yes,No,DSL,No,No,No,No,No,No,Month-to-month,Yes,Electronic check,45.35,141.5,Yes,0-12,47.16666666666666,1,1
Male,1,Yes,No,33,Yes,Yes,Fiber optic,No,No,No,No,Yes,Yes,Month-to-month,Yes,Electronic check,94.5,3105.55,Yes,25-48,94.10757575757576,4,1
Male,1,Yes,No,9,Yes,No,No,No internet service,No internet service,No internet service,No internet service,No internet service,No internet service,Month-to-month,Yes,Mailed check,21.25,204.55,No,0-12,22.727777777777774,1,0
Female,0,No,No,22,Yes,Yes,No,No internet service,No internet service,No internet service,No internet service,No internet service,No internet service,Two year,No,Mailed check,26.25,605.9,No,13-24,27.54090909090909,2,0
Female,0,Yes,Yes,5,Yes,No,Fiber optic,No,No,No,No,Yes,No,Month-to-month,Yes,Electronic check,80.85,356.1,No,0-12,71.22,2,1
Female,1,No,No,30,Yes,Yes,Fiber optic,Yes,Yes,Yes,No,No,No,Month-to-month,No,Credit card (automatic),91.7,2758.15,Yes,25-48,91.93833333333332,5,1
Male,0,No,No,65,Yes,Yes,DSL,No,Yes,Yes,Yes,No,Yes,Two year,Yes,Credit card (automatic),74.2,4805.65,No,60+,73.93307692307691,6,1
Female,0,No,No,45,Yes,Yes,Fiber optic,No,No,Yes,Yes,No,No,Month-to-month,Yes,Electronic check,87.25,3941.7,Yes,25-48,87.59333333333333,4,1
Male,0,No,No,5,Yes,No,No,No internet service,No internet service,No internet service,No internet service,No internet service,No internet service,Month-to-month,No,Mailed check,20.35,92.75,No,0-12,18.55,1,0
Male,0,Yes,Yes,25,Yes,No,Fiber optic,No,Yes,No,No,No,No,Month-to-month,Yes,Electronic check,75.5,1901.05,No,25-48,76.042,2,1
Female,0,Yes,Yes,72,Yes,Yes,Fiber optic,Yes,No,No,No,No,No,Two year,No,Bank transfer (automatic),79.05,5730.7,No,60+,79.59305555555555,3,1
Female,0,Yes,No,27,Yes,Yes,Fiber optic,No,No,Yes,No,No,Yes,Month-to-month,No,Bank transfer (automatic),90.15,2423.4,No,25-48,89.75555555555556,4,1
Male,0,Yes,Yes,32,No,No phone service,DSL,No,No,Yes,No,Yes,Yes,Month-to-month,No,Credit card (automatic),50.6,1653.45,No,25-48,51.6703125,3,1
Female,0,No,No,30,Yes,Yes,Fiber optic,No,Yes,Yes,Yes,Yes,Yes,One year,No,Credit card (automatic),110.45,3327.05,No,25-48,110.90166666666669,7,1
Male,0,Yes,No,70,Yes,No,Fiber optic,Yes,Yes,Yes,Yes,No,Yes,Two year,No,Credit card (automatic),101.0,7085.5,No,60+,101.22142857142858,6,1
Male,1,No,No,42,Yes,Yes,Fiber optic,No,Yes,No,No,No,No,Month-to-month,Yes,Bank transfer (automatic),79.35,3344.1,No,25-48,79.62142857142857,3,1
Female,1,Yes,No,72,Yes,Yes,DSL,Yes,Yes,Yes,Yes,Yes,Yes,Two year,Yes,Bank transfer (automatic),89.85,6697.35,No,60+,93.01875,8,1
Female,0,No,No,47,Yes,Yes,DSL,Yes,No,Yes,Yes,No,No,Two year,Yes,Mailed check,65.0,2879.9,No,25-48,61.27446808510639,5,1
Female,0,No,No,2,Yes,No,Fiber optic,Yes,No,Yes,No,No,No,Month-to-month,Yes,Electronic check,80.45,137.1,No,0-12,68.55,3,1
Male,0,No,No,10,Yes,Yes,Fiber optic,Yes,No,No,No,Yes,Yes,Month-to-month,No,Electronic check,98.55,1008.55,Yes,0-12,100.855,5,1
Female,0,Yes,Yes,61,Yes,Yes,No,No internet service,No internet service,No internet service,No internet service,No internet service,No internet service,Two year,Yes,Mailed check,24.1,1551.6,No,60+,25.43606557377049,2,0
Female,0,No,No,5,Yes,No,DSL,No,No,No,No,No,No,Month-to-month,Yes,Credit card (automatic),44.05,202.15,No,0-12,40.43,1,1
Female,1,Yes,No,72,Yes,Yes,Fiber optic,No,Yes,Yes,Yes,Yes,Yes,Two year,Yes,Credit card (automatic),110.8,7882.25,No,60+,109.47569444444444,7,1
Male,1,Yes,Yes,72,Yes,Yes,Fiber optic,Yes,Yes,Yes,Yes,Yes,Yes,Two year,Yes,Bank transfer (automatic),114.95,8196.4,No,60+,113.83888888888887,8,1
Female,1,No,No,3,Yes,No,Fiber optic,No,No,Yes,No,No,No,Month-to-month,No,Mailed check,75.05,202.9,No,0-12,67.63333333333334,2,1
Male,0,Yes,No,48,Yes,No,No,No internet service,No internet service,No internet service,No internet service,No internet service,No internet service,Two year,No,Mailed check,19.25,855.1,No,25-48,17.814583333333335,1,0
Female,0,No,No,63,Yes,No,Fiber optic,No,No,Yes,Yes,Yes,No,One year,Yes,Credit card (automatic),90.05,5817.0,No,60+,92.33333333333331,4,1
Female,0,No,No,27,Yes,No,DSL,Yes,Yes,No,No,No,No,Month-to-month,Yes,Mailed check,56.7,1652.95,No,25-48,61.220370370370375,3,1
Male,0,Yes,Yes,70,Yes,No,DSL,Yes,Yes,Yes,No,Yes,Yes,Two year,Yes,Credit card (automatic),80.15,5600.15,No,60+,80.00214285714286,6,1
Male,0,Yes,Yes,7,Yes,No,DSL,Yes,No,Yes,Yes,No,Yes,Month-to-month,Yes,Credit card (automatic),71.35,515.75,No,0-12,73.67857142857143,5,1
Male,0,No,Yes,0,Yes,No,No,No internet service,No internet service,No internet service,No internet service,No internet service,No internet service,Two year,No,Mailed check,20.25,1397.475,No,,1397.475,1,0
Female,0,Yes,No,2,Yes,No,Fiber optic,Yes,Yes,No,No,Yes,No,Month-to-month,No,Electronic check,90.35,190.5,No,0-12,95.25,4,1
Male,1,No,No,20,Yes,Yes,Fiber optic,No,No,Yes,No,Yes,Yes,Month-to-month,Yes,Electronic check,98.55,1842.8,Yes,13-24,92.14,5,1
Male,0,No,No,66,Yes,No,No,No internet service,No internet service,No internet service,No internet service,No internet service,No internet service,Two year,No,Bank transfer (automatic),19.7,1253.8,No,60+,18.996969696969696,1,0
Female,0,No,No,3,Yes,No,No,No internet service,No internet service,No internet service,No internet service,No internet service,No internet service,Month-to-month,No,Mailed check,19.85,57.2,No,0-12,19.066666666666663,1,0
Female,0,No,Yes,15,Yes,No,Fiber optic,No,Yes,No,No,No,Yes,Month-to-month,Yes,Bank transfer (automatic),85.9,1269.55,Yes,13-24,84.63666666666667,3,1
Female,0,Yes,Yes,72,Yes,Yes,Fiber optic,Yes,Yes,No,Yes,No,No,Two year,Yes,Bank transfer (automatic),90.35,6563.4,No,60+,91.15833333333332,5,1
Male,0,No,No,1,Yes,No,No,No internet service,No internet service,No internet service,No internet service,No internet service,No internet service,Month-to-month,No,Mailed check,20.8,20.8,No,0-12,20.8,1,0
Female,0,No,No,22,Yes,No,Fiber optic,No,No,No,No,Yes,Yes,Month-to-month,No,Electronic check,89.25,1907.85,Yes,13-24,86.72045454545454,3,1
Male,0,Yes,No,3,Yes,No,Fiber optic,No,No,No,No,No,No,Month-to-month,Yes,Electronic check,70.3,208.85,Yes,0-12,69.61666666666666,1,1
Female,0,Yes,Yes,72,Yes,Yes,DSL,Yes,No,Yes,Yes,No,No,Two year,No,Bank transfer (automatic),66.85,4758.8,No,60+,66.09444444444445,5,1
Male,0,Yes,Yes,65,Yes,No,No,No internet service,No internet service,No internet service,No internet service,No internet service,No internet service,Two year,No,Mailed check,19.9,1292.6,No,60+,19.88615384615385,1,0
Female,0,No,No,11,No,No phone service,DSL,No,No,No,No,Yes,No,Month-to-month,Yes,Mailed check,35.8,363.15,No,0-12,33.01363636363636,1,1
Male,0,No,No,22,Yes,Yes,Fiber optic,No,Yes,No,No,No,No,Month-to-month,Yes,Mailed check,78.85,1600.25,No,13-24,72.73863636363636,3,1
Male,0,No,No,14,Yes,No,No,No internet service,No internet service,No internet service,No internet service,No internet service,No internet service,One year,No,Bank transfer (automatic),20.4,275.7,No,13-24,19.692857142857143,1,0
Male,0,No,No,41,Yes,No,Fiber optic,No,No,No,Yes,No,No,Month-to-month,Yes,Electronic check,74.25,3089.1,No,25-48,75.34390243902439,2,1
Male,0,Yes,No,17,Yes,No,DSL,Yes,Yes,No,No,No,Yes,One year,No,Mailed check,64.8,1175.6,No,13-24,69.15294117647058,4,1
Male,0,No,No,11,Yes,No,No,No internet service,No internet service,No internet service,No internet service,No internet service,No internet service,Month-to-month,Yes,Credit card (automatic),20.45,237.3,No,0-12,21.572727272727278,1,0
Male,0,No,No,15,Yes,Yes,Fiber optic,No,No,No,No,Yes,Yes,Month-to-month,Yes,Electronic check,93.35,1444.65,Yes,13-24,96.31,4,1
Female,0,No,No,1,Yes,No,No,No internet service,No internet service,No internet service,No internet service,No internet service,No internet service,Month-to-month,No,Mailed check,19.9,19.9,Yes,0-12,19.9,1,0
Female,0,Yes,No,5,Yes,No,Fiber optic,Yes,No,Yes,No,No,Yes,Month-to-month,Yes,Mailed check,88.9,454.15,Yes,0-12,90.83,4,1
Male,0,Yes,No,33,Yes,No,Fiber optic,No,No,Yes,No,Yes,Yes,One year,Yes,Electronic check,95.8,3036.75,Yes,25-48,92.02272727272728,4,1
Female,0,Yes,No,72,Yes,Yes,Fiber optic,Yes,Yes,Yes,No,Yes,Yes,Two year,Yes,Credit card (automatic),110.65,8065.65,No,60+,112.02291666666666,7,1
Female,0,Yes,Yes,3,No,No phone service,DSL,No,Yes,No,No,No,Yes,Month-to-month,No,Mailed check,40.3,92.5,No,0-12,30.83333333333333,2,1
Male,0,No,No,2,Yes,Yes,Fiber optic,No,Yes,No,No,No,No,Month-to-month,Yes,Electronic check,82.0,184.65,Yes,0-12,92.325,3,1
Female,0,Yes,No,59,Yes,Yes,Fiber optic,Yes,Yes,Yes,Yes,No,Yes,One year,Yes,Credit card (automatic),107.0,6152.3,No,49-60,104.27627118644068,7,1
Male,0,No,No,2,Yes,No,DSL,No,No,No,No,No,No,Month-to-month,No,Electronic check,45.35,89.5,Yes,0-12,44.75,1,1
Male,0,Yes,Yes,71,Yes,No,DSL,No,Yes,No,Yes,Yes,Yes,Two year,Yes,Credit card (automatic),73.35,5154.5,No,60+,72.59859154929578,5,1
Female,0,Yes,Yes,5,Yes,No,DSL,No,No,No,No,No,No,Month-to-month,No,Mailed check,44.8,220.45,No,0-12,44.09,1,1
Male,0,Yes,Yes,27,Yes,No,DSL,Yes,Yes,No,No,No,No,Month-to-month,Yes,Credit card (automatic),54.75,1510.3,No,25-48,55.93703703703704,3,1
Female,0,No,No,1,Yes,No,DSL,No,No,No,Yes,No,No,Month-to-month,Yes,Electronic check,52.2,52.2,Yes,0-12,52.2,2,1
Male,0,No,Yes,63,No,No phone service,DSL,Yes,Yes,No,Yes,No,No,One year,Yes,Bank transfer (automatic),40.6,2588.95,No,60+,41.09444444444444,3,1
Female,1,No,No,46,Yes,Yes,Fiber optic,Yes,Yes,Yes,No,Yes,Yes,One year,Yes,Electronic check,110.0,4874.8,Yes,25-48,105.97391304347826,7,1
Male,0,Yes,Yes,72,Yes,Yes,DSL,Yes,No,No,No,No,No,Two year,No,Bank transfer (automatic),55.3,3983.6,No,60+,55.327777777777776,3,1
Female,0,Yes,No,34,Yes,Yes,DSL,Yes,No,No,Yes,No,No,Month-to-month,Yes,Bank transfer (automatic),60.85,2003.6,No,25-48,58.92941176470588,4,1
Female,0,Yes,Yes,24,Yes,Yes,DSL,Yes,Yes,No,No,Yes,Yes,One year,No,Electronic check,78.4,1832.4,No,13-24,76.35000000000001,6,1
Male,0,No,No,72,Yes,Yes,DSL,Yes,Yes,Yes,Yes,No,No,Two year,No,Bank transfer (automatic),69.65,4908.25,No,60+,68.17013888888889,6,1
Female,0,Yes,Yes,60,No,No phone service,DSL,Yes,No,Yes,Yes,Yes,Yes,Two year,No,Credit card (automatic),59.85,3590.2,No,49-60,59.836666666666666,5,1
Male,0,No,No,68,Yes,Yes,DSL,Yes,Yes,Yes,No,No,Yes,One year,Yes,Credit card (automatic),76.9,5023.0,No,60+,73.86764705882354,6,1
Female,0,Yes,Yes,8,Yes,No,No,No internet service,No internet service,No internet service,No internet service,No internet service,No internet service,Two year,Yes,Mailed check,19.85,146.6,No,0-12,18.325,1,0
Female,0,No,Yes,34,Yes,No,DSL,Yes,No,Yes,Yes,Yes,No,Two year,No,Credit card (automatic),67.65,2339.3,No,25-48,68.8029411764706,5,1
Female,0,No,No,6,No,No phone service,DSL,No,No,No,No,Yes,Yes,Month-to-month,No,Credit card (automatic),45.0,298.7,No,0-12,49.78333333333333,2,1
Male,0,Yes,No,2,Yes,No,DSL,No,Yes,No,Yes,No,Yes,Month-to-month,Yes,Mailed check,64.2,143.65,No,0-12,71.825,4,1
Male,0,No,No,31,Yes,Yes,Fiber optic,No,No,No,Yes,No,No,One year,No,Credit card (automatic),81.7,2548.65,No,25-48,82.21451612903226,3,1
Female,0,Yes,Yes,20,Yes,Yes,No,No internet service,No internet service,No internet service,No internet service,No internet service,No internet service,Month-to-month,Yes,Bank transfer (automatic),25.55,507.4,No,13-24,25.37,2,0
Female,0,Yes,Yes,1,Yes,No,No,No internet service,No internet service,No internet service,No internet service,No internet service,No internet service,Month-to-month,No,Electronic check,20.0,20.0,No,0-12,20.0,1,0
Male,0,No,No,62,Yes,Yes,Fiber optic,No,No,Yes,No,Yes,Yes,One year,Yes,Electronic check,96.75,6125.4,Yes,60+,98.7967741935484,5,1
Female,1,Yes,No,70,Yes,Yes,Fiber optic,No,No,No,No,No,No,Two year,Yes,Credit card (automatic),75.65,5411.4,No,60+,77.30571428571427,2,1
Female,0,No,No,10,Yes,Yes,Fiber optic,No,No,No,Yes,Yes,Yes,Month-to-month,Yes,Electronic check,98.5,1058.25,Yes,0-12,105.825,5,1
Male,0,Yes,Yes,39,Yes,Yes,No,No internet service,No internet service,No internet service,No internet service,No internet service,No internet service,Two year,Yes,Mailed check,23.8,903.8,No,25-48,23.174358974358974,2,0
Female,0,Yes,No,46,Yes,No,DSL,No,Yes,No,Yes,Yes,No,Two year,Yes,Credit card (automatic),64.2,3009.5,No,25-48,65.42391304347827,4,1
Male,0,No,No,6,Yes,No,Fiber optic,No,Yes,No,No,Yes,No,Month-to-month,Yes,Electronic check,85.35,489.45,Yes,0-12,81.575,3,1
Female,0,Yes,Yes,72,Yes,Yes,DSL,No,No,Yes,No,Yes,Yes,Two year,Yes,Bank transfer (automatic),76.8,5468.45,No,60+,75.95069444444444,5,1
Male,0,No,No,18,Yes,No,DSL,No,No,Yes,Yes,No,No,Month-to-month,No,Credit card (automatic),55.2,1058.1,No,13-24,58.78333333333333,3,1
Male,0,Yes,No,71,Yes,Yes,Fiber optic,Yes,No,Yes,Yes,Yes,Yes,Two year,Yes,Credit card (automatic),108.55,7616.0,No,60+,107.26760563380282,7,1
Male,0,Yes,No,40,Yes,Yes,Fiber optic,No,Yes,No,No,Yes,Yes,Month-to-month,Yes,Electronic check,101.3,4113.1,Yes,25-48,102.8275,5,1
Male,0,No,No,1,Yes,No,Fiber optic,No,No,No,No,No,No,Month-to-month,Yes,Electronic check,69.55,69.55,Yes,0-12,69.55,1,1
Male,0,No,No,58,Yes,Yes,Fiber optic,No,Yes,Yes,No,Yes,Yes,One year,Yes,Bank transfer (automatic),103.25,6017.65,Yes,49-60,103.75258620689657,6,1
Male,0,No,No,70,Yes,Yes,Fiber optic,Yes,No,No,Yes,Yes,Yes,Two year,Yes,Credit card (automatic),104.0,7250.15,Yes,60+,103.57357142857144,6,1
Female,0,Yes,No,42,Yes,Yes,No,No internet service,No internet service,No internet service,No internet service,No internet service,No internet service,Two year,No,Electronic check,25.25,1108.2,No,25-48,26.38571428571429,2,0
Male,0,Yes,Yes,34,No,No phone service,DSL,Yes,No,No,No,No,No,One year,No,Bank transfer (automatic),30.4,938.65,No,25-48,27.60735294117647,1,1
Male,1,No,No,5,Yes,No,No,No internet service,No internet service,No internet service,No internet service,No internet service,No internet service,Month-to-month,No,Bank transfer (automatic),20.05,94.15,No,0-12,18.83,1,0
Female,0,No,No,25,Yes,Yes,Fiber optic,No,No,No,No,Yes,No,Month-to-month,Yes,Mailed check,84.6,2088.05,No,25-48,83.522,3,1
Female,0,No,No,2,Yes,No,Fiber optic,No,No,Yes,No,No,Yes,Month-to-month,Yes,Mailed check,86.2,178.7,Yes,0-12,89.35,3,1
Female,0,Yes,Yes,55,Yes,No,Fiber optic,No,Yes,Yes,Yes,Yes,Yes,One year,Yes,Bank transfer (automatic),103.7,5656.75,No,49-60,102.85,6,1
Male,0,Yes,No,21,Yes,Yes,Fiber optic,No,Yes,Yes,Yes,Yes,Yes,Month-to-month,Yes,Electronic check,111.2,2317.1,Yes,13-24,110.33809523809524,7,1
Male,0,Yes,No,70,Yes,Yes,Fiber optic,Yes,Yes,No,Yes,No,No,Two year,Yes,Credit card (automatic),88.0,5986.45,No,60+,85.52071428571428,5,1
Female,0,Yes,No,61,Yes,Yes,Fiber optic,No,No,Yes,Yes,Yes,Yes,Month-to-month,Yes,Electronic check,106.35,6751.35,No,60+,110.67786885245904,6,1
Male,0,Yes,Yes,43,Yes,No,DSL,Yes,No,Yes,Yes,Yes,Yes,Two year,Yes,Credit card (automatic),79.15,3566.6,No,25-48,82.94418604651163,6,1
Male,0,No,No,47,Yes,Yes,Fiber optic,No,Yes,Yes,No,Yes,Yes,One year,Yes,Electronic check,103.1,4889.3,No,25-48,104.02765957446807,6,1
Male,0,No,No,5,Yes,No,DSL,No,No,Yes,Yes,Yes,No,Month-to-month,Yes,Credit card (automatic),63.95,318.1,No,0-12,63.620000000000005,4,1
Female,0,No,No,62,Yes,Yes,No,No internet service,No internet service,No internet service,No internet service,No internet service,No internet service,Two year,Yes,Credit card (automatic),25.8,1563.95,No,60+,25.225,2,0
Female,0,Yes,Yes,16,Yes,No,Fiber optic,No,Yes,Yes,No,Yes,No,Month-to-month,Yes,Credit card (automatic),89.45,1430.25,Yes,13-24,89.390625,4,1
Male,1,Yes,No,7,Yes,Yes,Fiber optic,No,No,No,No,Yes,Yes,Month-to-month,Yes,Bank transfer (automatic),95.6,644.35,Yes,0-12,92.05,4,1
Female,0,Yes,Yes,14,Yes,Yes,No,No internet service,No internet service,No internet service,No internet service,No internet service,No internet service,Month-to-month,No,Mailed check,25.55,372.45,No,13-24,26.603571428571428,2,0
Male,0,Yes,Yes,60,Yes,No,Fiber optic,No,Yes,Yes,No,Yes,No,One year,No,Electronic check,90.95,5453.4,Yes,49-60,90.89,4,1
Male,0,Yes,Yes,34,No,No phone service,DSL,No,No,Yes,Yes,Yes,No,Month-to-month,Yes,Electronic check,44.85,1442.6,No,25-48,42.42941176470588,3,1
Female,0,Yes,No,50,Yes,Yes,Fiber optic,Yes,Yes,No,Yes,Yes,Yes,One year,No,Electronic check,108.55,5610.7,Yes,49-60,112.214,7,1
Male,0,Yes,Yes,38,Yes,Yes,No,No internet service,No internet service,No internet service,No internet service,No internet service,No internet service,Two year,No,Credit card (automatic),25.05,963.95,No,25-48,25.367105263157896,2,0
Female,0,Yes,Yes,70,Yes,No,DSL,Yes,Yes,Yes,Yes,No,Yes,One year,No,Credit card (automatic),74.1,5222.3,No,60+,74.60428571428572,6,1
Female,0,Yes,Yes,37,Yes,Yes,Fiber optic,No,Yes,No,No,Yes,No,Month-to-month,Yes,Electronic check,88.8,3340.55,No,25-48,90.28513513513514,4,1
Female,1,No,No,4,Yes,No,Fiber optic,No,No,No,No,Yes,No,Month-to-month,Yes,Electronic check,78.85,292.8,Yes,0-12,73.2,2,1
Male,1,Yes,Yes,60,Yes,Yes,Fiber optic,Yes,Yes,No,No,No,Yes,Month-to-month,Yes,Electronic check,93.25,5774.55,No,49-60,96.2425,5,1
Male,0,Yes,Yes,62,Yes,No,DSL,Yes,No,Yes,Yes,No,Yes,One year,No,Credit card (automatic),71.4,4487.3,No,60+,72.3758064516129,5,1
Male,0,No,No,1,Yes,No,DSL,No,No,No,No,No,No,Month-to-month,No,Mailed check,44.4,44.4,Yes,0-12,44.4,1,1
Male,0,No,No,36,Yes,No,DSL,Yes,No,Yes,Yes,Yes,Yes,Month-to-month,Yes,Credit card (automatic),79.2,2854.95,No,25-48,79.30416666666666,6,1
Male,0,No,No,44,Yes,No,No,No internet service,No internet service,No internet service,No internet service,No internet service,No internet service,Two year,No,Credit card (automatic),20.4,905.55,No,25-48,20.580681818181816,1,0
Female,1,No,No,55,Yes,Yes,Fiber optic,No,No,Yes,No,Yes,Yes,One year,Yes,Electronic check,100.0,5509.3,Yes,49-60,100.16909090909093,5,1
Female,0,Yes,No,72,Yes,Yes,Fiber optic,Yes,No,Yes,No,Yes,Yes,Two year,Yes,Credit card (automatic),105.0,7589.8,No,60+,105.41388888888888,6,1
Female,0,Yes,Yes,12,Yes,No,No,No internet service,No internet service,No internet service,No internet service,No internet service,No internet service,One year,No,Bank transfer (automatic),19.8,229.6,Yes,0-12,19.133333333333333,1,0
Female,0,No,No,13,No,No phone service,DSL,Yes,No,No,No,No,No,Month-to-month,Yes,Bank transfer (automatic),30.85,394.1,No,13-24,30.315384615384616,1,1
Male,0,No,No,1,Yes,No,Fiber optic,No,No,No,No,Yes,Yes,Month-to-month,Yes,Electronic check,89.9,89.9,Yes,0-12,89.9,3,1
Female,0,Yes,Yes,15,Yes,No,No,No internet service,No internet service,No internet service,No internet service,No internet service,No internet service,One year,No,Mailed check,20.55,295.95,No,13-24,19.73,1,0
Female,0,No,No,65,Yes,No,DSL,Yes,Yes,Yes,Yes,Yes,Yes,Two year,Yes,Bank transfer (automatic),84.85,5459.2,No,60+,83.9876923076923,7,1
Female,0,Yes,Yes,12,No,No phone service,DSL,Yes,No,No,Yes,No,No,One year,No,Credit card (automatic),33.15,444.75,No,0-12,37.0625,2,1
Male,0,Yes,No,72,Yes,Yes,DSL,Yes,Yes,Yes,Yes,Yes,Yes,Two year,Yes,Credit card (automatic),92.0,6782.15,No,60+,94.19652777777776,8,1
Female,0,Yes,Yes,72,Yes,Yes,DSL,Yes,Yes,Yes,Yes,Yes,Yes,Two year,No,Credit card (automatic),89.8,6510.45,No,60+,90.42291666666668,8,1
Female,0,Yes,Yes,72,Yes,Yes,Fiber optic,Yes,Yes,Yes,Yes,Yes,Yes,Two year,Yes,Bank transfer (automatic),115.8,8476.5,No,60+,117.72916666666669,8,1
Male,0,No,Yes,52,Yes,Yes,DSL,Yes,Yes,No,Yes,Yes,Yes,Two year,Yes,Mailed check,85.15,4461.85,No,49-60,85.8048076923077,7,1
Male,0,No,No,2,Yes,Yes,No,No internet service,No internet service,No internet service,No internet service,No internet service,No internet service,Month-to-month,No,Mailed check,24.85,62.0,No,0-12,31.0,2,0
Female,0,No,No,5,Yes,No,DSL,Yes,No,No,Yes,Yes,No,Month-to-month,Yes,Electronic check,64.35,352.65,No,0-12,70.53,4,1
Female,0,No,No,68,Yes,No,No,No internet service,No internet service,No internet service,No internet service,No internet service,No internet service,Two year,No,Credit card (automatic),20.5,1424.9,No,60+,20.954411764705885,1,0
Female,0,No,Yes,62,Yes,Yes,Fiber optic,No,No,Yes,No,Yes,Yes,One year,Yes,Electronic check,100.15,6413.65,Yes,60+,103.44596774193548,5,1
Male,0,No,No,72,Yes,Yes,DSL,Yes,Yes,No,Yes,Yes,Yes,Two year,No,Credit card (automatic),86.05,6309.65,No,60+,87.63402777777777,7,1
Male,0,No,No,1,Yes,No,DSL,No,Yes,No,No,No,No,Month-to-month,No,Electronic check,50.8,50.8,Yes,0-12,50.8,2,1
Female,0,Yes,No,66,Yes,Yes,Fiber optic,Yes,Yes,No,Yes,No,No,One year,No,Electronic check,89.0,5898.6,No,60+,89.37272727272727,5,1
Male,0,Yes,Yes,72,No,No phone service,DSL,Yes,Yes,Yes,Yes,Yes,Yes,Two year,Yes,Credit card (automatic),64.8,4719.75,No,60+,65.55208333333333,6,1
Male,0,No,No,26,Yes,No,No,No internet service,No internet service,No internet service,No internet service,No internet service,No internet service,One year,No,Credit card (automatic),19.8,457.3,No,25-48,17.588461538461537,1,0
Male,0,Yes,Yes,64,Yes,Yes,Fiber optic,Yes,No,Yes,No,No,Yes,Two year,No,Bank transfer (automatic),93.4,5822.3,No,60+,90.9734375,5,1
Male,1,Yes,No,20,Yes,No,Fiber optic,No,Yes,No,No,No,No,Month-to-month,Yes,Electronic check,73.65,1463.5,Yes,13-24,73.175,2,1
Female,0,No,No,3,Yes,No,Fiber optic,No,Yes,No,No,Yes,Yes,Month-to-month,Yes,Electronic check,95.1,307.4,Yes,0-12,102.46666666666664,4,1
Male,0,No,No,22,Yes,Yes,Fiber optic,No,No,No,No,Yes,Yes,Month-to-month,Yes,Credit card (automatic),94.65,2104.55,Yes,13-24,95.66136363636365,4,1
Male,0,Yes,No,4,Yes,No,Fiber optic,No,No,Yes,Yes,No,No,Month-to-month,Yes,Mailed check,80.6,319.15,Yes,0-12,79.7875,3,1
Male,0,Yes,No,62,No,No phone service,DSL,No,No,No,Yes,Yes,No,Two year,Yes,Bank transfer (automatic),39.0,2337.45,No,60+,37.7008064516129,2,1
Female,0,No,No,5,Yes,No,No,No internet service,No internet service,No internet service,No internet service,No internet service,No internet service,Month-to-month,Yes,Mailed check,20.5,104.3,No,0-12,20.86,1,0
Male,0,Yes,No,59,Yes,Yes,Fiber optic,No,No,No,No,No,Yes,One year,No,Electronic check,85.55,5084.65,Yes,49-60,86.18050847457627,3,1
Male,0,No,Yes,3,Yes,Yes,No,No internet service,No internet service,No internet service,No internet service,No internet service,No internet service,Two year,Yes,Mailed check,26.4,121.25,No,0-12,40.41666666666666,2,0
Female,0,Yes,No,72,Yes,Yes,Fiber optic,Yes,No,Yes,Yes,Yes,No,Two year,Yes,Bank transfer (automatic),98.2,7015.9,No,60+,97.44305555555556,6,1
Male,0,Yes,Yes,57,Yes,No,Fiber optic,No,Yes,Yes,No,Yes,Yes,One year,Yes,Credit card (automatic),97.55,5598.0,No,49-60,98.21052631578948,5,1
Male,0,No,Yes,66,Yes,No,No,No internet service,No internet service,No internet service,No internet service,No internet service,No internet service,Two year,No,Credit card (automatic),19.95,1269.1,No,60+,19.22878787878788,1,0
Female,0,No,No,60,No,No phone service,DSL,No,Yes,No,No,Yes,Yes,Month-to-month,Yes,Electronic check,50.8,3027.4,Yes,49-60,50.45666666666667,3,1
Male,0,No,Yes,45,Yes,Yes,Fiber optic,No,No,Yes,No,Yes,Yes,Two year,No,Bank transfer (automatic),99.7,4634.35,No,25-48,102.98555555555556,5,1
Female,0,No,No,3,No,No phone service,DSL,No,No,No,No,Yes,No,Month-to-month,Yes,Credit card (automatic),34.8,113.95,No,0-12,37.98333333333333,1,1
Female,0,No,No,15,Yes,No,Fiber optic,Yes,No,Yes,Yes,Yes,Yes,Month-to-month,No,Electronic check,105.1,1582.75,Yes,13-24,105.51666666666668,6,1
Female,0,No,Yes,51,No,No phone service,DSL,Yes,No,Yes,Yes,Yes,Yes,One year,No,Bank transfer (automatic),60.15,3077.0,No,49-60,60.333333333333336,5,1
Female,0,No,No,60,Yes,Yes,DSL,Yes,No,Yes,Yes,No,No,One year,No,Electronic check,64.75,4039.5,No,49-60,67.325,5,1
Male,0,No,No,33,Yes,Yes,DSL,No,Yes,No,No,No,No,Month-to-month,Yes,Bank transfer (automatic),54.65,1665.2,No,25-48,50.46060606060606,3,1
Male,0,No,No,10,Yes,No,Fiber optic,Yes,Yes,Yes,Yes,Yes,Yes,Month-to-month,Yes,Electronic check,110.1,1043.3,Yes,0-12,104.33,7,1
Male,1,No,No,26,Yes,No,No,No internet service,No internet service,No internet service,No internet service,No internet service,No internet service,One year,No,Credit card (automatic),19.3,504.2,No,25-48,19.392307692307693,1,0
Female,0,No,No,6,Yes,No,Fiber optic,No,No,Yes,No,No,Yes,Month-to-month,No,Electronic check,83.9,497.55,Yes,0-12,82.925,3,1
Female,0,Yes,No,67,Yes,Yes,Fiber optic,Yes,No,Yes,Yes,Yes,Yes,One year,Yes,Electronic check,111.25,7511.65,No,60+,112.1141791044776,7,1
Female,0,Yes,Yes,49,No,No phone service,DSL,Yes,No,No,Yes,No,No,One year,Yes,Credit card (automatic),35.8,1782.0,No,49-60,36.36734693877551,2,1
Male,0,No,No,1,Yes,No,No,No internet service,No internet service,No internet service,No internet service,No internet service,No internet service,Month-to-month,Yes,Mailed check,20.05,20.05,No,0-12,20.05,1,0
Female,1,No,No,7,Yes,No,Fiber optic,No,No,Yes,No,Yes,No,Month-to-month,Yes,Electronic check,84.35,609.65,No,0-12,87.09285714285714,3,1
Female,1,No,No,27,Yes,Yes,Fiber optic,Yes,Yes,Yes,No,Yes,Yes,One year,Yes,Bank transfer (automatic),110.5,2857.6,No,25-48,105.83703703703704,7,1
Male,0,Yes,Yes,37,Yes,No,Fiber optic,No,No,No,No,Yes,Yes,One year,No,Credit card (automatic),91.2,3247.55,No,25-48,87.77162162162162,3,1
Female,0,Yes,Yes,63,Yes,Yes,Fiber optic,Yes,Yes,Yes,No,Yes,No,Month-to-month,Yes,Electronic check,100.55,6215.35,Yes,60+,98.65634920634922,6,1
Male,0,Yes,Yes,31,Yes,Yes,Fiber optic,Yes,No,Yes,Yes,No,No,Month-to-month,No,Electronic check,89.3,2823.0,No,25-48,91.06451612903226,5,1
Male,0,Yes,Yes,50,Yes,Yes,Fiber optic,No,Yes,Yes,No,Yes,Yes,Month-to-month,Yes,Bank transfer (automatic),103.85,5017.9,Yes,49-60,100.358,6,1
Male,1,No,No,32,Yes,Yes,Fiber optic,No,No,Yes,No,No,No,Month-to-month,Yes,Credit card (automatic),81.1,2619.25,No,25-48,81.8515625,3,1
Female,0,No,No,1,No,No phone service,DSL,No,No,No,No,No,No,Month-to-month,No,Electronic check,24.6,24.6,Yes,0-12,24.6,0,1
Female,0,Yes,No,63,Yes,Yes,Fiber optic,No,No,No,Yes,No,No,One year,Yes,Credit card (automatic),81.2,4965.1,No,60+,78.81111111111112,3,1
Male,0,No,No,30,Yes,Yes,Fiber optic,Yes,Yes,No,No,No,Yes,Month-to-month,Yes,Credit card (automatic),94.3,2679.7,No,25-48,89.32333333333332,5,1
Male,0,Yes,No,71,Yes,Yes,Fiber optic,Yes,Yes,Yes,Yes,Yes,Yes,Two year,Yes,Bank transfer (automatic),116.1,8310.55,No,60+,117.04999999999998,8,1
Female,0,No,No,53,Yes,Yes,Fiber optic,No,Yes,Yes,No,Yes,Yes,Two year,No,Electronic check,105.55,5682.25,No,49-60,107.2122641509434,6,1
Female,0,No,No,12,Yes,No,Fiber optic,Yes,No,No,Yes,Yes,Yes,Month-to-month,Yes,Bank transfer (automatic),98.9,1120.95,Yes,0-12,93.4125,5,1
Male,0,Yes,No,50,Yes,Yes,Fiber optic,Yes,Yes,No,No,No,Yes,Month-to-month,Yes,Credit card (automatic),94.4,4914.9,No,49-60,98.298,5,1
Female,0,No,No,2,Yes,No,No,No internet service,No internet service,No internet service,No internet service,No internet service,No internet service,Month-to-month,No,Mailed check,19.5,27.55,No,0-12,13.775,1,0
Female,0,No,No,9,Yes,Yes,Fiber optic,No,No,Yes,No,Yes,Yes,Month-to-month,No,Credit card (automatic),98.3,923.5,Yes,0-12,102.61111111111111,5,1
Male,0,No,No,17,Yes,No,Fiber optic,Yes,No,No,No,Yes,Yes,Month-to-month,No,Electronic check,93.85,1625.65,Yes,13-24,95.62647058823528,4,1
Female,0,Yes,No,56,Yes,No,Fiber optic,Yes,Yes,Yes,No,Yes,Yes,One year,Yes,Credit card (automatic),105.6,6068.65,No,49-60,108.36875,6,1
Male,0,Yes,Yes,67,Yes,No,DSL,Yes,Yes,Yes,No,Yes,Yes,Two year,No,Credit card (automatic),81.35,5398.6,No,60+,80.57611940298509,6,1
Male,1,No,No,9,Yes,Yes,Fiber optic,No,No,Yes,No,Yes,Yes,Month-to-month,Yes,Electronic check,100.5,918.6,Yes,0-12,102.06666666666666,5,1
Male,0,No,No,4,Yes,No,DSL,No,No,No,No,Yes,No,Month-to-month,Yes,Electronic check,56.4,234.85,No,0-12,58.7125,2,1
Male,0,No,No,19,Yes,No,DSL,No,Yes,No,Yes,No,Yes,One year,Yes,Bank transfer (automatic),65.35,1231.85,No,13-24,64.83421052631579,4,1
Female,0,No,Yes,8,Yes,No,No,No internet service,No internet service,No internet service,No internet service,No internet service,No internet service,Month-to-month,No,Mailed check,19.95,170.9,No,0-12,21.3625,1,0
Female,0,No,No,71,Yes,Yes,Fiber optic,No,Yes,Yes,Yes,Yes,Yes,Two year,Yes,Electronic check,111.25,7984.15,No,60+,112.45281690140844,7,1
Male,1,No,No,10,Yes,No,Fiber optic,No,Yes,No,No,No,No,Month-to-month,Yes,Electronic check,72.85,688.65,Yes,0-12,68.865,2,1
Female,1,No,No,15,Yes,Yes,Fiber optic,No,Yes,No,No,Yes,No,Month-to-month,No,Credit card (automatic),89.0,1288.3,No,13-24,85.88666666666667,4,1
Male,0,Yes,Yes,72,Yes,Yes,Fiber optic,Yes,No,Yes,No,Yes,Yes,One year,Yes,Bank transfer (automatic),106.1,7848.5,No,60+,109.00694444444444,6,1
Male,0,No,No,12,Yes,No,No,No internet service,No internet service,No internet service,No internet service,No internet service,No internet service,One year,No,Credit card (automatic),20.05,267.0,No,0-12,22.25,1,0
Male,0,Yes,Yes,72,Yes,Yes,No,No internet service,No internet service,No internet service,No internet service,No internet service,No internet service,Two year,Yes,Bank transfer (automatic),25.2,1798.9,No,60+,24.984722222222224,2,0
Male,1,Yes,No,1,Yes,Yes,Fiber optic,No,No,No,No,No,No,Month-to-month,Yes,Electronic check,73.55,73.55,Yes,0-12,73.55,2,1
Female,1,No,No,23,Yes,No,Fiber optic,Yes,No,No,No,No,No,Month-to-month,Yes,Bank transfer (automatic),75.4,1643.55,No,13-24,71.45869565217392,2,1
Male,0,No,No,72,No,No phone service,DSL,Yes,Yes,Yes,Yes,Yes,Yes,Two year,Yes,Bank transfer (automatic),65.55,4807.45,No,60+,66.77013888888888,6,1
Female,0,No,No,26,Yes,Yes,Fiber optic,No,No,Yes,No,No,No,Month-to-month,Yes,Electronic check,80.7,2193.0,No,25-48,84.34615384615384,3,1
Female,0,No,No,21,Yes,No,Fiber optic,No,Yes,Yes,Yes,Yes,Yes,One year,Yes,Mailed check,104.55,2239.4,No,13-24,106.63809523809525,6,1
Male,0,Yes,No,60,Yes,Yes,No,No internet service,No internet service,No internet service,No internet service,No internet service,No internet service,One year,No,Bank transfer (automatic),24.15,1505.9,No,49-60,25.098333333333336,2,0
Male,0,No,No,12,Yes,No,No,No internet service,No internet service,No internet service,No internet service,No internet service,No internet service,Month-to-month,No,Mailed check,20.45,255.35,No,0-12,21.279166666666665,1,0
Male,0,Yes,No,16,Yes,Yes,Fiber optic,No,No,No,No,No,No,Month-to-month,Yes,Electronic check,75.4,1189.4,No,13-24,74.3375,2,1
Female,0,Yes,No,63,Yes,Yes,DSL,Yes,Yes,No,No,Yes,Yes,One year,Yes,Credit card (automatic),79.7,4786.15,No,60+,75.97063492063492,6,1
Female,1,No,No,22,Yes,No,Fiber optic,Yes,Yes,No,No,No,No,Month-to-month,No,Electronic check,81.7,1820.9,No,13-24,82.76818181818182,3,1
Female,0,Yes,Yes,32,Yes,No,DSL,Yes,Yes,Yes,Yes,No,Yes,Month-to-month,No,Bank transfer (automatic),76.3,2404.15,No,25-48,75.1296875,6,1
Female,1,No,No,3,Yes,Yes,Fiber optic,No,Yes,No,No,No,No,Month-to-month,Yes,Electronic check,79.4,205.05,Yes,0-12,68.35000000000001,3,1
Female,0,No,No,13,Yes,No,Fiber optic,No,Yes,Yes,No,No,No,Month-to-month,Yes,Electronic check,81.15,952.3,Yes,13-24,73.25384615384615,3,1
Female,0,Yes,Yes,68,Yes,Yes,Fiber optic,No,Yes,No,Yes,Yes,Yes,Two year,Yes,Credit card (automatic),103.75,7039.45,No,60+,103.52132352941176,6,1
Female,0,Yes,Yes,30,Yes,No,Fiber optic,No,No,Yes,No,No,Yes,One year,No,Electronic check,86.45,2538.05,No,25-48,84.60166666666667,3,1
Female,0,No,No,16,Yes,No,Fiber optic,No,Yes,No,No,No,No,Month-to-month,No,Bank transfer (automatic),75.1,1212.85,No,13-24,75.803125,2,1
Male,0,No,No,33,Yes,No,Fiber optic,No,Yes,No,Yes,No,No,Two year,No,Bank transfer (automatic),80.6,2651.1,No,25-48,80.33636363636363,3,1
Male,0,Yes,No,72,Yes,No,No,No internet service,No internet service,No internet service,No internet service,No internet service,No internet service,Two year,No,Credit card (automatic),19.3,1304.8,No,60+,18.12222222222222,1,0
Female,1,No,No,4,Yes,Yes,Fiber optic,No,No,No,No,No,Yes,Month-to-month,Yes,Electronic check,84.6,360.1,Yes,0-12,90.025,3,1
Female,0,No,No,12,No,No phone service,DSL,Yes,No,No,Yes,No,No,One year,Yes,Mailed check,33.6,435.45,No,0-12,36.2875,2,1
Female,1,Yes,No,4,Yes,Yes,Fiber optic,No,No,No,No,Yes,No,Month-to-month,Yes,Electronic check,83.25,308.05,No,0-12,77.0125,3,1
Female,0,Yes,Yes,0,Yes,No,DSL,Yes,Yes,Yes,No,Yes,Yes,Two year,No,Mailed check,80.85,1397.475,No,,1397.475,6,1
Female,0,No,No,6,Yes,Yes,Fiber optic,Yes,No,No,No,No,No,Month-to-month,Yes,Electronic check,79.05,434.5,Yes,0-12,72.41666666666667,3,1
Female,0,Yes,No,65,Yes,Yes,Fiber optic,No,Yes,Yes,Yes,Yes,Yes,One year,Yes,Credit card (automatic),108.05,7118.9,No,60+,109.52153846153846,7,1
Female,0,No,No,15,Yes,No,No,No internet service,No internet service,No internet service,No internet service,No internet service,No internet service,Month-to-month,No,Mailed check,19.9,320.45,No,13-24,21.363333333333333,1,0
Female,0,No,Yes,24,Yes,No,No,No internet service,No internet service,No internet service,No internet service,No internet service,No internet service,One year,No,Bank transfer (automatic),21.05,531.55,No,13-24,22.147916666666664,1,0
Female,0,No,Yes,13,No,No phone service,DSL,No,Yes,No,No,No,No,Month-to-month,No,Electronic check,30.15,382.2,No,13-24,29.4,1,1
Male,0,No,No,24,Yes,No,Fiber optic,No,No,No,No,No,Yes,Month-to-month,Yes,Credit card (automatic),79.85,2001.0,No,13-24,83.375,2,1
Female,0,Yes,No,72,No,No phone service,DSL,Yes,Yes,Yes,Yes,Yes,Yes,Two year,No,Bank transfer (automatic),65.5,4919.7,No,60+,68.32916666666667,6,1
Female,0,Yes,Yes,54,Yes,Yes,Fiber optic,Yes,Yes,No,No,Yes,Yes,Month-to-month,Yes,Bank transfer (automatic),104.1,5645.8,No,49-60,104.55185185185184,6,1
Female,0,No,No,3,Yes,Yes,Fiber optic,No,No,No,No,No,No,Month-to-month,No,Bank transfer (automatic),74.4,215.8,Yes,0-12,71.93333333333334,2,1
Male,0,Yes,Yes,4,Yes,No,No,No internet service,No internet service,No internet service,No internet service,No internet service,No internet service,Month-to-month,Yes,Mailed check,20.5,77.6,No,0-12,19.4,1,0
Female,1,Yes,Yes,32,Yes,Yes,Fiber optic,No,No,Yes,No,Yes,No,Month-to-month,Yes,Mailed check,91.35,2896.55,No,25-48,90.5171875,4,1
Male,1,No,No,35,Yes,Yes,Fiber optic,No,No,Yes,No,Yes,Yes,Month-to-month,Yes,Electronic check,99.05,3395.8,Yes,25-48,97.02285714285716,5,1
Male,0,Yes,Yes,35,Yes,No,No,No internet service,No internet service,No internet service,No internet service,No internet service,No internet service,Two year,No,Bank transfer (automatic),20.5,759.35,No,25-48,21.695714285714285,1,0
Male,1,No,No,2,Yes,No,DSL,No,No,No,No,No,No,Month-to-month,No,Mailed check,44.95,85.15,Yes,0-12,42.575,1,1
Female,0,No,No,8,Yes,No,Fiber optic,No,Yes,No,No,No,No,Month-to-month,No,Electronic check,75.6,535.55,No,0-12,66.94375,2,1
Male,0,No,No,22,Yes,No,DSL,Yes,No,No,Yes,No,No,Month-to-month,No,Mailed check,55.1,1253.15,No,13-24,56.96136363636364,3,1
Female,0,No,No,15,Yes,No,DSL,Yes,No,Yes,Yes,No,No,Month-to-month,No,Electronic check,58.95,955.15,No,13-24,63.67666666666666,4,1
Male,0,No,No,22,Yes,Yes,Fiber optic,No,No,No,No,Yes,Yes,Month-to-month,Yes,Electronic check,95.1,2162.6,No,13-24,98.3,4,1
Male,0,Yes,No,1,Yes,No,DSL,No,No,No,No,No,No,Month-to-month,No,Credit card (automatic),44.7,44.7,Yes,0-12,44.7,1,1
Female,0,Yes,Yes,71,Yes,Yes,No,No internet service,No internet service,No internet service,No internet service,No internet service,No internet service,Two year,No,Bank transfer (automatic),25.45,1813.35,No,60+,25.54014084507042,2,0
Male,0,No,No,4,Yes,No,DSL,Yes,No,Yes,No,No,No,Month-to-month,No,Electronic check,56.75,245.15,No,0-12,61.2875,3,1
Male,0,No,No,25,Yes,Yes,DSL,Yes,Yes,Yes,Yes,No,Yes,Month-to-month,No,Bank transfer (automatic),81.75,2028.8,No,25-48,81.152,7,1
Female,0,Yes,Yes,32,Yes,No,Fiber optic,No,Yes,No,No,Yes,No,Month-to-month,Yes,Electronic check,86.1,2723.75,No,25-48,85.1171875,3,1
Male,1,Yes,No,7,No,No phone service,DSL,Yes,No,No,No,No,No,Month-to-month,No,Bank transfer (automatic),29.8,220.45,No,0-12,31.49285714285714,1,1
Male,0,No,No,17,Yes,No,No,No internet service,No internet service,No internet service,No internet service,No internet service,No internet service,One year,Yes,Mailed check,20.5,365.8,No,13-24,21.51764705882353,1,0
Male,1,Yes,No,8,Yes,No,DSL,Yes,No,No,No,Yes,No,Month-to-month,No,Bank transfer (automatic),60.9,551.95,No,0-12,68.99375,3,1
Female,1,No,No,56,Yes,Yes,DSL,Yes,No,Yes,Yes,No,Yes,Two year,No,Bank transfer (automatic),73.25,4054.2,No,49-60,72.39642857142857,6,1
Male,0,No,No,1,Yes,No,DSL,No,No,No,No,No,No,Month-to-month,Yes,Mailed check,45.7,45.7,Yes,0-12,45.7,1,1
Male,1,No,No,8,Yes,No,Fiber optic,Yes,No,No,Yes,Yes,Yes,Month-to-month,No,Credit card (automatic),100.3,832.35,Yes,0-12,104.04375,5,1
Male,0,No,No,7,Yes,No,No,No internet service,No internet service,No internet service,No internet service,No internet service,No internet service,Month-to-month,No,Electronic check,19.25,112.3,Yes,0-12,16.04285714285714,1,0
Male,0,No,Yes,3,Yes,No,No,No internet service,No internet service,No internet service,No internet service,No internet service,No internet service,Month-to-month,No,Mailed check,20.85,60.65,No,0-12,20.216666666666665,1,0
Female,0,No,No,71,Yes,No,DSL,Yes,Yes,Yes,Yes,Yes,No,Two year,No,Credit card (automatic),77.35,5550.1,No,60+,78.17042253521127,6,1
Female,0,No,No,2,Yes,Yes,Fiber optic,No,No,No,No,Yes,Yes,Month-to-month,Yes,Electronic check,96.0,174.8,Yes,0-12,87.4,4,1
Female,0,No,No,1,Yes,No,Fiber optic,No,No,No,No,Yes,Yes,Month-to-month,No,Electronic check,90.55,90.55,Yes,0-12,90.55,3,1
Male,0,Yes,No,49,Yes,Yes,Fiber optic,Yes,Yes,No,No,Yes,No,Month-to-month,Yes,Bank transfer (automatic),93.85,4733.1,No,49-60,96.5938775510204,5,1
Male,0,No,No,58,Yes,No,DSL,No,Yes,Yes,Yes,Yes,No,Two year,No,Bank transfer (automatic),70.1,4048.95,No,49-60,69.80948275862069,5,1
Male,1,Yes,No,44,No,No phone service,DSL,No,Yes,No,No,No,No,Month-to-month,Yes,Electronic check,30.35,1359.7,Yes,25-48,30.902272727272727,1,1
Female,0,Yes,Yes,59,Yes,No,DSL,No,Yes,No,Yes,Yes,Yes,Two year,Yes,Credit card (automatic),75.95,4542.35,No,49-60,76.98898305084747,5,1
Male,0,No,No,71,Yes,Yes,Fiber optic,Yes,No,Yes,Yes,Yes,Yes,Two year,Yes,Electronic check,108.05,7532.15,Yes,60+,106.08661971830983,7,1
Male,0,No,No,1,Yes,No,Fiber optic,No,No,No,No,No,No,Month-to-month,Yes,Electronic check,69.9,69.9,Yes,0-12,69.9,1,1
Female,0,No,No,11,Yes,Yes,Fiber optic,No,No,No,No,No,No,Month-to-month,No,Electronic check,75.25,888.65,No,0-12,80.78636363636363,2,1
Male,1,Yes,No,62,Yes,Yes,Fiber optic,No,Yes,Yes,No,Yes,Yes,One year,Yes,Electronic check,103.75,6383.35,Yes,60+,102.95725806451614,6,1
Female,0,Yes,Yes,35,Yes,No,DSL,Yes,No,No,Yes,No,No,One year,Yes,Bank transfer (automatic),54.95,1916.0,No,25-48,54.74285714285714,3,1
Female,0,No,No,20,Yes,No,No,No internet service,No internet service,No internet service,No internet service,No internet service,No internet service,Month-to-month,Yes,Bank transfer (automatic),19.5,413.0,No,13-24,20.65,1,0
Male,0,Yes,Yes,40,Yes,No,No,No internet service,No internet service,No internet service,No internet service,No internet service,No internet service,Two year,No,Mailed check,19.6,808.95,No,25-48,20.223750000000003,1,0
Female,0,No,No,39,Yes,No,DSL,Yes,No,No,No,No,No,One year,Yes,Electronic check,47.85,1886.4,No,25-48,48.369230769230775,2,1
Male,0,No,No,1,Yes,Yes,Fiber optic,No,No,No,No,No,Yes,Month-to-month,Yes,Electronic check,86.6,86.6,Yes,0-12,86.6,3,1
Female,0,Yes,Yes,72,Yes,Yes,No,No internet service,No internet service,No internet service,No internet service,No internet service,No internet service,Two year,No,Bank transfer (automatic),23.75,1679.25,No,60+,23.322916666666668,2,0
Female,1,Yes,No,33,Yes,Yes,Fiber optic,No,Yes,No,No,No,No,Month-to-month,Yes,Bank transfer (automatic),80.6,2656.5,Yes,25-48,80.5,3,1
Female,0,No,No,12,Yes,No,DSL,No,No,No,No,No,No,Month-to-month,No,Bank transfer (automatic),43.8,540.95,No,0-12,45.07916666666667,1,1
Male,0,No,No,1,Yes,No,No,No internet service,No internet service,No internet service,No internet service,No internet service,No internet service,Month-to-month,No,Bank transfer (automatic),19.75,19.75,No,0-12,19.75,1,0
Male,0,No,Yes,27,Yes,No,No,No internet service,No internet service,No internet service,No internet service,No internet service,No internet service,Month-to-month,No,Mailed check,19.15,537.35,No,25-48,19.90185185185185,1,0
Male,0,Yes,Yes,34,Yes,No,No,No internet service,No internet service,No internet service,No internet service,No internet service,No internet service,One year,No,Credit card (automatic),19.6,678.8,No,25-48,19.96470588235294,1,0
Female,0,Yes,No,56,Yes,No,Fiber optic,Yes,No,Yes,No,No,No,Two year,No,Bank transfer (automatic),80.3,4513.65,No,49-60,80.60089285714285,3,1
Female,0,No,No,58,Yes,Yes,No,No internet service,No internet service,No internet service,No internet service,No internet service,No internet service,Two year,No,Credit card (automatic),24.35,1423.85,No,49-60,24.54913793103448,2,0
Female,0,Yes,Yes,22,Yes,Yes,No,No internet service,No internet service,No internet service,No internet service,No internet service,No internet service,Two year,No,Credit card (automatic),25.25,555.4,No,13-24,25.245454545454542,2,0
Female,0,Yes,Yes,10,Yes,Yes,No,No internet service,No internet service,No internet service,No internet service,No internet service,No internet service,Two year,No,Credit card (automatic),26.1,225.55,No,0-12,22.555,2,0
Male,0,No,No,13,Yes,No,No,No internet service,No internet service,No internet service,No internet service,No internet service,No internet service,Two year,No,Credit card (automatic),20.0,268.45,No,13-24,20.65,1,0
Female,0,No,No,35,Yes,Yes,Fiber optic,No,Yes,No,Yes,No,No,Month-to-month,No,Credit card (automatic),85.3,2917.5,Yes,25-48,83.35714285714286,4,1
Female,0,No,No,34,Yes,No,Fiber optic,No,No,No,No,No,No,Month-to-month,Yes,Credit card (automatic),70.0,2416.1,Yes,25-48,71.06176470588235,1,1
Female,1,No,No,4,Yes,Yes,Fiber optic,No,No,No,No,Yes,Yes,Month-to-month,Yes,Electronic check,94.3,424.45,Yes,0-12,106.1125,4,1
Male,0,Yes,No,72,Yes,No,No,No internet service,No internet service,No internet service,No internet service,No internet service,No internet service,Two year,No,Bank transfer (automatic),20.7,1492.1,No,60+,20.72361111111111,1,0
Male,0,No,No,2,Yes,No,DSL,No,No,No,Yes,Yes,Yes,Month-to-month,No,Electronic check,70.3,132.4,No,0-12,66.2,4,1
Female,0,No,No,7,Yes,No,Fiber optic,No,No,Yes,No,Yes,Yes,Month-to-month,Yes,Electronic check,95.35,660.9,Yes,0-12,94.41428571428573,4,1
Male,1,Yes,No,27,Yes,Yes,Fiber optic,No,No,No,No,No,No,Month-to-month,Yes,Electronic check,75.5,1893.95,Yes,25-48,70.1462962962963,2,1
Male,0,Yes,Yes,4,Yes,No,Fiber optic,No,No,No,No,No,No,Month-to-month,Yes,Mailed check,69.55,284.9,No,0-12,71.225,1,1
Female,0,No,No,37,Yes,No,No,No internet service,No internet service,No internet service,No internet service,No internet service,No internet service,Two year,No,Mailed check,19.85,784.25,No,25-48,21.195945945945947,1,0
Male,0,No,No,21,Yes,No,No,No internet service,No internet service,No internet service,No internet service,No internet service,No internet service,Month-to-month,No,Mailed check,20.0,417.7,No,13-24,19.89047619047619,1,0
Female,1,Yes,No,53,Yes,Yes,Fiber optic,No,No,No,No,Yes,Yes,One year,Yes,Credit card (automatic),95.85,5016.25,No,49-60,94.64622641509432,4,1
Female,0,No,No,18,Yes,Yes,Fiber optic,No,No,No,Yes,No,Yes,Month-to-month,Yes,Electronic check,90.1,1612.75,Yes,13-24,89.59722222222223,4,1
Female,0,No,No,2,Yes,No,Fiber optic,No,No,No,No,No,No,Month-to-month,No,Electronic check,68.95,119.75,Yes,0-12,59.875,1,1
Male,0,Yes,Yes,32,Yes,Yes,Fiber optic,Yes,No,No,No,Yes,Yes,Month-to-month,Yes,Credit card (automatic),99.55,3204.65,Yes,25-48,100.1453125,5,1
Male,1,Yes,No,23,Yes,No,No,No internet service,No internet service,No internet service,No internet service,No internet service,No internet service,One year,Yes,Electronic check,20.75,485.2,No,13-24,21.09565217391304,1,0
Male,0,No,No,3,Yes,No,DSL,Yes,No,No,No,No,No,Month-to-month,Yes,Mailed check,50.15,160.85,No,0-12,53.61666666666667,2,1
Female,0,Yes,Yes,71,No,No phone service,DSL,Yes,Yes,No,Yes,Yes,Yes,Two year,No,Mailed check,58.65,4145.25,No,60+,58.38380281690141,5,1
Male,0,No,No,9,Yes,No,Fiber optic,No,No,No,Yes,Yes,Yes,Month-to-month,Yes,Bank transfer (automatic),95.9,827.45,No,0-12,91.9388888888889,4,1
Female,0,No,No,1,Yes,No,DSL,No,Yes,No,No,No,No,Month-to-month,No,Electronic check,49.5,49.5,No,0-12,49.5,2,1
Male,0,Yes,Yes,18,Yes,No,DSL,No,No,Yes,No,No,Yes,Month-to-month,No,Electronic check,57.45,990.85,Yes,13-24,55.047222222222224,3,1
Male,0,Yes,Yes,12,Yes,No,DSL,No,No,No,No,No,Yes,One year,No,Credit card (automatic),53.65,696.35,Yes,0-12,58.02916666666667,2,1
Male,0,Yes,No,71,Yes,Yes,DSL,Yes,Yes,Yes,Yes,No,Yes,Two year,Yes,Mailed check,80.1,5585.4,No,60+,78.66760563380281,7,1
Female,0,No,No,64,Yes,Yes,No,No internet service,No internet service,No internet service,No internet service,No internet service,No internet service,One year,Yes,Bank transfer (automatic),24.4,1601.2,No,60+,25.01875,2,0
Male,0,No,No,4,No,No phone service,DSL,No,No,No,Yes,No,Yes,Month-to-month,Yes,Electronic check,40.05,162.45,No,0-12,40.6125,2,1
Female,0,No,No,23,Yes,No,No,No internet service,No internet service,No internet service,No internet service,No internet service,No internet service,Month-to-month,Yes,Mailed check,19.5,470.2,No,13-24,20.443478260869565,1,0
Female,0,Yes,Yes,39,Yes,No,DSL,Yes,No,No,No,No,No,Month-to-month,No,Credit card (automatic),51.05,2066.0,No,25-48,52.97435897435897,2,1
Male,0,Yes,No,28,Yes,No,DSL,Yes,No,No,Yes,No,No,One year,No,Mailed check,54.35,1426.45,No,25-48,50.94464285714286,3,1
Female,1,No,No,5,Yes,No,Fiber optic,No,Yes,No,No,Yes,No,Month-to-month,Yes,Electronic check,84.7,392.5,No,0-12,78.5,3,1
Female,1,Yes,No,45,Yes,No,Fiber optic,No,No,Yes,No,No,Yes,Month-to-month,Yes,Electronic check,86.1,3861.45,No,25-48,85.81,3,1
Male,0,No,No,37,Yes,No,Fiber optic,No,No,No,No,No,No,Month-to-month,Yes,Mailed check,70.35,2552.9,No,25-48,68.9972972972973,1,1
Female,1,Yes,No,60,Yes,No,Fiber optic,Yes,Yes,Yes,Yes,Yes,Yes,Two year,Yes,Bank transfer (automatic),110.0,6668.35,No,49-60,111.13916666666668,7,1
Male,1,No,No,8,Yes,Yes,Fiber optic,No,No,Yes,No,Yes,Yes,Month-to-month,Yes,Electronic check,100.6,819.4,Yes,0-12,102.425,5,1
Female,0,No,No,47,Yes,Yes,Fiber optic,Yes,No,Yes,No,Yes,No,One year,No,Credit card (automatic),94.9,4615.25,No,25-48,98.19680851063828,5,1
Male,0,Yes,Yes,26,Yes,Yes,Fiber optic,No,No,No,No,Yes,No,Month-to-month,Yes,Electronic check,83.75,2070.6,Yes,25-48,79.63846153846154,3,1
Female,1,Yes,Yes,3,Yes,No,Fiber optic,Yes,No,No,Yes,Yes,No,Month-to-month,Yes,Mailed check,88.3,273.75,Yes,0-12,91.25,4,1
Female,0,Yes,Yes,50,Yes,No,Fiber optic,No,No,No,No,No,No,Month-to-month,Yes,Bank transfer (automatic),69.75,3557.7,No,49-60,71.154,1,1
Male,0,Yes,Yes,27,Yes,Yes,DSL,No,No,No,Yes,Yes,Yes,Month-to-month,No,Bank transfer (automatic),71.6,1957.1,No,25-48,72.48518518518519,5,1
Female,1,No,No,8,Yes,No,Fiber optic,No,No,Yes,No,Yes,Yes,Month-to-month,Yes,Electronic check,92.1,729.95,Yes,0-12,91.24375,4,1
Female,0,Yes,No,62,Yes,Yes,No,No internet service,No internet service,No internet service,No internet service,No internet service,No internet service,Two year,No,Bank transfer (automatic),23.65,1416.75,No,60+,22.850806451612904,2,0
Female,0,Yes,No,71,Yes,No,DSL,Yes,No,Yes,Yes,Yes,Yes,Two year,No,Bank transfer (automatic),81.85,5924.4,No,60+,83.44225352112676,6,1
Male,0,No,No,66,Yes,Yes,No,No internet service,No internet service,No internet service,No internet service,No internet service,No internet service,Two year,No,Mailed check,25.1,1697.7,No,60+,25.722727272727276,2,0
Male,0,Yes,Yes,68,Yes,Yes,Fiber optic,Yes,Yes,Yes,Yes,Yes,Yes,Two year,Yes,Bank transfer (automatic),114.7,7849.85,No,60+,115.43897058823528,8,1
Female,0,No,No,13,No,No phone service,DSL,No,No,Yes,No,Yes,Yes,Month-to-month,No,Electronic check,49.15,649.4,No,13-24,49.95384615384615,3,1
Male,0,Yes,No,56,Yes,No,Fiber optic,No,No,No,No,No,Yes,One year,Yes,Electronic check,80.9,4557.5,No,49-60,81.38392857142857,2,1
Male,0,Yes,No,38,Yes,No,Fiber optic,Yes,Yes,No,No,No,No,Month-to-month,Yes,Electronic check,79.45,3013.05,Yes,25-48,79.29078947368421,3,1
Male,1,No,No,14,Yes,No,Fiber optic,No,No,No,No,Yes,Yes,Month-to-month,No,Credit card (automatic),90.45,1266.1,Yes,13-24,90.43571428571428,3,1
Female,0,No,Yes,16,Yes,No,No,No internet service,No internet service,No internet service,No internet service,No internet service,No internet service,One year,Yes,Bank transfer (automatic),19.3,360.35,No,13-24,22.521875,1,0
Female,0,Yes,Yes,14,Yes,No,Fiber optic,No,No,No,No,No,No,Month-to-month,No,Electronic check,70.2,1046.5,No,13-24,74.75,1,1
Male,0,Yes,Yes,32,Yes,No,Fiber optic,No,No,No,No,No,No,Month-to-month,Yes,Bank transfer (automatic),69.75,2347.9,Yes,25-48,73.371875,1,1
Female,0,No,No,8,Yes,No,DSL,Yes,No,No,Yes,No,No,One year,No,Bank transfer (automatic),54.25,447.75,No,0-12,55.96875,3,1
Female,0,Yes,Yes,43,Yes,Yes,Fiber optic,No,No,Yes,No,Yes,Yes,Month-to-month,Yes,Bank transfer (automatic),99.3,4209.95,No,25-48,97.90581395348836,5,1
Female,0,No,No,52,Yes,Yes,DSL,Yes,No,Yes,Yes,Yes,No,One year,No,Credit card (automatic),74.0,3877.65,No,49-60,74.57019230769231,6,1
Male,0,No,No,3,Yes,No,DSL,No,No,No,Yes,No,No,Month-to-month,Yes,Mailed check,50.25,152.3,No,0-12,50.76666666666667,2,1
Male,0,No,No,29,Yes,No,No,No internet service,No internet service,No internet service,No internet service,No internet service,No internet service,One year,Yes,Mailed check,19.8,572.2,No,25-48,19.731034482758623,1,0
Female,0,No,No,1,Yes,No,No,No internet service,No internet service,No internet service,No internet service,No internet service,No internet service,Month-to-month,No,Mailed check,19.65,19.65,Yes,0-12,19.65,1,0
Male,1,No,No,12,No,No phone service,DSL,No,No,Yes,Yes,No,Yes,Month-to-month,Yes,Electronic check,43.65,526.95,Yes,0-12,43.9125,3,1
Female,0,Yes,Yes,16,No,No phone service,DSL,No,No,No,No,No,Yes,Month-to-month,Yes,Credit card (automatic),35.5,552.7,No,13-24,34.54375,1,1
Female,0,No,No,40,Yes,Yes,DSL,No,No,Yes,Yes,Yes,Yes,One year,Yes,Mailed check,80.75,3208.65,No,25-48,80.21625,6,1
Female,0,No,No,5,No,No phone service,DSL,No,No,Yes,No,No,Yes,Month-to-month,No,Electronic check,39.5,210.75,Yes,0-12,42.15,2,1
Male,0,Yes,No,40,Yes,Yes,Fiber optic,No,No,No,No,Yes,Yes,Month-to-month,Yes,Bank transfer (automatic),97.1,3706.95,Yes,25-48,92.67375,4,1
Female,0,No,No,36,Yes,No,No,No internet service,No internet service,No internet service,No internet service,No internet service,No internet service,One year,No,Mailed check,19.55,620.75,No,25-48,17.243055555555557,1,0
Female,0,No,No,5,Yes,No,Fiber optic,No,No,No,No,No,Yes,Month-to-month,Yes,Electronic check,80.0,412.5,Yes,0-12,82.5,2,1
Female,0,No,No,10,Yes,No,Fiber optic,Yes,No,No,No,Yes,No,Month-to-month,Yes,Mailed check,84.7,832.05,Yes,0-12,83.205,3,1
Male,0,Yes,Yes,2,Yes,No,Fiber optic,No,No,No,No,Yes,Yes,Month-to-month,Yes,Bank transfer (automatic),89.55,185.55,Yes,0-12,92.775,3,1
Male,0,No,No,23,Yes,Yes,Fiber optic,No,No,No,Yes,Yes,No,Month-to-month,Yes,Electronic check,90.6,1943.2,Yes,13-24,84.48695652173913,4,1
Male,0,Yes,Yes,26,Yes,No,No,No internet service,No internet service,No internet service,No internet service,No internet service,No internet service,One year,Yes,Bank transfer (automatic),20.05,505.9,No,25-48,19.457692307692305,1,0
Female,1,Yes,No,72,Yes,Yes,Fiber optic,Yes,Yes,Yes,No,Yes,Yes,Two year,Yes,Electronic check,112.4,8046.85,No,60+,111.76180555555555,7,1
Female,0,Yes,No,34,Yes,No,DSL,No,No,No,Yes,No,No,Month-to-month,No,Bank transfer (automatic),50.2,1815.3,No,25-48,53.39117647058824,2,1
Male,0,No,No,10,Yes,No,DSL,Yes,No,No,Yes,Yes,No,Month-to-month,No,Bank transfer (automatic),62.25,612.95,No,0-12,61.295,4,1
Female,0,No,No,14,Yes,No,DSL,Yes,No,No,Yes,No,No,One year,No,Mailed check,55.7,795.15,No,13-24,56.79642857142857,3,1
Female,0,No,No,23,Yes,Yes,Fiber optic,Yes,No,No,No,Yes,No,Month-to-month,Yes,Bank transfer (automatic),90.05,2169.8,Yes,13-24,94.33913043478262,4,1
Male,0,Yes,No,47,Yes,No,No,No internet service,No internet service,No internet service,No internet service,No internet service,No internet service,Two year,No,Mailed check,19.65,973.1,No,25-48,20.70425531914894,1,0
Male,0,Yes,No,24,Yes,No,Fiber optic,Yes,No,No,Yes,No,Yes,Month-to-month,Yes,Electronic check,89.25,2210.2,No,13-24,92.09166666666664,4,1
Male,0,Yes,No,49,Yes,Yes,Fiber optic,No,Yes,No,No,Yes,Yes,Month-to-month,Yes,Bank transfer (automatic),99.05,4853.75,Yes,49-60,99.0561224489796,5,1
Male,1,No,No,20,Yes,No,DSL,Yes,No,No,Yes,No,No,One year,No,Mailed check,54.0,1055.9,No,13-24,52.795,3,1
Female,0,No,No,2,Yes,No,Fiber optic,No,No,No,No,No,No,Month-to-month,No,Bank transfer (automatic),69.75,144.55,Yes,0-12,72.275,1,1
Female,0,No,No,2,Yes,No,DSL,No,Yes,No,No,No,No,Month-to-month,Yes,Credit card (automatic),49.05,91.1,Yes,0-12,45.55,2,1
Male,0,No,No,22,No,No phone service,DSL,No,No,Yes,Yes,Yes,Yes,Two year,No,Bank transfer (automatic),56.75,1304.85,No,13-24,59.31136363636363,4,1
Male,0,No,No,7,Yes,Yes,Fiber optic,No,No,Yes,No,Yes,Yes,Month-to-month,Yes,Bank transfer (automatic),98.05,713.0,Yes,0-12,101.85714285714286,5,1
Male,0,No,No,1,Yes,No,No,No internet service,No internet service,No internet service,No internet service,No internet service,No internet service,Month-to-month,No,Mailed check,21.1,21.1,No,0-12,21.1,1,0
Female,0,Yes,Yes,59,Yes,Yes,Fiber optic,No,Yes,No,Yes,No,Yes,Month-to-month,Yes,Bank transfer (automatic),96.65,5580.8,No,49-60,94.58983050847458,5,1
Female,0,Yes,Yes,58,Yes,Yes,No,No internet service,No internet service,No internet service,No internet service,No internet service,No internet service,One year,Yes,Credit card (automatic),24.5,1497.9,No,49-60,25.82586206896552,2,0
Female,0,No,No,41,Yes,Yes,Fiber optic,Yes,Yes,Yes,Yes,Yes,Yes,Month-to-month,Yes,Bank transfer (automatic),114.5,4527.45,Yes,25-48,110.42560975609756,8,1
Female,1,No,No,59,Yes,Yes,Fiber optic,No,Yes,No,No,No,No,Two year,Yes,Credit card (automatic),79.2,4590.35,No,49-60,77.80254237288136,3,1
Female,0,Yes,Yes,3,Yes,No,Fiber optic,No,No,No,No,No,No,Month-to-month,Yes,Electronic check,69.55,200.2,No,0-12,66.73333333333333,1,1
Male,0,No,No,32,Yes,No,No,No internet service,No internet service,No internet service,No internet service,No internet service,No internet service,Two year,Yes,Bank transfer (automatic),20.05,614.45,No,25-48,19.2015625,1,0
Male,1,Yes,No,46,Yes,Yes,Fiber optic,No,No,Yes,No,Yes,Yes,Month-to-month,Yes,Electronic check,98.85,4564.9,No,25-48,99.23695652173912,5,1
Male,0,Yes,Yes,0,Yes,Yes,No,No internet service,No internet service,No internet service,No internet service,No internet service,No internet service,Two year,No,Mailed check,25.75,1397.475,No,,1397.475,2,0
Male,0,No,No,2,Yes,No,Fiber optic,No,No,No,No,No,Yes,Month-to-month,Yes,Electronic check,80.95,171.15,Yes,0-12,85.575,2,1
Female,0,Yes,Yes,52,Yes,No,No,No internet service,No internet service,No internet service,No internet service,No internet service,No internet service,One year,No,Credit card (automatic),19.6,1012.4,No,49-60,19.46923076923077,1,0
Female,1,No,No,13,Yes,No,Fiber optic,No,No,Yes,No,No,No,Month-to-month,Yes,Electronic check,74.3,940.35,Yes,13-24,72.33461538461539,2,1
Female,1,No,No,11,Yes,No,Fiber optic,No,No,No,No,Yes,Yes,Month-to-month,No,Bank transfer (automatic),89.7,1047.7,Yes,0-12,95.24545454545456,3,1
Male,0,No,No,32,Yes,Yes,Fiber optic,Yes,No,No,Yes,No,No,Month-to-month,No,Bank transfer (automatic),87.65,2766.4,No,25-48,86.45,4,1
Male,1,Yes,No,17,Yes,Yes,Fiber optic,No,No,Yes,No,Yes,Yes,Month-to-month,Yes,Credit card (automatic),100.45,1622.45,Yes,13-24,95.43823529411765,5,1
Female,0,No,No,16,Yes,Yes,Fiber optic,No,No,No,No,No,No,Month-to-month,Yes,Credit card (automatic),74.75,1129.35,No,13-24,70.584375,2,1
Female,0,No,No,51,Yes,Yes,Fiber optic,Yes,Yes,Yes,No,Yes,Yes,One year,No,Bank transfer (automatic),107.45,5680.9,No,49-60,111.39019607843136,7,1
Male,0,No,No,29,Yes,No,DSL,No,No,Yes,Yes,Yes,Yes,One year,Yes,Bank transfer (automatic),75.35,2243.9,No,25-48,77.37586206896552,5,1
Male,0,Yes,No,70,Yes,No,DSL,Yes,Yes,Yes,Yes,No,No,Two year,No,Credit card (automatic),64.95,4523.25,No,60+,64.61785714285715,5,1
Female,0,Yes,Yes,71,Yes,Yes,Fiber optic,Yes,No,Yes,Yes,No,Yes,Two year,No,Electronic check,100.45,7159.7,No,60+,100.84084507042252,6,1
Male,0,Yes,Yes,41,Yes,Yes,DSL,No,Yes,Yes,No,Yes,No,One year,No,Bank transfer (automatic),68.5,2839.95,No,25-48,69.2670731707317,5,1
Male,0,No,No,1,Yes,No,Fiber optic,No,No,No,No,Yes,No,Month-to-month,Yes,Electronic check,80.55,80.55,No,0-12,80.55,2,1
Female,0,Yes,No,7,Yes,No,DSL,Yes,No,Yes,Yes,Yes,Yes,Month-to-month,No,Bank transfer (automatic),81.25,580.1,No,0-12,82.87142857142858,6,1
Male,0,Yes,Yes,25,Yes,No,Fiber optic,No,No,No,No,Yes,Yes,One year,Yes,Electronic check,90.4,2178.6,Yes,25-48,87.14399999999999,3,1
Male,0,Yes,Yes,67,Yes,Yes,Fiber optic,Yes,Yes,No,Yes,No,No,One year,No,Electronic check,89.55,6038.55,No,60+,90.12761194029852,5,1
Male,0,Yes,Yes,5,Yes,Yes,DSL,No,No,No,Yes,No,No,Month-to-month,Yes,Mailed check,55.7,259.4,No,0-12,51.88,3,1
Male,0,No,Yes,15,Yes,Yes,No,No internet service,No internet service,No internet service,No internet service,No internet service,No internet service,Month-to-month,Yes,Electronic check,24.8,324.15,No,13-24,21.61,2,0
Female,0,Yes,Yes,20,Yes,No,No,No internet service,No internet service,No internet service,No internet service,No internet service,No internet service,Month-to-month,No,Electronic check,20.0,417.65,No,13-24,20.8825,1,0
Male,0,Yes,Yes,3,Yes,No,DSL,No,Yes,Yes,No,No,No,Month-to-month,Yes,Mailed check,56.15,168.15,Yes,0-12,56.05,3,1
Male,0,Yes,Yes,54,Yes,Yes,Fiber optic,No,Yes,No,Yes,Yes,Yes,One year,Yes,Electronic check,105.2,5637.85,No,49-60,104.40462962962964,6,1
Male,0,No,No,42,Yes,No,No,No internet service,No internet service,No internet service,No internet service,No internet service,No internet service,One year,Yes,Mailed check,19.55,839.4,No,25-48,19.985714285714284,1,0
Female,0,Yes,No,9,Yes,No,Fiber optic,No,No,No,No,No,Yes,Month-to-month,Yes,Electronic check,79.75,769.1,No,0-12,85.45555555555556,2,1
Female,0,No,No,63,Yes,Yes,Fiber optic,No,Yes,No,No,Yes,Yes,Two year,No,Bank transfer (automatic),97.45,6253.0,No,60+,99.25396825396824,5,1
Female,0,Yes,No,69,Yes,Yes,No,No internet service,No internet service,No internet service,No internet service,No internet service,No internet service,Two year,No,Bank transfer (automatic),24.25,1641.8,No,60+,23.79420289855073,2,0
Female,0,No,No,69,Yes,Yes,No,No internet service,No internet service,No internet service,No internet service,No internet service,No internet service,Two year,No,Credit card (automatic),24.6,1678.05,No,60+,24.319565217391304,2,0
Male,0,Yes,No,40,Yes,No,DSL,No,Yes,No,No,No,No,Month-to-month,Yes,Mailed check,50.15,2058.5,No,25-48,51.4625,2,1
Male,0,No,No,60,No,No phone service,DSL,Yes,Yes,Yes,No,No,No,Two year,No,Bank transfer (automatic),39.6,2424.5,No,49-60,40.40833333333333,3,1
Female,0,No,No,4,Yes,No,Fiber optic,Yes,No,Yes,Yes,No,Yes,Month-to-month,Yes,Bank transfer (automatic),94.4,387.2,Yes,0-12,96.8,5,1
Female,1,No,No,71,Yes,Yes,DSL,Yes,Yes,Yes,Yes,Yes,Yes,Two year,No,Mailed check,89.85,6293.45,No,60+,88.64014084507042,8,1
Female,0,Yes,No,37,Yes,Yes,Fiber optic,No,No,Yes,No,No,No,Month-to-month,Yes,Credit card (automatic),78.95,2839.65,Yes,25-48,76.7472972972973,3,1
Male,0,Yes,No,32,Yes,Yes,Fiber optic,No,Yes,No,No,Yes,Yes,Month-to-month,Yes,Credit card (automatic),98.85,3145.9,No,25-48,98.309375,5,1
Male,0,No,No,39,Yes,Yes,DSL,No,No,No,Yes,No,No,Two year,Yes,Credit card (automatic),53.85,2200.7,No,25-48,56.42820512820512,3,1
Female,0,No,No,38,Yes,Yes,No,No internet service,No internet service,No internet service,No internet service,No internet service,No internet service,One year,Yes,Electronic check,24.25,914.4,No,25-48,24.063157894736843,2,0
Male,0,No,No,52,Yes,Yes,Fiber optic,No,No,Yes,No,No,Yes,Two year,Yes,Credit card (automatic),89.45,4577.75,No,49-60,88.03365384615384,4,1
Female,0,Yes,Yes,48,Yes,Yes,Fiber optic,Yes,Yes,No,No,Yes,Yes,Month-to-month,Yes,Credit card (automatic),105.25,4997.5,No,25-48,104.11458333333331,6,1
Male,0,Yes,Yes,70,No,No phone service,DSL,Yes,No,Yes,Yes,Yes,Yes,Two year,No,Bank transfer (automatic),59.5,4144.8,No,60+,59.21142857142858,5,1
Male,0,No,No,20,Yes,No,Fiber optic,No,No,No,No,No,No,Month-to-month,No,Credit card (automatic),70.55,1493.55,No,13-24,74.6775,1,1
Female,0,No,No,50,Yes,Yes,DSL,Yes,No,Yes,Yes,Yes,Yes,One year,Yes,Credit card (automatic),82.5,4179.1,No,49-60,83.58200000000001,7,1
Female,0,No,No,19,No,No phone service,DSL,No,No,No,No,Yes,Yes,One year,Yes,Credit card (automatic),44.85,893.55,Yes,13-24,47.02894736842105,2,1
Male,0,Yes,Yes,25,Yes,No,DSL,Yes,Yes,Yes,No,No,No,One year,Yes,Bank transfer (automatic),61.6,1611.0,No,25-48,64.44,4,1
Male,0,No,No,12,Yes,No,DSL,No,Yes,No,No,No,No,Month-to-month,Yes,Bank transfer (automatic),49.05,593.05,No,0-12,49.42083333333333,2,1
Male,1,Yes,No,39,Yes,Yes,Fiber optic,No,Yes,Yes,No,Yes,Yes,Month-to-month,Yes,Electronic check,105.65,4284.8,Yes,25-48,109.86666666666667,6,1
Male,0,No,No,7,Yes,No,Fiber optic,No,No,Yes,No,No,No,Month-to-month,No,Mailed check,74.65,544.55,Yes,0-12,77.79285714285713,2,1
Female,0,Yes,Yes,23,Yes,No,DSL,Yes,Yes,Yes,Yes,No,No,One year,Yes,Mailed check,66.25,1533.8,No,13-24,66.68695652173913,5,1
Male,0,No,No,27,Yes,No,No,No internet service,No internet service,No internet service,No internet service,No internet service,No internet service,Month-to-month,Yes,Electronic check,19.4,529.8,No,25-48,19.62222222222222,1,0
Male,1,No,No,47,Yes,Yes,Fiber optic,No,No,No,No,Yes,No,Month-to-month,Yes,Credit card (automatic),86.05,3865.6,No,25-48,82.2468085106383,3,1
Male,0,Yes,Yes,26,Yes,No,No,No internet service,No internet service,No internet service,No internet service,No internet service,No internet service,Two year,Yes,Credit card (automatic),19.15,515.75,No,25-48,19.83653846153846,1,0
Female,0,Yes,No,14,Yes,Yes,DSL,Yes,No,No,No,Yes,No,Month-to-month,Yes,Bank transfer (automatic),64.7,941.0,Yes,13-24,67.21428571428571,4,1
Female,1,Yes,No,11,Yes,Yes,Fiber optic,No,No,Yes,Yes,Yes,Yes,Month-to-month,Yes,Bank transfer (automatic),104.05,1133.65,Yes,0-12,103.05909090909093,6,1
Male,0,No,Yes,2,Yes,No,No,No internet service,No internet service,No internet service,No internet service,No internet service,No internet service,Month-to-month,No,Mailed check,19.25,48.35,No,0-12,24.175,1,0
Female,0,Yes,Yes,26,Yes,No,Fiber optic,Yes,Yes,No,No,No,No,Month-to-month,No,Electronic check,81.95,2070.05,No,25-48,79.6173076923077,3,1
Female,1,Yes,No,72,Yes,Yes,Fiber optic,Yes,Yes,Yes,Yes,Yes,Yes,Two year,Yes,Bank transfer (automatic),114.65,8333.95,No,60+,115.74930555555557,8,1
Female,0,Yes,Yes,63,Yes,No,No,No internet service,No internet service,No internet service,No internet service,No internet service,No internet service,Two year,No,Credit card (automatic),20.0,1209.25,No,60+,19.194444444444443,1,0
Male,0,Yes,Yes,71,Yes,No,No,No internet service,No internet service,No internet service,No internet service,No internet service,No internet service,Two year,No,Mailed check,19.8,1396.25,No,60+,19.66549295774648,1,0
Male,0,Yes,Yes,11,Yes,Yes,DSL,Yes,No,No,No,Yes,No,Month-to-month,Yes,Bank transfer (automatic),65.15,723.35,No,0-12,65.75909090909092,4,1
Male,1,Yes,No,14,Yes,No,No,No internet service,No internet service,No internet service,No internet service,No internet service,No internet service,One year,No,Mailed check,19.65,228.65,No,13-24,16.33214285714286,1,0
Female,0,No,Yes,13,Yes,Yes,DSL,Yes,Yes,Yes,Yes,Yes,Yes,Two year,No,Credit card (automatic),88.95,1161.75,No,13-24,89.36538461538461,8,1
Male,0,No,Yes,6,Yes,No,No,No internet service,No internet service,No internet service,No internet service,No internet service,No internet service,Month-to-month,Yes,Mailed check,20.2,98.35,No,0-12,16.391666666666666,1,0
Male,1,Yes,Yes,11,Yes,Yes,Fiber optic,No,No,No,No,No,No,Month-to-month,Yes,Credit card (automatic),75.2,775.3,No,0-12,70.48181818181818,2,1
Male,0,Yes,No,18,Yes,Yes,DSL,No,Yes,No,No,No,No,Month-to-month,No,Credit card (automatic),56.8,1074.65,No,13-24,59.70277777777778,3,1
Male,0,No,No,1,No,No phone service,DSL,No,No,No,No,No,Yes,Month-to-month,Yes,Electronic check,35.55,35.55,Yes,0-12,35.55,1,1
Female,0,Yes,No,32,Yes,No,Fiber optic,Yes,No,No,No,No,No,Month-to-month,Yes,Bank transfer (automatic),75.5,2324.7,No,25-48,72.646875,2,1
Male,0,No,No,29,No,No phone service,DSL,Yes,No,No,Yes,No,No,One year,No,Mailed check,35.6,1072.6,No,25-48,36.98620689655172,2,1
Female,0,No,No,3,Yes,Yes,DSL,No,No,No,No,Yes,No,Month-to-month,Yes,Electronic check,60.25,170.5,No,0-12,56.833333333333336,3,1
Female,0,No,No,2,Yes,Yes,Fiber optic,No,No,No,No,Yes,Yes,Month-to-month,Yes,Electronic check,95.15,196.9,Yes,0-12,98.45,4,1
Male,0,Yes,Yes,13,Yes,No,Fiber optic,No,No,Yes,No,Yes,Yes,Month-to-month,Yes,Mailed check,96.65,1162.85,Yes,13-24,89.44999999999999,4,1
Female,0,No,No,41,No,No phone service,DSL,No,Yes,No,No,No,Yes,Month-to-month,Yes,Electronic check,40.35,1677.85,No,25-48,40.92317073170732,2,1
Female,0,No,No,1,Yes,No,No,No internet service,No internet service,No internet service,No internet service,No internet service,No internet service,Month-to-month,No,Electronic check,18.85,18.85,No,0-12,18.85,1,0
Male,0,No,No,7,Yes,No,DSL,No,No,No,No,Yes,No,Month-to-month,No,Mailed check,54.85,370.4,No,0-12,52.91428571428571,2,1
Female,0,Yes,No,52,Yes,No,DSL,Yes,No,Yes,No,Yes,No,One year,Yes,Mailed check,64.3,3410.6,No,49-60,65.58846153846153,4,1
Female,0,Yes,Yes,45,Yes,Yes,No,No internet service,No internet service,No internet service,No internet service,No internet service,No internet service,Two year,Yes,Bank transfer (automatic),24.65,1138.8,No,25-48,25.306666666666665,2,0
Male,0,Yes,No,70,Yes,Yes,DSL,No,Yes,Yes,Yes,Yes,No,Two year,No,Credit card (automatic),76.1,5264.25,No,60+,75.20357142857142,6,1
Female,0,No,No,53,Yes,No,No,No internet service,No internet service,No internet service,No internet service,No internet service,No internet service,Two year,No,Mailed check,18.7,1005.7,No,49-60,18.975471698113207,1,0
Female,1,Yes,No,62,Yes,Yes,Fiber optic,No,Yes,Yes,No,Yes,No,One year,Yes,Credit card (automatic),97.95,5936.55,No,60+,95.7508064516129,5,1
Female,0,Yes,No,60,Yes,Yes,Fiber optic,Yes,Yes,No,No,No,Yes,Month-to-month,Yes,Credit card (automatic),94.1,5475.9,No,49-60,91.265,5,1
Female,1,Yes,No,3,Yes,No,Fiber optic,No,No,No,No,Yes,No,Month-to-month,Yes,Electronic check,80.4,224.05,Yes,0-12,74.68333333333334,2,1
Female,1,Yes,No,23,Yes,No,Fiber optic,Yes,No,No,No,Yes,Yes,Month-to-month,Yes,Electronic check,95.1,2326.05,No,13-24,101.13260869565218,4,1
Male,0,No,Yes,1,No,No phone service,DSL,No,Yes,No,No,No,No,Month-to-month,Yes,Mailed check,31.35,31.35,Yes,0-12,31.35,1,1
Female,0,No,No,67,Yes,No,DSL,Yes,No,Yes,Yes,No,Yes,One year,Yes,Bank transfer (automatic),72.35,4991.5,No,60+,74.5,5,1
Female,0,No,No,12,Yes,Yes,Fiber optic,No,Yes,No,No,Yes,No,Month-to-month,Yes,Bank transfer (automatic),89.75,1052.4,Yes,0-12,87.7,4,1
Female,1,Yes,No,71,Yes,Yes,DSL,Yes,Yes,Yes,Yes,No,Yes,Two year,Yes,Bank transfer (automatic),82.7,5831.2,No,60+,82.12957746478872,7,1
Male,0,No,No,25,Yes,No,No,No internet service,No internet service,No internet service,No internet service,No internet service,No internet service,One year,No,Credit card (automatic),19.9,510.8,No,25-48,20.432,1,0
Female,0,No,No,5,Yes,Yes,DSL,Yes,No,No,No,No,No,Month-to-month,Yes,Electronic check,53.8,283.95,No,0-12,56.79,3,1
Male,0,No,No,26,Yes,Yes,DSL,No,No,No,No,No,No,One year,Yes,Credit card (automatic),51.55,1295.4,No,25-48,49.823076923076925,2,1
Male,0,Yes,Yes,1,Yes,No,No,No internet service,No internet service,No internet service,No internet service,No internet service,No internet service,One year,No,Mailed check,19.65,19.65,No,0-12,19.65,1,0
Male,1,No,No,70,No,No phone service,DSL,No,Yes,Yes,No,Yes,No,One year,Yes,Credit card (automatic),44.05,3011.65,No,60+,43.02357142857143,3,1
Male,0,Yes,Yes,72,Yes,Yes,Fiber optic,Yes,Yes,Yes,Yes,Yes,Yes,Two year,Yes,Electronic check,114.0,8093.15,No,60+,112.4048611111111,8,1
Male,0,Yes,No,60,Yes,No,Fiber optic,No,Yes,No,No,Yes,Yes,One year,Yes,Electronic check,94.4,5610.25,Yes,49-60,93.50416666666666,4,1
Female,1,Yes,Yes,32,Yes,Yes,Fiber optic,No,Yes,No,No,Yes,Yes,Month-to-month,Yes,Electronic check,100.4,3217.65,No,25-48,100.5515625,5,1
Male,0,No,No,1,Yes,No,No,No internet service,No internet service,No internet service,No internet service,No internet service,No internet service,Month-to-month,Yes,Electronic check,19.85,19.85,Yes,0-12,19.85,1,0
Female,0,No,No,14,Yes,Yes,DSL,No,Yes,No,No,No,No,One year,Yes,Mailed check,54.25,773.2,No,13-24,55.22857142857144,3,1
Female,0,No,No,13,Yes,Yes,Fiber optic,Yes,No,No,No,No,No,Month-to-month,Yes,Credit card (automatic),80.0,1029.35,No,13-24,79.18076923076923,3,1
Female,0,No,No,6,Yes,Yes,Fiber optic,No,Yes,Yes,Yes,Yes,Yes,Month-to-month,Yes,Credit card (automatic),109.9,669.45,Yes,0-12,111.575,7,1
Female,0,No,No,46,Yes,Yes,DSL,Yes,No,Yes,No,Yes,Yes,Two year,No,Mailed check,79.2,3593.8,No,25-48,78.12608695652175,6,1
Male,0,No,No,15,Yes,No,Fiber optic,No,No,Yes,Yes,Yes,Yes,Month-to-month,Yes,Electronic check,101.35,1553.95,Yes,13-24,103.59666666666666,5,1
Male,1,Yes,No,43,Yes,Yes,Fiber optic,No,Yes,No,Yes,Yes,No,Month-to-month,Yes,Electronic check,94.3,3953.15,No,25-48,91.93372093023255,5,1
Male,0,No,No,39,Yes,No,DSL,No,No,No,Yes,No,No,Two year,Yes,Bank transfer (automatic),49.8,1971.15,No,25-48,50.542307692307695,2,1
Male,1,No,No,21,Yes,No,DSL,No,No,Yes,No,Yes,No,Month-to-month,Yes,Bank transfer (automatic),60.05,1236.15,Yes,13-24,58.86428571428572,3,1
Male,0,No,No,57,No,No phone service,DSL,Yes,No,Yes,No,Yes,Yes,Month-to-month,Yes,Electronic check,53.75,3196.0,No,49-60,56.07017543859649,4,1
Female,0,Yes,No,53,Yes,No,Fiber optic,No,No,No,Yes,Yes,Yes,One year,Yes,Electronic check,93.45,4872.2,No,49-60,91.92830188679244,4,1
Male,0,Yes,Yes,18,Yes,No,Fiber optic,Yes,No,Yes,No,Yes,No,Month-to-month,Yes,Mailed check,87.9,1500.5,No,13-24,83.36111111111111,4,1
Female,0,No,No,1,Yes,Yes,DSL,No,No,No,No,No,Yes,Month-to-month,Yes,Electronic check,60.15,60.15,Yes,0-12,60.15,3,1
Female,0,Yes,No,58,Yes,Yes,DSL,Yes,No,No,Yes,No,No,One year,Yes,Bank transfer (automatic),61.05,3478.75,No,49-60,59.97844827586207,4,1
Female,1,No,No,71,Yes,Yes,Fiber optic,No,No,Yes,No,Yes,Yes,Two year,No,Bank transfer (automatic),104.05,7413.55,No,60+,104.4161971830986,5,1
Female,0,No,No,35,Yes,No,Fiber optic,No,No,Yes,Yes,Yes,Yes,One year,Yes,Electronic check,99.25,3532.0,No,25-48,100.91428571428573,5,1
Male,0,No,No,3,Yes,No,Fiber optic,No,No,Yes,No,No,Yes,Month-to-month,No,Credit card (automatic),85.7,256.75,No,0-12,85.58333333333333,3,1
Male,0,No,No,38,Yes,Yes,Fiber optic,Yes,Yes,No,No,Yes,Yes,One year,Yes,Electronic check,104.85,3887.25,No,25-48,102.29605263157896,6,1
Male,0,Yes,Yes,35,Yes,Yes,DSL,Yes,Yes,Yes,Yes,No,No,Two year,Yes,Credit card (automatic),69.15,2490.15,No,25-48,71.14714285714285,6,1
Male,0,No,No,7,Yes,Yes,Fiber optic,No,No,Yes,No,Yes,No,Month-to-month,Yes,Electronic check,90.45,593.45,Yes,0-12,84.77857142857144,4,1
Female,0,No,No,47,Yes,No,DSL,No,No,Yes,Yes,Yes,Yes,Two year,No,Mailed check,74.45,3510.3,No,25-48,74.6872340425532,5,1
Female,0,No,No,14,Yes,No,DSL,No,Yes,No,No,No,No,Month-to-month,No,Electronic check,50.45,765.45,No,13-24,54.675,2,1
Female,1,Yes,No,20,Yes,No,DSL,No,Yes,No,No,No,Yes,Month-to-month,Yes,Electronic check,60.0,1259.35,No,13-24,62.9675,3,1
Male,0,Yes,No,66,Yes,Yes,DSL,Yes,Yes,No,Yes,Yes,Yes,Two year,No,Electronic check,85.25,5538.35,No,60+,83.91439393939395,7,1
Male,0,Yes,No,15,Yes,No,No,No internet service,No internet service,No internet service,No internet service,No internet service,No internet service,Month-to-month,Yes,Credit card (automatic),19.45,340.85,No,13-24,22.723333333333336,1,0
Female,0,No,No,42,Yes,No,No,No internet service,No internet service,No internet service,No internet service,No internet service,No internet service,Two year,Yes,Bank transfer (automatic),20.75,844.45,No,25-48,20.10595238095238,1,0
Female,0,Yes,No,17,Yes,Yes,Fiber optic,Yes,No,No,No,No,No,Month-to-month,No,Electronic check,78.9,1348.95,No,13-24,79.35000000000001,3,1
Male,0,No,No,37,Yes,Yes,Fiber optic,No,Yes,No,Yes,Yes,Yes,One year,Yes,Credit card (automatic),104.5,3778.0,No,25-48,102.10810810810813,6,1
Female,0,No,No,12,Yes,No,DSL,No,Yes,No,No,No,No,Month-to-month,Yes,Electronic check,49.4,611.65,No,0-12,50.97083333333333,2,1
Male,0,Yes,No,53,Yes,No,Fiber optic,No,Yes,No,No,Yes,Yes,One year,Yes,Bank transfer (automatic),94.25,4867.95,Yes,49-60,91.84811320754716,4,1
Female,0,No,No,60,Yes,Yes,No,No internet service,No internet service,No internet service,No internet service,No internet service,No internet service,Two year,No,Mailed check,25.0,1505.05,No,49-60,25.084166666666665,2,0
Male,0,Yes,Yes,18,No,No phone service,DSL,No,No,No,No,No,No,Month-to-month,No,Credit card (automatic),25.55,467.85,No,13-24,25.991666666666667,0,1
Male,0,No,No,1,Yes,Yes,Fiber optic,No,No,No,No,No,No,Month-to-month,Yes,Electronic check,74.9,74.9,Yes,0-12,74.9,2,1
Female,0,No,No,3,Yes,No,Fiber optic,No,No,No,No,No,No,Month-to-month,Yes,Electronic check,70.15,194.2,No,0-12,64.73333333333333,1,1
Female,0,No,Yes,9,Yes,No,DSL,No,No,No,Yes,Yes,Yes,Month-to-month,Yes,Credit card (automatic),69.4,571.45,No,0-12,63.49444444444445,4,1
Female,0,No,No,1,Yes,No,Fiber optic,No,No,No,No,Yes,No,Month-to-month,Yes,Electronic check,80.25,80.25,Yes,0-12,80.25,2,1
Male,0,Yes,No,56,Yes,Yes,Fiber optic,Yes,Yes,Yes,No,No,No,One year,Yes,Electronic check,93.15,5253.95,No,49-60,93.82053571428573,5,1
Male,0,Yes,Yes,17,Yes,No,Fiber optic,No,No,No,No,No,No,Month-to-month,Yes,Electronic check,69.0,1149.65,Yes,13-24,67.62647058823529,1,1
Female,0,Yes,Yes,11,Yes,Yes,DSL,No,No,No,Yes,No,Yes,Month-to-month,Yes,Electronic check,66.35,740.8,Yes,0-12,67.34545454545454,4,1
Male,0,No,No,7,Yes,No,Fiber optic,No,No,No,No,No,No,Month-to-month,Yes,Electronic check,69.55,521.35,No,0-12,74.47857142857143,1,1
Female,0,Yes,Yes,69,Yes,No,No,No internet service,No internet service,No internet service,No internet service,No internet service,No internet service,Two year,No,Bank transfer (automatic),20.2,1412.65,No,60+,20.473188405797103,1,0
Male,0,No,No,19,Yes,Yes,Fiber optic,No,No,No,No,No,Yes,Month-to-month,Yes,Bank transfer (automatic),86.0,1532.45,Yes,13-24,80.65526315789474,3,1
Female,0,Yes,Yes,3,Yes,No,Fiber optic,No,No,No,No,No,Yes,Month-to-month,Yes,Electronic check,80.3,250.05,Yes,0-12,83.35000000000001,2,1
Male,0,Yes,Yes,54,Yes,No,No,No internet service,No internet service,No internet service,No internet service,No internet service,No internet service,Two year,No,Credit card (automatic),20.4,1090.6,No,49-60,20.196296296296296,1,0
Male,0,Yes,No,62,Yes,Yes,No,No internet service,No internet service,No internet service,No internet service,No internet service,No internet service,One year,Yes,Credit card (automatic),23.75,1446.8,No,60+,23.335483870967742,2,0
Male,0,No,No,24,Yes,Yes,Fiber optic,No,Yes,No,No,Yes,No,Month-to-month,Yes,Credit card (automatic),90.55,2282.55,Yes,13-24,95.10625,4,1
Female,0,Yes,Yes,62,Yes,Yes,DSL,No,No,No,No,Yes,Yes,Month-to-month,Yes,Credit card (automatic),70.45,4300.45,No,60+,69.36209677419355,4,1
Male,0,No,No,17,Yes,Yes,DSL,Yes,No,No,No,No,Yes,Month-to-month,No,Bank transfer (automatic),65.75,1111.2,No,13-24,65.36470588235295,4,1
Male,0,No,No,9,No,No phone service,DSL,No,No,No,No,No,No,Month-to-month,Yes,Mailed check,24.6,190.1,No,0-12,21.12222222222222,0,1
Male,0,Yes,Yes,64,Yes,No,DSL,Yes,No,Yes,Yes,Yes,No,Two year,No,Mailed check,69.25,4447.75,No,60+,69.49609375,5,1
Female,0,No,No,2,Yes,Yes,Fiber optic,No,No,No,No,No,No,Month-to-month,Yes,Electronic check,75.9,143.35,Yes,0-12,71.675,2,1
Male,0,Yes,Yes,1,Yes,No,DSL,No,No,No,No,No,No,Month-to-month,Yes,Mailed check,45.85,45.85,Yes,0-12,45.85,1,1
Female,0,Yes,No,16,No,No phone service,DSL,No,No,No,Yes,Yes,Yes,Month-to-month,Yes,Electronic check,49.95,810.2,Yes,13-24,50.6375,3,1
Female,0,Yes,No,72,Yes,Yes,No,No internet service,No internet service,No internet service,No internet service,No internet service,No internet service,Two year,No,Bank transfer (automatic),24.65,1830.05,No,60+,25.41736111111111,2,0
Male,0,No,No,30,Yes,Yes,Fiber optic,Yes,Yes,Yes,No,No,No,One year,No,Bank transfer (automatic),90.4,2820.65,No,25-48,94.02166666666668,5,1
Female,0,Yes,No,49,Yes,Yes,Fiber optic,Yes,No,No,No,Yes,Yes,Month-to-month,Yes,Mailed check,100.85,4847.35,No,49-60,98.92551020408165,5,1
Male,0,Yes,No,61,Yes,Yes,DSL,Yes,No,Yes,Yes,No,Yes,Two year,No,Credit card (automatic),75.35,4729.3,No,60+,77.52950819672131,6,1
Male,0,Yes,Yes,47,Yes,Yes,Fiber optic,No,Yes,No,No,Yes,No,Month-to-month,No,Electronic check,87.2,4017.45,No,25-48,85.47765957446808,4,1
Male,0,No,No,20,Yes,No,DSL,Yes,No,Yes,No,No,Yes,Month-to-month,No,Credit card (automatic),64.4,1398.6,No,13-24,69.92999999999999,4,1
Male,0,Yes,Yes,34,Yes,No,Fiber optic,No,No,No,No,Yes,No,Month-to-month,No,Electronic check,78.3,2564.3,Yes,25-48,75.42058823529412,2,1
Female,0,Yes,Yes,70,Yes,Yes,No,No internet service,No internet service,No internet service,No internet service,No internet service,No internet service,Two year,No,Bank transfer (automatic),24.7,1685.9,No,60+,24.08428571428572,2,0
Male,0,No,Yes,54,Yes,No,Fiber optic,Yes,Yes,No,Yes,Yes,Yes,One year,Yes,Electronic check,105.85,5826.65,No,49-60,107.90092592592592,6,1
Male,1,Yes,No,61,Yes,Yes,Fiber optic,No,Yes,Yes,Yes,Yes,No,One year,Yes,Mailed check,98.3,6066.55,No,60+,99.4516393442623,6,1
Male,0,No,No,3,Yes,Yes,Fiber optic,No,No,No,No,No,No,Month-to-month,Yes,Electronic check,76.95,228.4,Yes,0-12,76.13333333333334,2,1
Male,0,No,No,13,Yes,No,No,No internet service,No internet service,No internet service,No internet service,No internet service,No internet service,One year,No,Mailed check,19.45,270.2,No,13-24,20.784615384615385,1,0
Female,1,No,No,16,Yes,Yes,Fiber optic,No,No,No,No,Yes,Yes,Month-to-month,Yes,Electronic check,96.15,1529.2,Yes,13-24,95.575,4,1
Female,0,Yes,Yes,3,Yes,No,DSL,No,Yes,No,No,Yes,No,Month-to-month,Yes,Credit card (automatic),58.7,168.6,No,0-12,56.2,3,1
Male,0,No,No,25,Yes,No,No,No internet service,No internet service,No internet service,No internet service,No internet service,No internet service,Month-to-month,Yes,Mailed check,20.15,536.35,No,25-48,21.454,1,0
Male,0,No,No,30,Yes,Yes,DSL,Yes,No,No,No,No,Yes,Month-to-month,Yes,Mailed check,64.5,1888.45,No,25-48,62.94833333333334,4,1
Female,0,Yes,No,21,No,No phone service,DSL,Yes,No,No,No,No,No,Month-to-month,No,Electronic check,28.5,629.35,No,13-24,29.969047619047625,1,1
Male,0,No,No,1,Yes,No,DSL,No,No,No,No,No,No,Month-to-month,No,Electronic check,45.3,45.3,Yes,0-12,45.3,1,1
Female,0,No,No,15,Yes,No,No,No internet service,No internet service,No internet service,No internet service,No internet service,No internet service,Month-to-month,No,Bank transfer (automatic),19.4,289.3,Yes,13-24,19.28666666666667,1,0
Male,1,Yes,No,23,Yes,No,Fiber optic,No,No,No,No,Yes,Yes,Month-to-month,Yes,Electronic check,90.45,2117.25,No,13-24,92.05434782608695,3,1
Female,0,Yes,Yes,45,Yes,Yes,Fiber optic,Yes,Yes,No,No,Yes,Yes,Month-to-month,Yes,Electronic check,105.15,4730.9,No,25-48,105.1311111111111,6,1
Female,0,Yes,Yes,24,Yes,Yes,Fiber optic,No,Yes,Yes,No,No,No,One year,No,Bank transfer (automatic),83.15,2033.05,No,13-24,84.71041666666666,4,1
Female,0,No,No,11,Yes,Yes,Fiber optic,No,No,No,Yes,Yes,No,Month-to-month,No,Electronic check,90.15,987.95,Yes,0-12,89.81363636363636,4,1
Male,0,No,No,1,Yes,No,DSL,No,No,No,No,No,No,Month-to-month,No,Mailed check,45.05,45.05,Yes,0-12,45.05,1,1
Female,0,Yes,No,56,Yes,Yes,Fiber optic,No,No,Yes,Yes,Yes,Yes,Two year,No,Bank transfer (automatic),103.2,5744.35,No,49-60,102.57767857142858,6,1
Female,0,No,No,1,Yes,No,Fiber optic,No,Yes,No,No,No,No,Month-to-month,No,Electronic check,75.8,75.8,Yes,0-12,75.8,2,1
Male,0,No,No,1,Yes,No,No,No internet service,No internet service,No internet service,No internet service,No internet service,No internet service,Month-to-month,No,Electronic check,19.45,19.45,No,0-12,19.45,1,0
Female,0,No,No,7,Yes,No,Fiber optic,No,No,No,No,No,Yes,Month-to-month,Yes,Electronic check,79.3,523.15,Yes,0-12,74.73571428571428,2,1
Female,1,Yes,No,55,Yes,No,Fiber optic,No,No,Yes,Yes,Yes,No,Two year,No,Credit card (automatic),88.8,4805.3,No,49-60,87.36909090909091,4,1
Female,0,No,No,2,No,No phone service,DSL,No,No,No,Yes,No,No,Month-to-month,Yes,Electronic check,30.9,59.05,Yes,0-12,29.525,1,1
Female,0,Yes,Yes,72,Yes,Yes,DSL,Yes,No,Yes,Yes,Yes,Yes,Two year,Yes,Credit card (automatic),85.9,6110.75,No,60+,84.87152777777777,7,1
Female,1,No,No,45,No,No phone service,DSL,No,No,No,No,No,Yes,One year,No,Electronic check,34.2,1596.6,No,25-48,35.48,1,1
Female,0,No,No,47,Yes,No,No,No internet service,No internet service,No internet service,No internet service,No internet service,No internet service,Two year,No,Mailed check,20.15,1046.2,No,25-48,22.25957446808511,1,0
Female,1,No,No,46,Yes,No,Fiber optic,No,Yes,No,No,Yes,Yes,One year,No,Credit card (automatic),95.25,4424.2,Yes,25-48,96.1782608695652,4,1
Male,0,No,No,2,Yes,No,DSL,No,Yes,No,No,No,No,Month-to-month,Yes,Mailed check,50.3,92.75,No,0-12,46.375,2,1
Female,0,Yes,No,2,Yes,No,Fiber optic,Yes,No,No,Yes,No,No,Month-to-month,Yes,Electronic check,80.15,194.55,No,0-12,97.275,3,1
Female,0,Yes,No,12,Yes,No,DSL,No,Yes,No,No,No,No,Month-to-month,Yes,Electronic check,51.25,612.1,No,0-12,51.00833333333333,2,1
Female,1,Yes,No,68,Yes,Yes,Fiber optic,No,Yes,No,No,No,Yes,Month-to-month,Yes,Bank transfer (automatic),89.6,6127.6,Yes,60+,90.11176470588236,4,1
Male,0,Yes,Yes,69,Yes,No,Fiber optic,No,No,No,Yes,Yes,Yes,Two year,Yes,Credit card (automatic),95.2,6671.7,No,60+,96.69130434782608,4,1
Male,1,No,Yes,56,Yes,No,Fiber optic,Yes,No,No,No,Yes,Yes,One year,No,Credit card (automatic),94.8,5264.3,No,49-60,94.00535714285716,4,1
Female,1,No,No,4,Yes,Yes,Fiber optic,Yes,No,No,No,No,No,Month-to-month,Yes,Electronic check,80.25,303.7,No,0-12,75.925,3,1
Male,0,Yes,No,64,Yes,Yes,DSL,No,Yes,Yes,Yes,Yes,No,Two year,Yes,Bank transfer (automatic),76.1,4818.8,No,60+,75.29375,6,1
Male,0,Yes,No,59,Yes,Yes,Fiber optic,Yes,Yes,Yes,No,Yes,Yes,One year,Yes,Electronic check,110.15,6448.05,Yes,49-60,109.28898305084746,7,1
Male,0,Yes,Yes,62,Yes,Yes,Fiber optic,Yes,Yes,Yes,Yes,Yes,Yes,Two year,No,Bank transfer (automatic),115.55,7159.05,No,60+,115.46854838709676,8,1
Male,0,Yes,Yes,63,Yes,Yes,No,No internet service,No internet service,No internet service,No internet service,No internet service,No internet service,Two year,No,Credit card (automatic),24.65,1574.5,No,60+,24.99206349206349,2,0
Female,0,No,No,53,No,No phone service,DSL,Yes,Yes,Yes,Yes,Yes,No,One year,Yes,Electronic check,53.6,2879.2,No,49-60,54.32452830188679,5,1
Male,0,Yes,Yes,5,Yes,No,No,No internet service,No internet service,No internet service,No internet service,No internet service,No internet service,Month-to-month,No,Mailed check,19.45,86.05,No,0-12,17.21,1,0
Male,1,Yes,No,49,Yes,Yes,Fiber optic,Yes,Yes,Yes,No,No,No,Month-to-month,Yes,Electronic check,88.2,4159.45,No,49-60,84.88673469387754,5,1
Female,0,Yes,Yes,62,Yes,Yes,Fiber optic,Yes,No,No,No,Yes,Yes,Two year,Yes,Bank transfer (automatic),101.15,6638.35,No,60+,107.0701612903226,5,1
Female,0,Yes,No,55,Yes,No,DSL,Yes,Yes,No,Yes,No,No,Two year,No,Mailed check,56.8,3112.05,No,49-60,56.58272727272728,4,1
Female,1,Yes,No,71,Yes,No,Fiber optic,Yes,Yes,Yes,Yes,Yes,No,Two year,Yes,Electronic check,99.4,7168.25,No,60+,100.9612676056338,6,1
Female,0,Yes,Yes,72,Yes,No,No,No internet service,No internet service,No internet service,No internet service,No internet service,No internet service,Two year,Yes,Credit card (automatic),20.1,1326.25,No,60+,18.42013888888889,1,0
Male,0,Yes,Yes,36,No,No phone service,DSL,Yes,No,Yes,Yes,Yes,Yes,One year,No,Credit card (automatic),60.7,2234.55,No,25-48,62.07083333333334,5,1
Male,0,Yes,No,25,Yes,No,No,No internet service,No internet service,No internet service,No internet service,No internet service,No internet service,One year,Yes,Bank transfer (automatic),20.95,495.15,No,25-48,19.806,1,0
Female,1,Yes,No,72,Yes,Yes,Fiber optic,Yes,Yes,Yes,Yes,Yes,Yes,Two year,Yes,Bank transfer (automatic),114.85,8317.95,No,60+,115.52708333333334,8,1
Female,0,No,No,36,Yes,No,No,No internet service,No internet service,No internet service,No internet service,No internet service,No internet service,One year,Yes,Bank transfer (automatic),19.25,679.8,No,25-48,18.883333333333333,1,0
Male,0,No,No,1,Yes,No,DSL,No,No,No,No,Yes,Yes,Month-to-month,Yes,Mailed check,62.8,62.8,No,0-12,62.8,3,1
Female,0,Yes,No,72,Yes,Yes,Fiber optic,Yes,No,Yes,No,Yes,Yes,Two year,Yes,Electronic check,105.5,7544.0,No,60+,104.77777777777776,6,1
Male,0,Yes,Yes,59,Yes,No,No,No internet service,No internet service,No internet service,No internet service,No internet service,No internet service,Two year,No,Mailed check,19.85,1188.25,No,49-60,20.139830508474574,1,0
Male,1,Yes,No,7,Yes,No,Fiber optic,No,No,No,No,Yes,Yes,Month-to-month,Yes,Electronic check,89.5,676.7,Yes,0-12,96.67142857142858,3,1
Female,0,No,No,1,Yes,No,DSL,No,No,Yes,Yes,Yes,Yes,One year,No,Credit card (automatic),74.1,74.1,No,0-12,74.1,5,1
Female,0,Yes,Yes,30,Yes,Yes,Fiber optic,No,Yes,Yes,Yes,Yes,Yes,Month-to-month,Yes,Electronic check,107.5,3242.5,No,25-48,108.08333333333331,7,1
Male,0,No,No,64,Yes,No,No,No internet service,No internet service,No internet service,No internet service,No internet service,No internet service,Two year,No,Mailed check,19.55,1240.15,No,60+,19.37734375,1,0
Male,0,No,No,63,Yes,Yes,DSL,Yes,Yes,Yes,Yes,No,No,One year,No,Bank transfer (automatic),68.8,4111.35,No,60+,65.25952380952381,6,1
Male,1,Yes,No,72,Yes,Yes,DSL,Yes,Yes,Yes,No,Yes,Yes,Two year,No,Credit card (automatic),84.45,5899.85,No,60+,81.94236111111111,7,1
Male,0,Yes,No,8,Yes,No,Fiber optic,Yes,No,No,No,No,No,Month-to-month,No,Electronic check,75.0,632.95,Yes,0-12,79.11875,2,1
Female,0,No,No,62,Yes,Yes,DSL,No,Yes,Yes,Yes,Yes,Yes,Two year,No,Bank transfer (automatic),84.5,5193.2,No,60+,83.76129032258065,7,1
Male,0,Yes,Yes,67,Yes,Yes,Fiber optic,No,Yes,Yes,Yes,Yes,Yes,Two year,Yes,Bank transfer (automatic),111.2,7530.8,No,60+,112.4,7,1
Male,0,No,No,6,Yes,No,DSL,No,No,No,No,No,No,Month-to-month,No,Electronic check,44.75,270.95,Yes,0-12,45.15833333333333,1,1
Female,0,Yes,Yes,70,Yes,Yes,DSL,Yes,No,No,Yes,Yes,Yes,Two year,Yes,Bank transfer (automatic),80.6,5460.2,No,60+,78.00285714285714,6,1
Female,1,No,No,20,Yes,No,Fiber optic,No,No,No,No,Yes,No,Month-to-month,No,Bank transfer (automatic),80.7,1614.2,No,13-24,80.71000000000001,2,1
Female,0,No,No,5,Yes,Yes,Fiber optic,No,No,No,No,No,No,Month-to-month,No,Electronic check,75.6,402.5,No,0-12,80.5,2,1
Female,0,Yes,Yes,24,No,No phone service,DSL,Yes,Yes,Yes,No,Yes,Yes,One year,No,Electronic check,57.6,1367.75,No,13-24,56.989583333333336,5,1
Female,0,Yes,No,11,Yes,No,DSL,No,No,No,No,No,No,Month-to-month,Yes,Electronic check,44.05,483.7,Yes,0-12,43.97272727272727,1,1
Male,0,Yes,No,72,Yes,Yes,Fiber optic,No,Yes,Yes,Yes,Yes,Yes,Two year,Yes,Credit card (automatic),110.6,7962.2,No,60+,110.58611111111112,7,1
Female,0,Yes,Yes,66,Yes,No,DSL,Yes,Yes,No,Yes,No,No,Two year,Yes,Credit card (automatic),58.2,3810.8,No,60+,57.73939393939394,4,1
Female,0,Yes,Yes,45,Yes,No,DSL,Yes,No,Yes,Yes,Yes,Yes,Two year,Yes,Mailed check,81.0,3533.6,No,25-48,78.52444444444444,6,1
Female,0,Yes,Yes,69,Yes,No,No,No internet service,No internet service,No internet service,No internet service,No internet service,No internet service,Two year,No,Bank transfer (automatic),19.7,1396.9,No,60+,20.244927536231884,1,0
Male,1,Yes,No,15,Yes,Yes,Fiber optic,No,No,No,No,No,Yes,Month-to-month,Yes,Bank transfer (automatic),85.6,1345.55,Yes,13-24,89.70333333333333,3,1
Female,0,No,No,28,Yes,No,DSL,No,No,Yes,No,Yes,No,Month-to-month,Yes,Bank transfer (automatic),59.55,1646.45,No,25-48,58.801785714285714,3,1
Female,0,No,No,70,Yes,Yes,Fiber optic,Yes,Yes,Yes,Yes,Yes,Yes,One year,No,Credit card (automatic),115.55,8127.6,Yes,60+,116.10857142857144,8,1
Female,0,No,No,36,Yes,No,DSL,Yes,Yes,Yes,Yes,No,Yes,One year,Yes,Mailed check,75.55,2680.15,No,25-48,74.44861111111112,6,1
Male,1,No,No,16,Yes,Yes,Fiber optic,No,No,No,No,Yes,No,Month-to-month,Yes,Electronic check,86.6,1281.0,Yes,13-24,80.0625,3,1
Female,0,No,No,18,Yes,Yes,Fiber optic,No,No,No,No,Yes,No,Month-to-month,Yes,Electronic check,85.2,1553.9,Yes,13-24,86.32777777777778,3,1
Female,0,Yes,No,34,Yes,Yes,Fiber optic,No,No,No,No,Yes,Yes,Month-to-month,Yes,Electronic check,97.65,3207.55,Yes,25-48,94.33970588235294,4,1
Male,0,Yes,Yes,42,No,No phone service,DSL,No,Yes,Yes,No,No,Yes,One year,Yes,Credit card (automatic),45.1,2049.05,No,25-48,48.786904761904765,3,1
Male,0,No,No,48,Yes,Yes,DSL,Yes,No,No,Yes,No,Yes,One year,Yes,Bank transfer (automatic),70.95,3629.2,No,25-48,75.60833333333333,5,1
Male,0,Yes,No,47,Yes,Yes,Fiber optic,No,Yes,Yes,Yes,Yes,Yes,Month-to-month,Yes,Electronic check,109.55,5124.55,Yes,25-48,109.03297872340426,7,1
Female,0,Yes,Yes,39,Yes,Yes,Fiber optic,No,Yes,Yes,Yes,No,No,One year,Yes,Electronic check,89.55,3474.45,Yes,25-48,89.08846153846153,5,1
Female,0,Yes,Yes,11,Yes,No,No,No internet service,No internet service,No internet service,No internet service,No internet service,No internet service,Two year,No,Credit card (automatic),20.9,202.3,No,0-12,18.39090909090909,1,0
Male,0,No,No,7,Yes,No,No,No internet service,No internet service,No internet service,No internet service,No internet service,No internet service,Month-to-month,Yes,Mailed check,19.95,147.5,No,0-12,21.071428571428573,1,0
Female,0,No,No,3,Yes,Yes,No,No internet service,No internet service,No internet service,No internet service,No internet service,No internet service,Month-to-month,No,Mailed check,24.6,86.35,No,0-12,28.78333333333333,2,0
Male,0,No,No,8,Yes,No,DSL,Yes,No,Yes,No,No,Yes,Month-to-month,Yes,Electronic check,66.7,579.0,No,0-12,72.375,4,1
Male,0,No,Yes,1,Yes,No,No,No internet service,No internet service,No internet service,No internet service,No internet service,No internet service,Month-to-month,Yes,Mailed check,19.45,19.45,Yes,0-12,19.45,1,0
Male,0,Yes,Yes,32,Yes,No,Fiber optic,Yes,Yes,Yes,No,No,Yes,One year,No,Mailed check,94.8,3131.55,No,25-48,97.8609375,5,1
Male,0,Yes,Yes,60,Yes,No,DSL,Yes,Yes,Yes,Yes,No,No,One year,Yes,Bank transfer (automatic),65.85,3928.3,No,49-60,65.47166666666666,5,1
Female,0,Yes,No,10,Yes,No,No,No internet service,No internet service,No internet service,No internet service,No internet service,No internet service,Month-to-month,Yes,Bank transfer (automatic),19.95,187.75,No,0-12,18.775,1,0
Female,0,Yes,No,71,Yes,Yes,No,No internet service,No internet service,No internet service,No internet service,No internet service,No internet service,Two year,Yes,Bank transfer (automatic),24.65,1710.15,No,60+,24.086619718309866,2,0
Female,0,Yes,Yes,4,Yes,No,No,No internet service,No internet service,No internet service,No internet service,No internet service,No internet service,Month-to-month,No,Mailed check,20.35,76.35,Yes,0-12,19.0875,1,0
Female,1,No,No,1,Yes,No,Fiber optic,No,No,No,No,No,No,Month-to-month,Yes,Electronic check,69.25,69.25,Yes,0-12,69.25,1,1
Female,0,Yes,Yes,43,No,No phone service,DSL,Yes,Yes,No,Yes,Yes,No,One year,Yes,Bank transfer (automatic),51.25,2151.6,No,25-48,50.03720930232558,4,1
Male,0,Yes,No,59,Yes,Yes,Fiber optic,No,No,Yes,No,Yes,Yes,One year,Yes,Bank transfer (automatic),99.5,5961.1,Yes,49-60,101.035593220339,5,1
Female,0,Yes,No,23,Yes,No,DSL,No,No,Yes,Yes,No,No,Month-to-month,No,Electronic check,54.25,1221.55,No,13-24,53.11086956521739,3,1
Female,0,Yes,No,72,Yes,No,No,No internet service,No internet service,No internet service,No internet service,No internet service,No internet service,Two year,No,Bank transfer (automatic),19.4,1496.45,No,60+,20.78402777777778,1,0
Male,0,Yes,No,22,Yes,No,DSL,Yes,No,No,Yes,No,No,One year,Yes,Credit card (automatic),56.25,1292.2,No,13-24,58.73636363636364,3,1
Female,0,No,No,1,No,No phone service,DSL,No,No,No,No,No,No,Month-to-month,Yes,Mailed check,25.15,25.15,No,0-12,25.15,0,1
Male,0,No,No,69,Yes,Yes,No,No internet service,No internet service,No internet service,No internet service,No internet service,No internet service,Two year,No,Bank transfer (automatic),23.95,1713.1,No,60+,24.827536231884057,2,0
Male,0,No,No,50,No,No phone service,DSL,Yes,No,No,Yes,No,No,One year,Yes,Mailed check,35.4,1748.9,No,49-60,34.978,2,1
Female,1,No,No,1,No,No phone service,DSL,No,No,No,No,No,No,Month-to-month,Yes,Electronic check,25.2,25.2,Yes,0-12,25.2,0,1
Male,0,No,No,2,Yes,No,DSL,No,No,No,No,No,No,Month-to-month,Yes,Mailed check,45.0,96.45,Yes,0-12,48.225,1,1
Female,0,Yes,No,15,Yes,No,Fiber optic,No,Yes,No,No,No,No,Month-to-month,No,Bank transfer (automatic),75.35,1114.55,No,13-24,74.30333333333333,2,1
Male,0,No,No,31,Yes,No,No,No internet service,No internet service,No internet service,No internet service,No internet service,No internet service,Two year,No,Bank transfer (automatic),20.4,609.1,No,25-48,19.648387096774197,1,0
Male,0,No,No,1,Yes,No,No,No internet service,No internet service,No internet service,No internet service,No internet service,No internet service,Month-to-month,No,Mailed check,20.15,20.15,Yes,0-12,20.15,1,0
Male,0,Yes,No,66,Yes,Yes,Fiber optic,No,Yes,Yes,No,Yes,Yes,Month-to-month,Yes,Credit card (automatic),105.0,7133.25,Yes,60+,108.07954545454544,6,1
Female,0,Yes,Yes,0,No,No phone service,DSL,Yes,Yes,Yes,Yes,Yes,No,Two year,No,Credit card (automatic),56.05,1397.475,No,,1397.475,5,1
Male,0,No,Yes,3,Yes,No,DSL,No,No,No,No,Yes,No,Month-to-month,Yes,Credit card (automatic),54.7,169.45,Yes,0-12,56.48333333333333,2,1
Female,0,No,No,8,Yes,No,No,No internet service,No internet service,No internet service,No internet service,No internet service,No internet service,Two year,No,Mailed check,20.0,141.6,No,0-12,17.7,1,0
Male,0,Yes,Yes,64,Yes,No,DSL,Yes,No,Yes,No,Yes,Yes,One year,Yes,Credit card (automatic),73.05,4688.65,No,60+,73.26015625,5,1
Female,0,Yes,No,28,Yes,No,No,No internet service,No internet service,No internet service,No internet service,No internet service,No internet service,Month-to-month,No,Mailed check,20.5,563.05,No,25-48,20.10892857142857,1,0
Female,0,Yes,No,57,Yes,Yes,Fiber optic,No,No,Yes,No,Yes,Yes,One year,Yes,Credit card (automatic),100.75,5985.0,No,49-60,105.0,5,1
Female,0,Yes,Yes,14,Yes,Yes,Fiber optic,No,No,Yes,No,No,Yes,Month-to-month,Yes,Electronic check,87.25,1258.6,Yes,13-24,89.89999999999999,4,1
Male,0,No,No,19,Yes,No,No,No internet service,No internet service,No internet service,No internet service,No internet service,No internet service,Two year,Yes,Mailed check,19.95,373.5,No,13-24,19.657894736842103,1,0
Male,0,Yes,No,10,Yes,No,Fiber optic,No,No,No,No,Yes,No,Month-to-month,Yes,Electronic check,79.95,857.2,Yes,0-12,85.72,2,1
Female,0,Yes,No,51,No,No phone service,DSL,No,Yes,No,No,Yes,Yes,Month-to-month,Yes,Electronic check,49.65,2553.35,No,49-60,50.0656862745098,3,1
Female,0,Yes,No,67,Yes,Yes,DSL,Yes,Yes,Yes,No,No,No,Two year,No,Mailed check,65.65,4322.85,No,60+,64.52014925373135,5,1
Male,0,Yes,Yes,11,Yes,No,No,No internet service,No internet service,No internet service,No internet service,No internet service,No internet service,Month-to-month,Yes,Electronic check,20.45,250.8,No,0-12,22.8,1,0
Male,0,Yes,Yes,72,No,No phone service,DSL,Yes,No,Yes,Yes,Yes,Yes,Two year,No,Bank transfer (automatic),60.95,4549.05,No,60+,63.181250000000006,5,1
Male,0,Yes,Yes,66,Yes,No,No,No internet service,No internet service,No internet service,No internet service,No internet service,No internet service,One year,Yes,Electronic check,20.35,1359.5,No,60+,20.598484848484848,1,0
Female,0,No,No,18,Yes,Yes,Fiber optic,No,No,No,Yes,Yes,No,Month-to-month,Yes,Electronic check,88.35,1639.3,Yes,13-24,91.07222222222222,4,1
Female,0,No,No,9,Yes,No,No,No internet service,No internet service,No internet service,No internet service,No internet service,No internet service,Month-to-month,Yes,Electronic check,19.5,178.85,No,0-12,19.87222222222222,1,0
Female,0,No,No,9,Yes,Yes,Fiber optic,No,No,No,No,No,No,Month-to-month,Yes,Credit card (automatic),75.2,633.85,No,0-12,70.42777777777778,2,1
Male,0,Yes,No,48,Yes,Yes,Fiber optic,Yes,Yes,Yes,No,Yes,Yes,Month-to-month,Yes,Bank transfer (automatic),111.45,5315.1,No,25-48,110.73125,7,1
Male,0,No,No,10,Yes,No,Fiber optic,No,No,No,No,No,No,Month-to-month,No,Mailed check,70.15,735.5,No,0-12,73.55,1,1
Female,0,No,No,9,Yes,Yes,Fiber optic,No,No,No,No,Yes,Yes,Month-to-month,Yes,Electronic check,94.75,889.9,Yes,0-12,98.87777777777778,4,1
Female,1,No,No,13,Yes,Yes,Fiber optic,No,No,No,No,Yes,Yes,Month-to-month,Yes,Electronic check,95.05,1290.0,Yes,13-24,99.23076923076924,4,1
Male,0,No,No,4,Yes,Yes,Fiber optic,No,Yes,No,No,No,No,Month-to-month,No,Electronic check,78.45,330.05,Yes,0-12,82.5125,3,1
Male,0,No,No,4,Yes,No,Fiber optic,No,No,No,No,No,No,Month-to-month,Yes,Electronic check,70.2,237.95,Yes,0-12,59.4875,1,1
Female,0,Yes,No,72,Yes,Yes,DSL,Yes,Yes,Yes,Yes,Yes,Yes,Two year,No,Bank transfer (automatic),92.0,6474.4,No,60+,89.92222222222222,8,1
Female,0,Yes,Yes,51,Yes,No,DSL,Yes,Yes,Yes,Yes,Yes,Yes,Two year,No,Credit card (automatic),85.5,4421.95,No,49-60,86.70490196078431,7,1
Male,0,Yes,No,59,No,No phone service,DSL,No,Yes,No,No,No,Yes,Month-to-month,Yes,Bank transfer (automatic),41.05,2452.7,Yes,49-60,41.57118644067796,2,1
Male,0,Yes,No,10,Yes,Yes,Fiber optic,No,No,No,No,Yes,No,Month-to-month,Yes,Electronic check,85.6,813.85,Yes,0-12,81.385,3,1
Male,1,Yes,No,61,Yes,Yes,Fiber optic,No,Yes,No,No,No,No,Month-to-month,Yes,Electronic check,82.15,4904.85,No,60+,80.40737704918034,3,1
Male,0,No,No,54,Yes,No,Fiber optic,Yes,No,Yes,Yes,No,No,One year,No,Electronic check,84.4,4484.05,No,49-60,83.03796296296296,4,1
Female,0,No,No,33,Yes,Yes,DSL,Yes,Yes,No,No,No,No,Month-to-month,Yes,Mailed check,60.9,2033.85,No,25-48,61.631818181818176,4,1
Female,0,No,No,27,Yes,No,No,No internet service,No internet service,No internet service,No internet service,No internet service,No internet service,Two year,Yes,Bank transfer (automatic),20.25,538.2,No,25-48,19.933333333333334,1,0
Female,1,No,No,1,Yes,No,Fiber optic,No,No,No,No,Yes,No,Month-to-month,Yes,Electronic check,79.2,79.2,Yes,0-12,79.2,2,1
Male,0,No,No,23,Yes,No,Fiber optic,No,Yes,No,No,Yes,Yes,Month-to-month,No,Mailed check,95.3,2192.9,No,13-24,95.34347826086956,4,1
Male,0,No,Yes,1,Yes,No,No,No internet service,No internet service,No internet service,No internet service,No internet service,No internet service,Month-to-month,No,Mailed check,19.85,19.85,No,0-12,19.85,1,0
Male,0,Yes,Yes,45,Yes,No,DSL,Yes,Yes,Yes,Yes,Yes,Yes,Two year,Yes,Mailed check,84.35,3858.05,No,25-48,85.73444444444445,7,1
Female,0,Yes,Yes,39,Yes,No,No,No internet service,No internet service,No internet service,No internet service,No internet service,No internet service,Two year,Yes,Bank transfer (automatic),19.85,854.8,No,25-48,21.91794871794872,1,0
Male,0,No,No,5,Yes,No,DSL,No,No,Yes,No,Yes,Yes,One year,Yes,Mailed check,70.0,347.4,Yes,0-12,69.47999999999999,4,1
Male,0,Yes,Yes,72,Yes,Yes,DSL,Yes,Yes,Yes,Yes,Yes,No,Two year,No,Bank transfer (automatic),82.3,5815.15,No,60+,80.76597222222222,7,1
Female,0,Yes,Yes,58,Yes,Yes,DSL,No,Yes,No,No,Yes,No,Month-to-month,Yes,Bank transfer (automatic),66.8,3970.4,No,49-60,68.45517241379311,4,1
Female,0,No,No,70,No,No phone service,DSL,Yes,Yes,Yes,Yes,No,No,Two year,Yes,Bank transfer (automatic),44.6,3058.15,No,60+,43.68785714285715,4,1
Male,0,Yes,Yes,61,Yes,No,Fiber optic,No,Yes,No,Yes,Yes,Yes,One year,Yes,Bank transfer (automatic),98.45,6145.2,No,60+,100.74098360655738,5,1
Male,0,No,No,2,Yes,No,Fiber optic,No,No,No,No,No,No,Month-to-month,No,Mailed check,70.7,129.2,No,0-12,64.6,1,1
Female,0,Yes,Yes,46,Yes,Yes,No,No internet service,No internet service,No internet service,No internet service,No internet service,No internet service,One year,No,Mailed check,24.95,1165.9,No,25-48,25.345652173913045,2,0
Female,0,No,No,1,Yes,Yes,DSL,No,No,No,No,No,No,Month-to-month,Yes,Bank transfer (automatic),49.95,49.95,Yes,0-12,49.95,2,1
Female,0,Yes,No,22,Yes,No,Fiber optic,No,No,No,No,No,No,Month-to-month,Yes,Electronic check,69.25,1554.0,Yes,13-24,70.63636363636364,1,1
Female,0,No,No,48,Yes,No,Fiber optic,Yes,No,Yes,Yes,Yes,Yes,Two year,Yes,Credit card (automatic),102.5,4904.25,No,25-48,102.171875,6,1
Male,0,No,No,64,Yes,Yes,DSL,No,Yes,Yes,Yes,Yes,Yes,Two year,No,Credit card (automatic),86.55,5632.55,No,60+,88.00859375,7,1
Male,0,Yes,Yes,72,Yes,Yes,No,No internet service,No internet service,No internet service,No internet service,No internet service,No internet service,Two year,No,Bank transfer (automatic),24.3,1643.25,No,60+,22.822916666666668,2,0
Female,0,Yes,Yes,12,Yes,No,DSL,No,No,Yes,No,Yes,No,Month-to-month,Yes,Credit card (automatic),58.35,740.55,No,0-12,61.7125,3,1
Female,1,Yes,No,34,Yes,Yes,Fiber optic,No,Yes,Yes,No,No,Yes,Month-to-month,Yes,Electronic check,94.25,3217.55,Yes,25-48,94.63382352941176,5,1
Female,0,Yes,Yes,72,Yes,No,DSL,Yes,Yes,Yes,No,No,Yes,Two year,No,Credit card (automatic),68.75,4888.2,No,60+,67.89166666666667,5,1
Male,0,Yes,No,29,Yes,Yes,Fiber optic,No,Yes,Yes,No,No,No,Month-to-month,Yes,Electronic check,85.8,2440.25,No,25-48,84.14655172413794,4,1
Male,0,Yes,Yes,33,Yes,No,No,No internet service,No internet service,No internet service,No internet service,No internet service,No internet service,One year,No,Credit card (automatic),20.1,620.55,No,25-48,18.80454545454545,1,0
Female,0,No,No,1,Yes,No,No,No internet service,No internet service,No internet service,No internet service,No internet service,No internet service,Month-to-month,No,Mailed check,20.35,20.35,No,0-12,20.35,1,0
Female,0,Yes,Yes,62,Yes,Yes,Fiber optic,No,Yes,Yes,Yes,Yes,Yes,One year,Yes,Electronic check,110.8,6840.95,No,60+,110.33790322580644,7,1
Male,0,Yes,No,41,Yes,Yes,DSL,No,No,Yes,No,Yes,Yes,One year,Yes,Electronic check,73.0,3001.2,Yes,25-48,73.19999999999999,5,1
Female,0,No,No,64,Yes,Yes,Fiber optic,No,No,Yes,No,Yes,Yes,One year,Yes,Credit card (automatic),100.05,6254.2,Yes,60+,97.721875,5,1
Female,0,No,No,4,Yes,No,Fiber optic,No,No,Yes,No,No,Yes,Month-to-month,Yes,Credit card (automatic),82.85,319.6,No,0-12,79.9,3,1
Female,0,No,No,24,Yes,Yes,Fiber optic,Yes,No,No,Yes,No,No,Month-to-month,Yes,Electronic check,84.35,1938.05,No,13-24,80.75208333333333,4,1
Female,0,Yes,Yes,14,Yes,No,No,No internet service,No internet service,No internet service,No internet service,No internet service,No internet service,One year,No,Mailed check,19.55,294.5,No,13-24,21.035714285714285,1,0
Male,0,No,Yes,3,Yes,No,No,No internet service,No internet service,No internet service,No internet service,No internet service,No internet service,Month-to-month,No,Mailed check,19.95,58.3,No,0-12,19.433333333333334,1,0
Female,1,No,No,4,Yes,No,Fiber optic,No,Yes,Yes,No,Yes,Yes,Month-to-month,Yes,Credit card (automatic),99.8,442.85,Yes,0-12,110.7125,5,1
Female,0,No,Yes,18,No,No phone service,DSL,No,No,No,No,No,Yes,Month-to-month,Yes,Electronic check,35.0,553.0,Yes,13-24,30.72222222222222,1,1
Male,0,No,No,8,Yes,No,DSL,No,No,No,No,Yes,Yes,Month-to-month,Yes,Electronic check,66.25,546.45,No,0-12,68.30625,3,1
Female,0,No,No,35,Yes,Yes,No,No internet service,No internet service,No internet service,No internet service,No internet service,No internet service,Two year,No,Bank transfer (automatic),23.3,797.1,No,25-48,22.774285714285718,2,0
Female,0,No,No,1,Yes,Yes,Fiber optic,No,No,No,No,No,No,Month-to-month,No,Electronic check,76.0,76.0,Yes,0-12,76.0,2,1
Male,0,No,Yes,66,Yes,Yes,No,No internet service,No internet service,No internet service,No internet service,No internet service,No internet service,Two year,Yes,Credit card (automatic),25.3,1673.8,No,60+,25.36060606060606,2,0
Male,0,No,Yes,8,No,No phone service,DSL,Yes,No,No,Yes,No,Yes,Two year,Yes,Mailed check,44.55,343.45,No,0-12,42.93125,3,1
Female,0,Yes,No,71,Yes,Yes,Fiber optic,Yes,No,Yes,No,Yes,Yes,One year,Yes,Credit card (automatic),104.1,7412.25,No,60+,104.39788732394366,6,1
Female,0,Yes,Yes,43,Yes,Yes,Fiber optic,No,No,Yes,No,No,Yes,Month-to-month,Yes,Bank transfer (automatic),92.55,4039.0,No,25-48,93.93023255813954,4,1
Female,1,No,No,2,Yes,Yes,Fiber optic,No,No,No,No,Yes,Yes,Month-to-month,Yes,Electronic check,93.85,170.85,Yes,0-12,85.425,4,1
Male,1,No,No,29,Yes,No,Fiber optic,No,Yes,Yes,No,Yes,Yes,Month-to-month,Yes,Bank transfer (automatic),101.45,2948.6,No,25-48,101.67586206896551,5,1
Female,0,Yes,No,15,Yes,No,Fiber optic,No,No,Yes,No,Yes,No,Month-to-month,Yes,Electronic check,84.3,1308.4,Yes,13-24,87.22666666666667,3,1
Male,0,Yes,Yes,65,Yes,Yes,Fiber optic,Yes,Yes,Yes,Yes,No,No,Two year,No,Credit card (automatic),94.55,6078.75,No,60+,93.51923076923076,6,1
Male,0,No,No,35,Yes,Yes,Fiber optic,No,No,Yes,Yes,Yes,No,Month-to-month,No,Electronic check,95.5,3418.2,No,25-48,97.66285714285712,5,1
Male,0,No,No,64,Yes,No,Fiber optic,Yes,Yes,No,No,Yes,Yes,One year,Yes,Credit card (automatic),100.3,6603.8,No,60+,103.184375,5,1
Female,0,Yes,Yes,58,No,No phone service,DSL,No,No,Yes,Yes,Yes,Yes,Two year,Yes,Credit card (automatic),55.5,3166.9,No,49-60,54.60172413793104,4,1
Female,1,No,No,18,Yes,No,DSL,No,Yes,No,No,No,No,Month-to-month,Yes,Credit card (automatic),49.85,865.75,No,13-24,48.09722222222222,2,1
Male,0,Yes,Yes,67,Yes,Yes,Fiber optic,No,Yes,No,No,No,Yes,Month-to-month,Yes,Bank transfer (automatic),89.55,6373.1,No,60+,95.12089552238808,4,1
Male,0,Yes,Yes,63,Yes,No,No,No internet service,No internet service,No internet service,No internet service,No internet service,No internet service,Two year,Yes,Mailed check,19.15,1177.05,No,60+,18.683333333333334,1,0
Female,0,Yes,No,60,Yes,Yes,Fiber optic,No,Yes,No,No,Yes,Yes,Month-to-month,Yes,Electronic check,99.8,5985.75,No,49-60,99.7625,5,1
Male,1,No,No,9,Yes,Yes,Fiber optic,No,No,No,No,No,Yes,Month-to-month,Yes,Credit card (automatic),84.4,732.5,Yes,0-12,81.38888888888889,3,1
Female,0,Yes,Yes,70,Yes,Yes,Fiber optic,Yes,Yes,Yes,Yes,Yes,Yes,Two year,Yes,Credit card (automatic),113.05,7869.05,No,60+,112.415,8,1
Male,0,Yes,No,15,Yes,Yes,Fiber optic,No,No,Yes,No,Yes,Yes,Month-to-month,Yes,Electronic check,101.1,1504.05,Yes,13-24,100.27,5,1
Female,0,No,Yes,48,Yes,No,No,No internet service,No internet service,No internet service,No internet service,No internet service,No internet service,One year,No,Mailed check,19.95,936.7,No,25-48,19.51458333333333,1,0
Male,0,Yes,No,12,Yes,No,DSL,No,No,Yes,Yes,Yes,Yes,Month-to-month,Yes,Electronic check,74.15,741.4,No,0-12,61.78333333333333,5,1
Male,1,Yes,No,71,Yes,Yes,Fiber optic,Yes,Yes,Yes,Yes,No,No,One year,Yes,Electronic check,92.0,6585.2,No,60+,92.74929577464788,6,1
Male,1,No,No,44,Yes,No,Fiber optic,No,No,Yes,No,No,No,Month-to-month,No,Electronic check,73.85,3122.4,No,25-48,70.96363636363637,2,1
Male,0,No,No,1,Yes,Yes,DSL,No,No,No,No,No,No,Month-to-month,Yes,Electronic check,50.45,50.45,Yes,0-12,50.45,2,1
Male,0,Yes,Yes,45,Yes,Yes,No,No internet service,No internet service,No internet service,No internet service,No internet service,No internet service,Two year,No,Mailed check,24.45,1088.25,No,25-48,24.183333333333334,2,0
Female,0,No,No,23,Yes,Yes,No,No internet service,No internet service,No internet service,No internet service,No internet service,No internet service,One year,No,Credit card (automatic),24.8,615.35,No,13-24,26.75434782608696,2,0
Female,0,Yes,No,43,Yes,Yes,DSL,No,No,No,Yes,Yes,No,One year,Yes,Bank transfer (automatic),64.85,2908.2,No,25-48,67.63255813953488,4,1
Male,0,No,No,35,Yes,No,No,No internet service,No internet service,No internet service,No internet service,No internet service,No internet service,Month-to-month,No,Bank transfer (automatic),20.75,739.9,No,25-48,21.14,1,0
Male,0,Yes,No,9,Yes,No,DSL,Yes,Yes,No,Yes,Yes,No,Month-to-month,Yes,Mailed check,68.95,593.85,No,0-12,65.98333333333333,5,1
Male,0,No,No,12,Yes,Yes,Fiber optic,No,No,No,Yes,Yes,Yes,Month-to-month,Yes,Mailed check,99.95,1132.75,Yes,0-12,94.39583333333331,5,1
Female,1,Yes,No,65,Yes,Yes,Fiber optic,Yes,Yes,Yes,No,Yes,Yes,Month-to-month,Yes,Credit card (automatic),109.4,7227.45,No,60+,111.19153846153846,7,1
Female,0,No,No,2,Yes,Yes,Fiber optic,No,No,Yes,No,Yes,No,Month-to-month,Yes,Electronic check,91.4,193.6,Yes,0-12,96.8,4,1
Male,0,No,No,27,Yes,Yes,DSL,No,No,No,No,No,No,Month-to-month,No,Mailed check,49.0,1291.35,No,25-48,47.827777777777776,2,1
Female,0,No,No,40,Yes,No,DSL,No,No,Yes,No,No,No,One year,Yes,Mailed check,50.25,2023.55,No,25-48,50.58875,2,1
Female,1,No,No,5,Yes,No,Fiber optic,No,No,Yes,No,No,No,Month-to-month,Yes,Credit card (automatic),75.55,349.65,Yes,0-12,69.92999999999999,2,1
Male,0,Yes,Yes,8,Yes,No,No,No internet service,No internet service,No internet service,No internet service,No internet service,No internet service,One year,No,Credit card (automatic),19.9,153.95,No,0-12,19.24375,1,0
Female,1,Yes,No,58,Yes,Yes,Fiber optic,No,Yes,No,No,Yes,Yes,One year,Yes,Bank transfer (automatic),97.8,5458.8,No,49-60,94.11724137931034,5,1
Female,0,Yes,Yes,52,Yes,No,Fiber optic,Yes,No,Yes,No,Yes,Yes,One year,No,Electronic check,100.3,5244.45,No,49-60,100.85480769230767,5,1
Male,0,Yes,No,3,Yes,No,DSL,No,No,Yes,Yes,No,No,Month-to-month,Yes,Mailed check,55.8,154.55,No,0-12,51.51666666666667,3,1
Male,0,No,Yes,41,Yes,No,Fiber optic,Yes,Yes,Yes,Yes,Yes,Yes,Two year,Yes,Electronic check,111.15,4507.15,No,25-48,109.93048780487804,7,1
Male,0,No,No,20,Yes,Yes,Fiber optic,No,No,No,Yes,Yes,Yes,Month-to-month,Yes,Mailed check,98.55,2031.95,No,13-24,101.5975,5,1
Male,0,No,Yes,1,Yes,Yes,DSL,No,No,No,No,No,No,Month-to-month,Yes,Electronic check,50.05,50.05,No,0-12,50.05,2,1
Male,0,No,Yes,4,Yes,Yes,Fiber optic,No,No,No,Yes,No,No,Month-to-month,No,Credit card (automatic),80.8,332.45,Yes,0-12,83.1125,3,1
Male,0,No,No,23,Yes,No,No,No internet service,No internet service,No internet service,No internet service,No internet service,No internet service,Month-to-month,No,Electronic check,20.85,473.9,No,13-24,20.604347826086958,1,0
Female,1,No,No,6,Yes,No,No,No internet service,No internet service,No internet service,No internet service,No internet service,No internet service,Month-to-month,No,Bank transfer (automatic),19.5,106.8,No,0-12,17.8,1,0
Male,0,Yes,Yes,8,Yes,No,No,No internet service,No internet service,No internet service,No internet service,No internet service,No internet service,Month-to-month,Yes,Mailed check,19.35,152.6,No,0-12,19.075,1,0
Male,0,No,No,18,Yes,Yes,DSL,Yes,No,Yes,No,Yes,No,Month-to-month,No,Mailed check,69.5,1199.4,No,13-24,66.63333333333334,5,1
Male,1,No,No,52,No,No phone service,DSL,Yes,No,No,No,Yes,Yes,Month-to-month,Yes,Credit card (automatic),48.8,2555.05,No,49-60,49.135576923076925,3,1
Male,0,No,No,31,Yes,No,Fiber optic,No,Yes,No,No,Yes,Yes,Month-to-month,Yes,Electronic check,94.5,2979.2,No,25-48,96.1032258064516,4,1
Male,0,Yes,Yes,29,Yes,No,No,No internet service,No internet service,No internet service,No internet service,No internet service,No internet service,Month-to-month,Yes,Mailed check,20.65,654.85,No,25-48,22.58103448275862,1,0
Female,0,Yes,No,36,Yes,Yes,Fiber optic,Yes,Yes,Yes,Yes,No,Yes,Two year,Yes,Credit card (automatic),106.05,3834.4,No,25-48,106.51111111111112,7,1
Female,0,Yes,No,16,Yes,Yes,Fiber optic,No,Yes,No,No,Yes,Yes,Month-to-month,Yes,Electronic check,100.0,1534.75,Yes,13-24,95.921875,5,1
Male,0,Yes,No,42,Yes,Yes,Fiber optic,No,No,Yes,Yes,Yes,Yes,One year,Yes,Electronic check,108.3,4586.15,No,25-48,109.1940476190476,6,1
Male,0,No,No,1,Yes,No,No,No internet service,No internet service,No internet service,No internet service,No internet service,No internet service,Month-to-month,No,Electronic check,20.55,20.55,Yes,0-12,20.55,1,0
Female,0,No,No,60,Yes,No,Fiber optic,No,Yes,Yes,No,Yes,Yes,Two year,Yes,Electronic check,99.65,5941.05,No,49-60,99.0175,5,1
Male,0,No,No,5,Yes,Yes,Fiber optic,No,Yes,Yes,No,No,No,Month-to-month,Yes,Electronic check,85.3,424.15,Yes,0-12,84.83,4,1
Male,0,Yes,No,22,Yes,Yes,Fiber optic,Yes,No,No,Yes,Yes,No,Month-to-month,No,Credit card (automatic),95.9,2234.95,No,13-24,101.58863636363635,5,1
Male,0,Yes,No,36,Yes,No,No,No internet service,No internet service,No internet service,No internet service,No internet service,No internet service,One year,No,Mailed check,20.0,666.75,No,25-48,18.52083333333333,1,0
Female,0,No,No,4,Yes,No,Fiber optic,No,No,No,No,No,No,Month-to-month,No,Electronic check,70.4,281.0,Yes,0-12,70.25,1,1
Male,0,No,No,9,Yes,No,DSL,Yes,No,No,Yes,No,Yes,Month-to-month,No,Mailed check,64.95,547.8,No,0-12,60.86666666666666,4,1
Male,0,Yes,Yes,1,Yes,No,Fiber optic,No,Yes,No,No,No,No,Month-to-month,No,Credit card (automatic),74.6,74.6,No,0-12,74.6,2,1
Male,0,Yes,Yes,12,Yes,No,DSL,Yes,No,No,No,No,No,Month-to-month,Yes,Electronic check,49.2,571.15,No,0-12,47.59583333333333,2,1
Female,0,No,No,23,Yes,Yes,DSL,No,No,No,Yes,Yes,Yes,One year,Yes,Mailed check,73.75,1756.6,No,13-24,76.37391304347825,5,1
Male,0,No,No,62,Yes,Yes,Fiber optic,Yes,Yes,No,No,No,Yes,One year,Yes,Bank transfer (automatic),92.3,5731.45,No,60+,92.44274193548388,5,1
Male,0,No,No,37,Yes,Yes,Fiber optic,No,No,No,Yes,Yes,Yes,Month-to-month,No,Bank transfer (automatic),98.8,3475.55,Yes,25-48,93.9337837837838,5,1
Female,0,No,No,8,Yes,No,No,No internet service,No internet service,No internet service,No internet service,No internet service,No internet service,Month-to-month,No,Mailed check,19.2,156.85,No,0-12,19.60625,1,0
Male,0,Yes,No,31,Yes,Yes,Fiber optic,No,No,Yes,No,Yes,No,Month-to-month,No,Credit card (automatic),88.65,2683.2,No,25-48,86.55483870967741,4,1
Male,0,Yes,Yes,13,Yes,Yes,Fiber optic,No,No,No,No,No,No,Month-to-month,Yes,Credit card (automatic),74.4,896.75,Yes,13-24,68.98076923076923,2,1
Female,0,No,No,24,Yes,Yes,Fiber optic,No,No,Yes,No,Yes,Yes,Month-to-month,Yes,Electronic check,98.75,2407.3,Yes,13-24,100.30416666666667,5,1
Male,0,Yes,Yes,45,Yes,Yes,Fiber optic,No,Yes,Yes,No,No,Yes,Month-to-month,Yes,Bank transfer (automatic),95.95,4456.65,No,25-48,99.03666666666666,5,1
Female,1,Yes,No,69,Yes,Yes,Fiber optic,No,Yes,No,Yes,Yes,Yes,Two year,No,Credit card (automatic),105.4,6998.95,No,60+,101.4340579710145,6,1
Male,0,No,No,2,Yes,No,No,No internet service,No internet service,No internet service,No internet service,No internet service,No internet service,Month-to-month,No,Mailed check,20.25,36.8,No,0-12,18.4,1,0
Male,0,Yes,Yes,61,Yes,Yes,Fiber optic,Yes,Yes,No,No,Yes,Yes,One year,Yes,Electronic check,106.0,6547.7,Yes,60+,107.33934426229509,6,1
Male,0,No,No,41,Yes,Yes,Fiber optic,No,Yes,Yes,No,Yes,Yes,Month-to-month,Yes,Electronic check,104.7,4346.4,Yes,25-48,106.00975609756097,6,1
Female,0,No,No,44,No,No phone service,DSL,No,No,Yes,No,Yes,Yes,One year,Yes,Electronic check,49.05,2265.0,No,25-48,51.47727272727273,3,1
Male,0,No,No,39,No,No phone service,DSL,No,No,Yes,Yes,No,No,One year,No,Mailed check,35.55,1309.15,No,25-48,33.56794871794872,2,1
Male,0,Yes,Yes,72,No,No phone service,DSL,Yes,Yes,Yes,Yes,Yes,Yes,Two year,Yes,Credit card (automatic),65.1,4754.3,No,60+,66.03194444444445,6,1
Female,1,No,No,13,Yes,No,Fiber optic,No,No,Yes,No,Yes,Yes,Month-to-month,Yes,Electronic check,96.85,1235.55,No,13-24,95.04230769230767,4,1
Female,0,Yes,Yes,51,Yes,No,DSL,Yes,Yes,No,Yes,No,Yes,One year,Yes,Credit card (automatic),69.75,3562.5,No,49-60,69.8529411764706,5,1
Female,1,Yes,No,71,Yes,No,Fiber optic,No,Yes,Yes,No,Yes,Yes,Two year,Yes,Electronic check,99.2,7213.75,No,60+,101.60211267605634,5,1
Male,1,No,No,22,Yes,Yes,Fiber optic,No,No,No,No,Yes,Yes,Month-to-month,Yes,Electronic check,96.7,2082.95,Yes,13-24,94.67954545454543,4,1
Female,0,No,No,2,Yes,No,DSL,No,Yes,No,Yes,No,No,Month-to-month,Yes,Credit card (automatic),55.05,102.75,Yes,0-12,51.375,3,1
Female,0,No,No,56,Yes,Yes,Fiber optic,No,Yes,Yes,No,Yes,Yes,One year,Yes,Electronic check,106.8,5914.4,No,49-60,105.61428571428571,6,1
Male,0,No,No,1,Yes,No,DSL,Yes,No,No,No,No,No,Month-to-month,No,Mailed check,51.25,51.25,No,0-12,51.25,2,1
Female,0,Yes,Yes,23,Yes,No,DSL,Yes,Yes,No,Yes,No,No,One year,Yes,Mailed check,57.75,1282.85,No,13-24,55.77608695652174,4,1
Female,1,Yes,No,66,Yes,Yes,DSL,No,Yes,Yes,No,Yes,No,One year,Yes,Bank transfer (automatic),70.85,4738.85,No,60+,71.80075757575759,5,1
Female,0,No,No,1,Yes,No,No,No internet service,No internet service,No internet service,No internet service,No internet service,No internet service,Month-to-month,No,Mailed check,19.55,19.55,No,0-12,19.55,1,0
Male,1,No,No,19,Yes,Yes,Fiber optic,No,Yes,No,No,Yes,No,Month-to-month,Yes,Electronic check,88.2,1775.8,Yes,13-24,93.46315789473684,4,1
Male,0,No,No,11,Yes,No,Fiber optic,Yes,No,Yes,No,No,No,Month-to-month,Yes,Bank transfer (automatic),79.5,795.65,No,0-12,72.33181818181818,3,1
Female,0,Yes,Yes,8,Yes,No,No,No internet service,No internet service,No internet service,No internet service,No internet service,No internet service,One year,Yes,Mailed check,19.75,145.0,Yes,0-12,18.125,1,0
Female,0,Yes,Yes,52,Yes,Yes,Fiber optic,Yes,Yes,Yes,No,No,Yes,Month-to-month,No,Bank transfer (automatic),98.15,4993.4,No,49-60,96.02692307692308,6,1
Male,0,No,No,3,Yes,No,No,No internet service,No internet service,No internet service,No internet service,No internet service,No internet service,Month-to-month,Yes,Electronic check,20.25,61.45,No,0-12,20.48333333333333,1,0
Female,0,Yes,Yes,51,Yes,No,Fiber optic,Yes,Yes,No,No,No,No,Month-to-month,Yes,Bank transfer (automatic),79.15,4018.55,No,49-60,78.79509803921569,3,1
Male,1,No,No,15,Yes,Yes,Fiber optic,No,No,No,No,No,No,Month-to-month,No,Electronic check,75.65,1146.65,Yes,13-24,76.44333333333334,2,1
Male,1,Yes,No,64,Yes,Yes,Fiber optic,No,Yes,Yes,No,No,Yes,Month-to-month,Yes,Electronic check,94.25,6081.4,No,60+,95.021875,5,1
Female,0,No,No,37,No,No phone service,DSL,No,No,Yes,No,No,Yes,Month-to-month,Yes,Credit card (automatic),40.2,1478.85,No,25-48,39.96891891891892,2,1
Male,0,No,No,13,Yes,No,No,No internet service,No internet service,No internet service,No internet service,No internet service,No internet service,Two year,No,Mailed check,19.95,243.65,No,13-24,18.74230769230769,1,0
Male,0,Yes,No,49,Yes,Yes,DSL,Yes,No,No,No,No,No,One year,Yes,Electronic check,55.35,2633.95,No,49-60,53.754081632653055,3,1
Female,1,No,No,45,Yes,Yes,Fiber optic,No,No,Yes,No,Yes,Yes,One year,Yes,Bank transfer (automatic),102.15,4735.35,No,25-48,105.23,5,1
Female,0,No,No,18,Yes,No,Fiber optic,No,No,No,No,No,No,Month-to-month,Yes,Electronic check,71.1,1247.75,No,13-24,69.31944444444444,1,1
Male,1,No,No,1,Yes,Yes,Fiber optic,No,No,No,No,No,No,Month-to-month,Yes,Electronic check,74.7,74.7,Yes,0-12,74.7,2,1
Male,0,Yes,No,68,No,No phone service,DSL,Yes,No,Yes,No,Yes,Yes,Two year,Yes,Bank transfer (automatic),54.1,3794.5,No,60+,55.8014705882353,4,1
Male,0,No,No,54,Yes,No,No,No internet service,No internet service,No internet service,No internet service,No internet service,No internet service,Two year,No,Credit card (automatic),19.65,1008.7,No,49-60,18.67962962962963,1,0
Female,1,Yes,Yes,23,Yes,No,Fiber optic,No,Yes,Yes,No,No,Yes,Month-to-month,Yes,Bank transfer (automatic),88.45,2130.55,No,13-24,92.63260869565218,4,1
Male,0,No,No,17,Yes,No,Fiber optic,No,No,Yes,No,No,No,Month-to-month,Yes,Electronic check,76.65,1313.55,Yes,13-24,77.26764705882353,2,1
Male,0,Yes,No,71,Yes,Yes,DSL,Yes,Yes,Yes,Yes,No,Yes,Two year,No,Credit card (automatic),80.4,5727.15,No,60+,80.66408450704225,7,1
Female,0,Yes,Yes,67,Yes,No,No,No internet service,No internet service,No internet service,No internet service,No internet service,No internet service,Two year,Yes,Bank transfer (automatic),19.25,1372.9,No,60+,20.49104477611941,1,0
Female,0,Yes,Yes,14,Yes,Yes,Fiber optic,No,No,No,No,Yes,No,Month-to-month,Yes,Electronic check,84.8,1203.9,No,13-24,85.99285714285715,3,1
Female,1,No,No,1,No,No phone service,DSL,No,No,No,No,No,No,Month-to-month,Yes,Mailed check,25.8,25.8,Yes,0-12,25.8,0,1
Female,0,No,Yes,63,Yes,No,No,No internet service,No internet service,No internet service,No internet service,No internet service,No internet service,Two year,No,Credit card (automatic),19.5,1215.1,No,60+,19.287301587301585,1,0
Female,0,No,No,41,Yes,Yes,DSL,No,No,Yes,Yes,No,Yes,One year,Yes,Electronic check,68.6,2877.05,No,25-48,70.1719512195122,5,1
Female,0,Yes,No,17,Yes,Yes,Fiber optic,No,No,No,No,Yes,Yes,Month-to-month,No,Electronic check,92.6,1579.7,No,13-24,92.9235294117647,4,1
Male,0,Yes,No,56,Yes,Yes,Fiber optic,Yes,No,No,No,Yes,Yes,One year,Yes,Electronic check,100.55,5514.95,No,49-60,98.48125,5,1
Female,0,No,No,5,Yes,No,No,No internet service,No internet service,No internet service,No internet service,No internet service,No internet service,Month-to-month,No,Credit card (automatic),20.55,96.1,No,0-12,19.22,1,0
Female,0,No,No,2,No,No phone service,DSL,Yes,Yes,No,No,No,Yes,Month-to-month,Yes,Electronic check,42.6,72.4,Yes,0-12,36.2,3,1
Female,0,Yes,No,3,Yes,No,No,No internet service,No internet service,No internet service,No internet service,No internet service,No internet service,Month-to-month,Yes,Mailed check,19.6,55.25,No,0-12,18.416666666666668,1,0
Male,0,No,No,37,Yes,Yes,DSL,Yes,Yes,Yes,Yes,No,No,One year,No,Electronic check,67.45,2443.3,No,25-48,66.03513513513514,6,1
Female,0,No,No,29,Yes,No,DSL,Yes,Yes,Yes,No,No,Yes,Month-to-month,Yes,Bank transfer (automatic),68.85,1970.5,Yes,25-48,67.94827586206897,5,1
Male,0,No,No,8,Yes,No,DSL,No,No,No,No,No,No,Month-to-month,No,Mailed check,43.55,335.4,No,0-12,41.925,1,1
Female,0,No,No,63,Yes,Yes,Fiber optic,No,Yes,Yes,Yes,Yes,Yes,Month-to-month,Yes,Credit card (automatic),109.85,7002.95,No,60+,111.15793650793653,7,1
Female,0,Yes,Yes,7,Yes,No,No,No internet service,No internet service,No internet service,No internet service,No internet service,No internet service,Month-to-month,No,Mailed check,20.65,158.95,No,0-12,22.707142857142856,1,0
Female,0,No,No,3,Yes,No,Fiber optic,No,Yes,No,No,Yes,Yes,Month-to-month,No,Electronic check,95.4,293.15,No,0-12,97.71666666666664,4,1
Male,0,Yes,Yes,72,Yes,No,No,No internet service,No internet service,No internet service,No internet service,No internet service,No internet service,Two year,No,Bank transfer (automatic),21.0,1493.75,No,60+,20.74652777777778,1,0
Female,0,No,No,19,Yes,No,DSL,No,No,No,No,No,Yes,Month-to-month,Yes,Electronic check,56.2,1093.4,No,13-24,57.54736842105264,2,1
Female,0,Yes,No,59,Yes,No,No,No internet service,No internet service,No internet service,No internet service,No internet service,No internet service,Two year,No,Bank transfer (automatic),18.4,1057.85,No,49-60,17.92966101694915,1,0
Male,0,Yes,Yes,2,Yes,No,Fiber optic,No,No,Yes,Yes,No,Yes,Month-to-month,No,Credit card (automatic),90.0,190.05,Yes,0-12,95.025,4,1
Female,0,Yes,Yes,35,Yes,Yes,No,No internet service,No internet service,No internet service,No internet service,No internet service,No internet service,Month-to-month,Yes,Electronic check,25.75,882.55,No,25-48,25.215714285714284,2,0
Male,0,No,No,14,Yes,No,No,No internet service,No internet service,No internet service,No internet service,No internet service,No internet service,Month-to-month,No,Credit card (automatic),19.6,300.4,No,13-24,21.457142857142856,1,0
Female,0,No,No,14,Yes,No,Fiber optic,No,No,Yes,No,No,No,Month-to-month,No,Electronic check,75.35,1025.95,Yes,13-24,73.28214285714286,2,1
Female,0,Yes,Yes,69,Yes,No,No,No internet service,No internet service,No internet service,No internet service,No internet service,No internet service,Two year,No,Credit card (automatic),19.8,1436.95,No,60+,20.82536231884058,1,0
Male,1,Yes,No,7,Yes,Yes,DSL,Yes,Yes,No,Yes,No,No,Month-to-month,No,Electronic check,64.2,475.0,No,0-12,67.85714285714286,5,1
Male,0,Yes,Yes,69,Yes,No,DSL,Yes,Yes,Yes,Yes,Yes,No,Two year,Yes,Bank transfer (automatic),75.75,5388.15,No,60+,78.0891304347826,6,1
Female,0,Yes,Yes,72,Yes,Yes,DSL,No,Yes,No,Yes,Yes,Yes,Two year,Yes,Electronic check,78.95,5730.15,No,60+,79.58541666666666,6,1
Male,0,No,No,8,Yes,Yes,Fiber optic,No,Yes,No,No,Yes,Yes,Month-to-month,No,Electronic check,100.85,819.55,Yes,0-12,102.44375,5,1
Female,0,Yes,Yes,4,Yes,No,DSL,Yes,No,No,No,No,No,Month-to-month,No,Electronic check,50.3,217.1,No,0-12,54.275,2,1
Male,0,Yes,Yes,63,Yes,No,Fiber optic,No,Yes,Yes,No,No,No,Month-to-month,Yes,Credit card (automatic),80.3,4896.35,No,60+,77.71984126984128,3,1
Male,0,No,No,72,Yes,No,No,No internet service,No internet service,No internet service,No internet service,No internet service,No internet service,Two year,No,Bank transfer (automatic),19.85,1434.1,No,60+,19.918055555555554,1,0
Female,0,No,No,46,Yes,No,No,No internet service,No internet service,No internet service,No internet service,No internet service,No internet service,Two year,Yes,Electronic check,21.1,937.1,No,25-48,20.371739130434783,1,0
Female,0,Yes,No,5,Yes,No,Fiber optic,No,No,No,No,No,No,Month-to-month,No,Electronic check,69.95,330.15,Yes,0-12,66.03,1,1
Male,0,Yes,No,30,Yes,No,DSL,No,No,Yes,No,No,No,Month-to-month,Yes,Mailed check,50.0,1474.9,No,25-48,49.16333333333333,2,1
Male,0,No,No,63,Yes,Yes,Fiber optic,No,Yes,Yes,No,Yes,Yes,Two year,Yes,Bank transfer (automatic),104.75,6536.5,No,60+,103.75396825396824,6,1
Female,0,No,No,60,Yes,No,No,No internet service,No internet service,No internet service,No internet service,No internet service,No internet service,Two year,No,Bank transfer (automatic),19.85,1128.1,No,49-60,18.801666666666662,1,0
Female,0,Yes,No,63,Yes,Yes,Fiber optic,No,Yes,Yes,No,Yes,Yes,One year,Yes,Electronic check,107.5,6873.75,Yes,60+,109.10714285714286,6,1
Male,0,Yes,Yes,25,Yes,No,Fiber optic,No,No,No,Yes,Yes,No,Month-to-month,No,Electronic check,85.9,2199.05,No,25-48,87.962,3,1
Male,0,No,No,1,Yes,No,DSL,No,No,No,No,No,No,Month-to-month,Yes,Mailed check,45.85,45.85,Yes,0-12,45.85,1,1
Male,1,Yes,No,6,Yes,Yes,Fiber optic,No,No,Yes,No,No,No,Month-to-month,Yes,Electronic check,80.8,457.1,No,0-12,76.18333333333334,3,1
Male,0,No,No,22,Yes,Yes,No,No internet service,No internet service,No internet service,No internet service,No internet service,No internet service,Two year,No,Mailed check,25.25,566.5,No,13-24,25.75,2,0
Female,0,Yes,Yes,31,Yes,Yes,DSL,No,Yes,No,Yes,Yes,Yes,Two year,No,Bank transfer (automatic),80.55,2471.6,No,25-48,79.7290322580645,6,1
Female,0,Yes,Yes,39,Yes,No,Fiber optic,No,No,Yes,Yes,No,No,Month-to-month,Yes,Bank transfer (automatic),81.5,3107.3,No,25-48,79.67435897435898,3,1
Male,0,No,No,26,Yes,No,No,No internet service,No internet service,No internet service,No internet service,No internet service,No internet service,Month-to-month,No,Mailed check,20.9,518.3,No,25-48,19.934615384615384,1,0
Female,0,Yes,No,53,Yes,No,Fiber optic,Yes,Yes,Yes,No,Yes,Yes,One year,Yes,Bank transfer (automatic),106.1,5769.75,Yes,49-60,108.8632075471698,6,1
Female,0,No,No,1,Yes,No,Fiber optic,No,Yes,No,Yes,Yes,No,Month-to-month,No,Electronic check,91.7,91.7,Yes,0-12,91.7,4,1
Male,0,No,No,12,Yes,Yes,DSL,Yes,Yes,No,Yes,No,No,Month-to-month,Yes,Electronic check,67.25,832.3,No,0-12,69.35833333333333,5,1
Female,0,No,No,16,Yes,Yes,Fiber optic,No,Yes,Yes,No,No,Yes,Month-to-month,Yes,Credit card (automatic),95.6,1555.65,Yes,13-24,97.228125,5,1
Female,0,No,No,2,Yes,No,No,No internet service,No internet service,No internet service,No internet service,No internet service,No internet service,Month-to-month,No,Mailed check,20.35,45.3,No,0-12,22.65,1,0
Male,0,No,Yes,39,No,No phone service,DSL,Yes,No,No,Yes,Yes,No,One year,No,Bank transfer (automatic),45.05,1790.6,No,25-48,45.91282051282051,3,1
Male,0,No,No,1,Yes,Yes,Fiber optic,No,No,No,No,No,No,Month-to-month,Yes,Electronic check,74.95,74.95,Yes,0-12,74.95,2,1
Female,0,Yes,Yes,7,No,No phone service,DSL,Yes,No,No,Yes,No,No,Month-to-month,No,Mailed check,34.65,246.6,No,0-12,35.22857142857143,2,1
Male,1,No,No,4,Yes,No,Fiber optic,No,No,No,No,No,No,Month-to-month,No,Electronic check,69.35,261.65,No,0-12,65.4125,1,1
Male,1,No,No,10,Yes,Yes,Fiber optic,No,No,No,No,Yes,Yes,Month-to-month,Yes,Electronic check,95.35,898.35,Yes,0-12,89.83500000000001,4,1
Female,0,No,No,55,Yes,No,Fiber optic,No,Yes,Yes,No,No,No,Month-to-month,Yes,Electronic check,81.55,4509.5,No,49-60,81.99090909090908,3,1
Male,0,Yes,Yes,72,Yes,No,DSL,No,Yes,Yes,No,Yes,Yes,Two year,Yes,Bank transfer (automatic),75.4,5480.25,No,60+,76.11458333333333,5,1
Female,0,Yes,No,10,Yes,No,DSL,No,No,Yes,No,Yes,Yes,Month-to-month,Yes,Credit card (automatic),67.8,653.15,No,0-12,65.315,4,1
Male,1,No,No,11,Yes,Yes,Fiber optic,No,Yes,Yes,Yes,Yes,Yes,Month-to-month,Yes,Electronic check,111.4,1183.05,No,0-12,107.55,7,1
Female,0,Yes,Yes,15,Yes,No,DSL,No,No,No,No,No,No,Month-to-month,No,Electronic check,46.3,639.45,No,13-24,42.63,1,1
Female,0,Yes,Yes,23,Yes,No,No,No internet service,No internet service,No internet service,No internet service,No internet service,No internet service,Two year,No,Bank transfer (automatic),20.4,478.75,No,13-24,20.815217391304348,1,0
Male,0,No,Yes,1,Yes,No,No,No internet service,No internet service,No internet service,No internet service,No internet service,No internet service,Month-to-month,No,Mailed check,20.05,20.05,No,0-12,20.05,1,0
Female,1,No,No,3,Yes,No,DSL,No,No,No,No,No,No,Month-to-month,No,Electronic check,45.0,127.1,Yes,0-12,42.36666666666667,1,1
Male,0,Yes,Yes,47,Yes,No,Fiber optic,Yes,Yes,Yes,No,No,Yes,One year,Yes,Electronic check,96.1,4391.45,No,25-48,93.43510638297872,5,1
Female,0,No,Yes,15,Yes,No,No,No internet service,No internet service,No internet service,No internet service,No internet service,No internet service,One year,No,Mailed check,19.65,270.6,No,13-24,18.040000000000003,1,0
Male,0,No,No,66,Yes,No,Fiber optic,No,Yes,Yes,No,Yes,Yes,Month-to-month,No,Electronic check,99.5,6710.5,Yes,60+,101.67424242424242,5,1
Female,1,Yes,No,68,Yes,No,DSL,No,Yes,Yes,Yes,No,No,One year,Yes,Bank transfer (automatic),60.65,3975.9,No,60+,58.46911764705882,4,1
Female,0,Yes,Yes,17,Yes,No,Fiber optic,No,No,Yes,Yes,Yes,Yes,One year,No,Bank transfer (automatic),98.6,1704.95,Yes,13-24,100.29117647058824,5,1
Female,0,No,No,7,Yes,No,DSL,No,No,No,Yes,Yes,No,Month-to-month,Yes,Mailed check,59.5,415.95,Yes,0-12,59.42142857142857,3,1
Male,1,Yes,No,12,Yes,No,Fiber optic,No,No,No,No,No,Yes,Month-to-month,Yes,Electronic check,80.45,950.2,Yes,0-12,79.18333333333334,2,1
Female,1,Yes,No,21,Yes,Yes,DSL,No,Yes,Yes,No,No,Yes,One year,No,Bank transfer (automatic),71.7,1497.05,No,13-24,71.28809523809524,5,1
Male,0,No,No,21,No,No phone service,DSL,No,Yes,No,Yes,No,No,Month-to-month,Yes,Mailed check,36.0,780.15,No,13-24,37.15,2,1
Female,0,Yes,Yes,56,Yes,Yes,DSL,Yes,No,No,No,Yes,No,One year,No,Bank transfer (automatic),65.2,3512.15,No,49-60,62.71696428571429,4,1
Female,0,Yes,Yes,6,Yes,Yes,DSL,No,No,No,No,No,No,Month-to-month,Yes,Credit card (automatic),48.95,273.25,No,0-12,45.54166666666666,2,1
Female,1,No,No,65,No,No phone service,DSL,No,Yes,Yes,No,Yes,Yes,Two year,Yes,Bank transfer (automatic),53.5,3517.9,No,60+,54.121538461538464,4,1
Male,0,Yes,No,42,Yes,Yes,DSL,Yes,No,No,Yes,Yes,Yes,One year,No,Credit card (automatic),80.45,3375.9,No,25-48,80.37857142857143,6,1
Female,0,Yes,Yes,68,Yes,Yes,Fiber optic,Yes,No,Yes,Yes,Yes,Yes,Two year,Yes,Bank transfer (automatic),109.05,7508.55,No,60+,110.41985294117649,7,1
Male,0,Yes,Yes,48,Yes,Yes,No,No internet service,No internet service,No internet service,No internet service,No internet service,No internet service,Two year,No,Bank transfer (automatic),26.3,1245.05,No,25-48,25.938541666666666,2,0
Female,1,No,No,50,Yes,Yes,Fiber optic,No,Yes,No,Yes,Yes,Yes,One year,Yes,Electronic check,106.8,5347.95,No,49-60,106.959,6,1
Female,1,No,No,7,Yes,No,DSL,No,Yes,Yes,No,Yes,No,Month-to-month,Yes,Electronic check,64.95,493.65,No,0-12,70.52142857142857,4,1
Female,0,Yes,Yes,63,Yes,No,No,No internet service,No internet service,No internet service,No internet service,No internet service,No internet service,Two year,No,Electronic check,19.35,1263.85,No,60+,20.06111111111111,1,0
Male,0,No,No,17,Yes,No,No,No internet service,No internet service,No internet service,No internet service,No internet service,No internet service,Month-to-month,No,Credit card (automatic),21.1,385.55,No,13-24,22.679411764705883,1,0
Female,0,Yes,Yes,42,Yes,No,Fiber optic,No,No,No,No,Yes,No,Month-to-month,Yes,Credit card (automatic),77.95,3384.0,Yes,25-48,80.57142857142857,2,1
Male,0,Yes,Yes,4,Yes,No,No,No internet service,No internet service,No internet service,No internet service,No internet service,No internet service,Month-to-month,No,Mailed check,18.85,84.2,No,0-12,21.05,1,0
Female,0,No,Yes,62,Yes,Yes,No,No internet service,No internet service,No internet service,No internet service,No internet service,No internet service,Two year,No,Bank transfer (automatic),26.0,1638.7,No,60+,26.43064516129032,2,0
Male,1,No,No,2,Yes,No,Fiber optic,No,Yes,No,No,No,No,Month-to-month,Yes,Electronic check,74.7,165.4,Yes,0-12,82.7,2,1
Female,0,Yes,No,2,Yes,No,Fiber optic,No,No,No,No,No,No,Month-to-month,Yes,Electronic check,70.35,120.25,No,0-12,60.125,1,1
Male,0,Yes,No,48,Yes,Yes,Fiber optic,Yes,Yes,Yes,No,Yes,No,Two year,Yes,Bank transfer (automatic),96.9,4473.45,No,25-48,93.196875,6,1
Male,0,Yes,No,27,Yes,No,No,No internet service,No internet service,No internet service,No internet service,No internet service,No internet service,Two year,No,Bank transfer (automatic),19.55,520.55,No,25-48,19.27962962962963,1,0
Female,0,Yes,Yes,70,Yes,No,DSL,No,Yes,Yes,Yes,Yes,Yes,Two year,Yes,Bank transfer (automatic),80.4,5717.85,No,60+,81.68357142857144,6,1
Male,1,No,No,1,Yes,Yes,Fiber optic,No,No,Yes,No,Yes,No,Month-to-month,Yes,Electronic check,88.8,88.8,Yes,0-12,88.8,4,1
Male,0,Yes,No,46,Yes,Yes,Fiber optic,No,Yes,Yes,No,Yes,No,One year,Yes,Electronic check,94.65,4312.5,No,25-48,93.75,5,1
Male,0,No,No,30,Yes,No,Fiber optic,No,No,No,No,Yes,Yes,Month-to-month,Yes,Electronic check,90.25,2755.35,Yes,25-48,91.845,3,1
Female,0,No,No,15,Yes,Yes,DSL,Yes,No,No,No,No,Yes,Month-to-month,Yes,Bank transfer (automatic),64.65,994.55,Yes,13-24,66.30333333333333,4,1
Male,0,Yes,Yes,69,Yes,Yes,Fiber optic,No,Yes,Yes,No,Yes,No,One year,No,Credit card (automatic),95.75,6511.25,No,60+,94.3659420289855,5,1
Male,0,No,No,65,Yes,No,No,No internet service,No internet service,No internet service,No internet service,No internet service,No internet service,Two year,Yes,Credit card (automatic),19.55,1218.65,No,60+,18.74846153846154,1,0
Male,1,Yes,Yes,72,Yes,No,Fiber optic,Yes,No,Yes,Yes,Yes,Yes,Two year,Yes,Credit card (automatic),104.1,7447.7,No,60+,103.44027777777778,6,1
Male,1,Yes,No,13,Yes,No,Fiber optic,No,Yes,No,Yes,No,Yes,Month-to-month,Yes,Bank transfer (automatic),89.05,1169.35,Yes,13-24,89.94999999999999,4,1
Male,0,No,No,17,Yes,No,No,No internet service,No internet service,No internet service,No internet service,No internet service,No internet service,One year,Yes,Mailed check,20.1,279.5,No,13-24,16.441176470588236,1,0
Male,0,Yes,No,51,Yes,Yes,Fiber optic,Yes,No,Yes,Yes,Yes,Yes,One year,Yes,Electronic check,111.55,5720.35,No,49-60,112.16372549019609,7,1
Male,0,Yes,Yes,51,Yes,No,DSL,Yes,Yes,No,Yes,No,No,Two year,No,Credit card (automatic),60.5,3121.45,No,49-60,61.20490196078431,4,1
Female,0,Yes,No,72,Yes,Yes,DSL,Yes,Yes,Yes,Yes,Yes,Yes,Two year,Yes,Bank transfer (automatic),90.95,6468.6,No,60+,89.84166666666667,8,1
Male,0,Yes,Yes,67,Yes,Yes,Fiber optic,No,Yes,Yes,No,No,No,One year,No,Electronic check,87.4,5918.8,Yes,60+,88.34029850746269,4,1
Male,0,No,No,34,Yes,No,No,No internet service,No internet service,No internet service,No internet service,No internet service,No internet service,Month-to-month,No,Mailed check,19.7,675.6,No,25-48,19.87058823529412,1,0
Male,0,Yes,No,67,No,No phone service,DSL,Yes,Yes,No,Yes,No,Yes,Two year,Yes,Bank transfer (automatic),50.95,3521.7,No,60+,52.56268656716418,4,1
Female,0,Yes,No,49,Yes,No,No,No internet service,No internet service,No internet service,No internet service,No internet service,No internet service,One year,Yes,Bank transfer (automatic),20.05,923.1,No,49-60,18.838775510204083,1,0
Male,0,Yes,Yes,53,Yes,No,No,No internet service,No internet service,No internet service,No internet service,No internet service,No internet service,Two year,Yes,Mailed check,19.4,1110.35,No,49-60,20.95,1,0
Male,0,No,No,27,Yes,Yes,DSL,No,No,Yes,Yes,No,No,Month-to-month,No,Electronic check,59.45,1611.65,No,25-48,59.69074074074074,4,1
Female,1,No,No,23,Yes,No,Fiber optic,No,Yes,No,No,Yes,Yes,Month-to-month,Yes,Electronic check,94.75,2293.6,Yes,13-24,99.72173913043478,4,1
Male,0,No,No,69,Yes,Yes,DSL,Yes,Yes,Yes,Yes,No,Yes,Two year,Yes,Credit card (automatic),81.5,5553.25,No,60+,80.48188405797102,7,1
Female,0,Yes,Yes,2,No,No phone service,DSL,No,No,No,Yes,No,No,Month-to-month,No,Bank transfer (automatic),29.05,44.75,No,0-12,22.375,1,1
Female,0,No,No,35,Yes,Yes,Fiber optic,No,No,No,No,Yes,No,Month-to-month,Yes,Electronic check,86.45,3029.1,Yes,25-48,86.54571428571428,3,1
Female,0,Yes,No,46,Yes,No,DSL,Yes,Yes,No,Yes,No,Yes,One year,No,Mailed check,70.6,3231.05,No,25-48,70.24021739130436,5,1
Female,0,No,No,54,Yes,Yes,Fiber optic,No,Yes,No,No,Yes,Yes,Two year,Yes,Bank transfer (automatic),97.2,5129.45,No,49-60,94.9898148148148,5,1
Female,0,Yes,No,56,Yes,Yes,Fiber optic,No,Yes,No,No,Yes,Yes,One year,Yes,Electronic check,98.25,5508.35,Yes,49-60,98.36339285714288,5,1
Female,0,Yes,No,9,Yes,No,Fiber optic,No,No,Yes,No,No,No,Month-to-month,Yes,Bank transfer (automatic),75.75,655.9,Yes,0-12,72.87777777777778,2,1
Male,0,No,No,20,Yes,Yes,DSL,Yes,No,No,Yes,No,No,Month-to-month,No,Bank transfer (automatic),59.2,1191.2,No,13-24,59.56,4,1
Male,0,No,No,11,Yes,No,Fiber optic,No,Yes,No,No,No,No,Month-to-month,Yes,Mailed check,75.9,866.4,No,0-12,78.76363636363637,2,1
Female,1,Yes,No,30,Yes,Yes,Fiber optic,No,Yes,No,No,Yes,No,Month-to-month,Yes,Electronic check,90.05,2627.2,No,25-48,87.57333333333332,4,1
Male,0,Yes,No,68,Yes,No,DSL,Yes,Yes,Yes,No,No,Yes,Two year,No,Bank transfer (automatic),70.95,4741.45,No,60+,69.72720588235293,5,1
Male,1,Yes,No,38,Yes,Yes,Fiber optic,No,Yes,Yes,No,Yes,Yes,Month-to-month,Yes,Electronic check,102.6,4009.2,No,25-48,105.50526315789472,6,1
Female,1,Yes,No,17,Yes,Yes,Fiber optic,Yes,No,Yes,No,No,No,Month-to-month,Yes,Bank transfer (automatic),85.35,1463.45,Yes,13-24,86.08529411764707,4,1
Male,0,No,No,48,Yes,Yes,Fiber optic,No,Yes,Yes,No,Yes,Yes,One year,Yes,Credit card (automatic),106.1,5082.8,Yes,25-48,105.89166666666668,6,1
Female,0,No,No,1,Yes,No,DSL,No,No,No,No,No,No,Month-to-month,No,Electronic check,43.8,43.8,No,0-12,43.8,1,1
Male,0,Yes,Yes,63,No,No phone service,DSL,Yes,Yes,Yes,No,Yes,Yes,Two year,No,Electronic check,59.0,3707.6,No,60+,58.85079365079365,5,1
Female,0,No,No,3,Yes,No,DSL,No,No,Yes,No,Yes,Yes,One year,Yes,Electronic check,69.95,220.45,No,0-12,73.48333333333333,4,1
Female,0,No,No,48,Yes,Yes,No,No internet service,No internet service,No internet service,No internet service,No internet service,No internet service,One year,No,Bank transfer (automatic),24.35,1133.7,No,25-48,23.61875,2,0
Male,0,No,No,66,No,No phone service,DSL,No,No,No,Yes,No,No,One year,No,Credit card (automatic),29.45,1983.15,No,60+,30.04772727272728,1,1
Female,0,Yes,Yes,68,Yes,Yes,Fiber optic,No,Yes,Yes,No,No,No,Two year,Yes,Credit card (automatic),84.4,5746.75,No,60+,84.51102941176471,4,1
Male,1,No,No,17,Yes,No,DSL,No,No,No,No,No,No,Month-to-month,Yes,Electronic check,45.05,770.6,Yes,13-24,45.32941176470588,1,1
Female,0,Yes,Yes,7,Yes,No,No,No internet service,No internet service,No internet service,No internet service,No internet service,No internet service,One year,No,Mailed check,20.65,134.05,No,0-12,19.15,1,0
Male,0,Yes,No,72,Yes,Yes,DSL,Yes,Yes,Yes,Yes,Yes,Yes,Two year,Yes,Bank transfer (automatic),87.1,6230.1,No,60+,86.52916666666667,8,1
Female,0,Yes,No,29,Yes,No,No,No internet service,No internet service,No internet service,No internet service,No internet service,No internet service,Month-to-month,No,Mailed check,19.85,573.05,No,25-48,19.76034482758621,1,0
Male,0,Yes,No,37,Yes,No,Fiber optic,No,No,Yes,Yes,No,Yes,Month-to-month,Yes,Electronic check,90.35,3419.3,No,25-48,92.41351351351352,4,1
Female,0,No,No,34,Yes,Yes,Fiber optic,Yes,Yes,Yes,No,Yes,Yes,Month-to-month,Yes,Mailed check,109.8,3587.25,Yes,25-48,105.50735294117646,7,1
Female,1,No,No,42,Yes,Yes,Fiber optic,No,No,No,No,Yes,No,Month-to-month,Yes,Electronic check,84.65,3541.35,Yes,25-48,84.31785714285714,3,1
Female,0,Yes,Yes,59,Yes,Yes,DSL,Yes,Yes,No,Yes,No,No,One year,No,Mailed check,65.5,3801.3,No,49-60,64.42881355932204,5,1
Male,0,Yes,Yes,11,Yes,No,Fiber optic,No,No,No,No,Yes,No,Month-to-month,Yes,Bank transfer (automatic),79.5,868.5,Yes,0-12,78.95454545454545,2,1
Male,1,Yes,Yes,60,Yes,Yes,Fiber optic,Yes,No,No,No,No,No,Month-to-month,Yes,Electronic check,80.95,4859.1,No,49-60,80.985,3,1
Female,0,No,No,27,Yes,No,DSL,No,Yes,No,Yes,No,No,Month-to-month,Yes,Mailed check,56.15,1439.35,No,25-48,53.30925925925926,3,1
Female,0,No,No,1,Yes,Yes,Fiber optic,No,No,No,No,No,Yes,Month-to-month,No,Mailed check,85.8,85.8,Yes,0-12,85.8,3,1
Male,1,No,No,1,Yes,No,Fiber optic,No,No,No,No,Yes,No,Month-to-month,Yes,Electronic check,79.1,79.1,Yes,0-12,79.1,2,1
Male,0,Yes,No,17,No,No phone service,DSL,Yes,No,Yes,No,No,No,Month-to-month,No,Mailed check,34.4,592.75,No,13-24,34.86764705882353,2,1
Male,0,Yes,No,58,Yes,No,No,No internet service,No internet service,No internet service,No internet service,No internet service,No internet service,Two year,No,Mailed check,20.75,1185.95,No,49-60,20.44741379310345,1,0
Male,0,Yes,Yes,1,Yes,No,No,No internet service,No internet service,No internet service,No internet service,No internet service,No internet service,One year,No,Mailed check,18.8,18.8,No,0-12,18.8,1,0
Female,0,Yes,Yes,3,Yes,No,DSL,No,No,No,No,No,No,Month-to-month,No,Mailed check,44.3,134.5,Yes,0-12,44.833333333333336,1,1
Female,0,No,No,53,Yes,Yes,Fiber optic,Yes,Yes,Yes,No,No,No,Month-to-month,No,Electronic check,90.8,4921.2,No,49-60,92.85283018867923,5,1
Male,0,No,No,35,Yes,Yes,No,No internet service,No internet service,No internet service,No internet service,No internet service,No internet service,Month-to-month,Yes,Electronic check,25.6,901.25,No,25-48,25.75,2,0
Male,0,Yes,Yes,50,Yes,Yes,Fiber optic,Yes,No,Yes,No,Yes,Yes,Month-to-month,No,Credit card (automatic),105.95,5341.8,Yes,49-60,106.836,6,1
Male,0,Yes,Yes,68,Yes,Yes,DSL,No,Yes,No,Yes,No,Yes,Two year,No,Credit card (automatic),70.8,4859.95,No,60+,71.46985294117647,5,1
Male,0,Yes,No,47,Yes,Yes,No,No internet service,No internet service,No internet service,No internet service,No internet service,No internet service,Month-to-month,No,Electronic check,25.4,1139.2,No,25-48,24.238297872340425,2,0
Female,1,Yes,No,65,Yes,Yes,Fiber optic,No,Yes,Yes,No,Yes,Yes,Month-to-month,Yes,Bank transfer (automatic),108.8,7082.45,No,60+,108.96076923076924,6,1
Male,0,No,No,5,Yes,No,Fiber optic,No,No,No,No,No,No,Month-to-month,Yes,Electronic check,69.75,324.6,Yes,0-12,64.92,1,1
Male,0,Yes,No,51,Yes,Yes,Fiber optic,No,No,No,No,Yes,Yes,Month-to-month,Yes,Electronic check,94.65,4812.75,Yes,49-60,94.36764705882354,4,1
Female,0,No,No,46,Yes,Yes,Fiber optic,No,No,No,No,Yes,Yes,Month-to-month,No,Bank transfer (automatic),96.05,4399.5,Yes,25-48,95.6413043478261,4,1
Female,0,No,No,9,Yes,Yes,Fiber optic,No,No,No,No,No,No,Month-to-month,Yes,Electronic check,76.85,663.55,No,0-12,73.72777777777777,2,1
Female,0,No,No,8,Yes,No,No,No internet service,No internet service,No internet service,No internet service,No internet service,No internet service,Two year,No,Mailed check,20.25,174.65,No,0-12,21.83125,1,0
Male,0,No,No,14,Yes,Yes,No,No internet service,No internet service,No internet service,No internet service,No internet service,No internet service,One year,Yes,Credit card (automatic),24.8,321.7,No,13-24,22.978571428571428,2,0
Female,0,No,No,45,Yes,Yes,Fiber optic,Yes,Yes,Yes,Yes,Yes,Yes,Month-to-month,Yes,Electronic check,115.65,5125.5,No,25-48,113.9,8,1
Female,0,No,No,8,Yes,Yes,Fiber optic,No,No,No,No,No,No,Month-to-month,Yes,Credit card (automatic),74.6,548.9,No,0-12,68.6125,2,1
Male,1,No,Yes,1,Yes,No,DSL,No,No,Yes,No,No,No,Month-to-month,Yes,Mailed check,50.15,50.15,Yes,0-12,50.15,2,1
Male,0,Yes,Yes,66,Yes,No,Fiber optic,Yes,Yes,Yes,No,Yes,Yes,One year,Yes,Bank transfer (automatic),103.15,7031.3,No,60+,106.53484848484848,6,1
Male,0,Yes,Yes,72,Yes,Yes,DSL,Yes,Yes,Yes,Yes,No,No,Two year,No,Credit card (automatic),72.1,5016.65,No,60+,69.67569444444445,6,1
Female,0,Yes,No,41,Yes,Yes,Fiber optic,Yes,Yes,Yes,Yes,Yes,Yes,Month-to-month,Yes,Bank transfer (automatic),113.6,4594.95,Yes,25-48,112.0719512195122,8,1
Female,0,Yes,Yes,23,Yes,Yes,No,No internet service,No internet service,No internet service,No internet service,No internet service,No internet service,Two year,No,Mailed check,25.1,611.45,No,13-24,26.58478260869565,2,0
Female,0,No,No,29,Yes,No,Fiber optic,No,No,No,No,Yes,No,Month-to-month,Yes,Electronic check,78.9,2384.15,Yes,25-48,82.21206896551725,2,1
Female,0,No,No,4,Yes,Yes,Fiber optic,Yes,No,No,No,No,No,Month-to-month,Yes,Electronic check,80.15,319.85,No,0-12,79.9625,3,1
Male,0,Yes,Yes,6,Yes,Yes,No,No internet service,No internet service,No internet service,No internet service,No internet service,No internet service,Two year,No,Mailed check,25.4,153.3,No,0-12,25.55,2,0
Female,1,Yes,No,67,Yes,Yes,Fiber optic,Yes,Yes,Yes,Yes,No,Yes,One year,Yes,Credit card (automatic),105.4,7035.6,No,60+,105.0089552238806,7,1
Male,1,No,Yes,7,Yes,No,DSL,No,No,No,No,No,No,Month-to-month,Yes,Mailed check,45.75,344.2,No,0-12,49.17142857142857,1,1
Male,0,Yes,Yes,56,Yes,Yes,No,No internet service,No internet service,No internet service,No internet service,No internet service,No internet service,One year,Yes,Mailed check,24.45,1431.65,No,49-60,25.56517857142857,2,0
Female,0,Yes,No,72,Yes,Yes,No,No internet service,No internet service,No internet service,No internet service,No internet service,No internet service,Two year,No,Credit card (automatic),25.0,1849.2,No,60+,25.683333333333334,2,0
Male,0,Yes,No,72,Yes,Yes,DSL,Yes,Yes,Yes,No,Yes,Yes,Two year,Yes,Electronic check,85.25,6083.1,No,60+,84.48750000000001,7,1
Male,0,Yes,Yes,23,Yes,No,No,No internet service,No internet service,No internet service,No internet service,No internet service,No internet service,Two year,No,Credit card (automatic),19.6,426.65,No,13-24,18.55,1,0
Female,0,No,Yes,35,Yes,Yes,DSL,No,No,No,No,No,No,Month-to-month,No,Mailed check,50.15,1655.35,No,25-48,47.29571428571428,2,1
Male,1,Yes,No,27,Yes,No,Fiber optic,No,No,No,No,No,No,Month-to-month,Yes,Electronic check,70.55,1943.9,No,25-48,71.9962962962963,1,1
Female,0,Yes,Yes,26,Yes,Yes,DSL,No,Yes,No,Yes,No,No,Month-to-month,Yes,Electronic check,60.05,1616.15,Yes,25-48,62.159615384615385,4,1
Male,0,Yes,Yes,12,Yes,Yes,No,No internet service,No internet service,No internet service,No internet service,No internet service,No internet service,One year,No,Mailed check,26.4,314.95,No,0-12,26.245833333333334,2,0
Female,0,No,No,40,Yes,No,No,No internet service,No internet service,No internet service,No internet service,No internet service,No internet service,Two year,No,Mailed check,20.15,804.85,No,25-48,20.12125,1,0
Male,0,Yes,Yes,7,No,No phone service,DSL,Yes,Yes,Yes,No,Yes,Yes,Month-to-month,No,Mailed check,58.85,465.7,No,0-12,66.52857142857142,5,1
Male,0,Yes,Yes,70,Yes,Yes,Fiber optic,Yes,Yes,No,No,Yes,No,Month-to-month,Yes,Credit card (automatic),97.55,6669.05,No,60+,95.27214285714284,5,1
Male,0,Yes,Yes,60,Yes,No,No,No internet service,No internet service,No internet service,No internet service,No internet service,No internet service,Two year,No,Credit card (automatic),19.65,1161.75,No,49-60,19.3625,1,0
Male,0,Yes,Yes,39,No,No phone service,DSL,No,No,No,No,No,No,One year,Yes,Credit card (automatic),25.25,947.75,No,25-48,24.30128205128205,0,1
Male,0,Yes,No,72,Yes,Yes,Fiber optic,Yes,Yes,Yes,Yes,Yes,Yes,Two year,No,Credit card (automatic),114.45,8375.05,No,60+,116.32013888888888,8,1
Female,0,No,No,1,No,No phone service,DSL,No,No,No,No,Yes,No,Month-to-month,Yes,Electronic check,34.7,34.7,Yes,0-12,34.7,1,1
Male,0,Yes,Yes,54,Yes,Yes,DSL,No,Yes,No,Yes,Yes,No,One year,Yes,Electronic check,70.7,3770.0,No,49-60,69.81481481481481,5,1
Male,0,No,No,3,Yes,Yes,Fiber optic,No,No,No,No,No,Yes,Month-to-month,Yes,Electronic check,85.3,264.8,Yes,0-12,88.26666666666667,3,1
Female,0,Yes,Yes,63,Yes,No,DSL,Yes,Yes,Yes,Yes,Yes,No,Two year,No,Credit card (automatic),75.55,4707.85,No,60+,74.72777777777779,6,1
Male,0,Yes,Yes,71,Yes,Yes,Fiber optic,No,Yes,No,Yes,No,No,Two year,Yes,Electronic check,84.8,6152.4,No,60+,86.65352112676055,4,1
Female,0,No,No,42,Yes,No,No,No internet service,No internet service,No internet service,No internet service,No internet service,No internet service,One year,Yes,Mailed check,20.65,958.1,No,25-48,22.811904761904763,1,0
Male,0,No,No,47,Yes,No,No,No internet service,No internet service,No internet service,No internet service,No internet service,No internet service,Two year,No,Bank transfer (automatic),20.45,943.0,No,25-48,20.06382978723404,1,0
Female,0,Yes,Yes,66,Yes,Yes,Fiber optic,No,Yes,Yes,No,Yes,Yes,One year,Yes,Credit card (automatic),102.45,6615.15,Yes,60+,100.22954545454544,6,1
Female,0,Yes,No,21,Yes,Yes,Fiber optic,Yes,No,Yes,No,Yes,Yes,Month-to-month,Yes,Bank transfer (automatic),104.4,2200.25,Yes,13-24,104.77380952380952,6,1
Male,0,No,No,11,No,No phone service,DSL,No,Yes,No,Yes,No,No,Month-to-month,Yes,Electronic check,35.65,425.1,No,0-12,38.64545454545455,2,1
Male,0,No,Yes,1,Yes,Yes,Fiber optic,No,No,Yes,No,Yes,Yes,Month-to-month,Yes,Electronic check,99.75,99.75,Yes,0-12,99.75,5,1
Female,1,Yes,No,55,Yes,Yes,Fiber optic,No,Yes,Yes,Yes,No,No,Month-to-month,No,Electronic check,90.45,5044.8,No,49-60,91.72363636363636,5,1
Male,0,No,No,69,Yes,Yes,Fiber optic,No,Yes,Yes,Yes,Yes,No,Two year,Yes,Credit card (automatic),97.65,6743.55,No,60+,97.73260869565216,6,1
Female,1,No,No,3,Yes,No,Fiber optic,No,No,Yes,No,No,No,Month-to-month,No,Electronic check,73.85,196.4,No,0-12,65.46666666666667,2,1
Male,0,No,No,4,Yes,No,DSL,No,No,Yes,Yes,Yes,Yes,Month-to-month,Yes,Electronic check,74.4,299.7,Yes,0-12,74.925,5,1
Male,1,No,No,30,Yes,Yes,DSL,No,No,Yes,Yes,Yes,No,Two year,Yes,Credit card (automatic),69.1,2093.9,No,25-48,69.79666666666667,5,1
Female,0,No,No,5,Yes,Yes,Fiber optic,No,No,Yes,Yes,No,No,Month-to-month,Yes,Electronic check,82.75,417.75,No,0-12,83.55,4,1
Female,0,Yes,No,71,Yes,Yes,No,No internet service,No internet service,No internet service,No internet service,No internet service,No internet service,Two year,Yes,Credit card (automatic),24.4,1725.4,No,60+,24.301408450704223,2,0
Female,0,No,No,29,Yes,Yes,DSL,No,Yes,No,No,No,No,One year,Yes,Electronic check,55.25,1620.2,No,25-48,55.86896551724138,3,1
Male,0,Yes,No,52,Yes,Yes,DSL,No,Yes,No,Yes,No,No,Month-to-month,No,Bank transfer (automatic),61.35,3169.55,No,49-60,60.95288461538462,4,1
Male,0,No,No,68,Yes,Yes,DSL,Yes,Yes,Yes,No,No,Yes,One year,No,Credit card (automatic),76.75,5233.25,No,60+,76.9595588235294,6,1
Female,0,Yes,Yes,46,Yes,No,No,No internet service,No internet service,No internet service,No internet service,No internet service,No internet service,Two year,No,Mailed check,19.4,967.85,No,25-48,21.04021739130435,1,0
Male,0,No,No,8,Yes,No,DSL,No,No,No,No,No,Yes,Month-to-month,Yes,Credit card (automatic),54.75,438.05,No,0-12,54.75625,2,1
Male,0,Yes,No,72,Yes,No,No,No internet service,No internet service,No internet service,No internet service,No internet service,No internet service,Two year,No,Credit card (automatic),19.7,1421.9,No,60+,19.748611111111117,1,0
Female,0,No,No,17,Yes,No,No,No internet service,No internet service,No internet service,No internet service,No internet service,No internet service,One year,No,Bank transfer (automatic),19.9,323.15,No,13-24,19.008823529411764,1,0
Male,0,No,No,3,Yes,No,Fiber optic,No,Yes,Yes,Yes,Yes,Yes,Month-to-month,Yes,Electronic check,107.95,318.6,No,0-12,106.2,6,1
Female,1,No,No,2,Yes,No,Fiber optic,No,Yes,No,No,Yes,No,Month-to-month,Yes,Bank transfer (automatic),83.8,163.7,No,0-12,81.85,3,1
Female,0,No,No,9,Yes,No,Fiber optic,Yes,No,No,No,No,No,Month-to-month,Yes,Credit card (automatic),74.25,639.65,Yes,0-12,71.07222222222222,2,1
Female,0,No,No,51,No,No phone service,DSL,No,Yes,Yes,No,Yes,Yes,One year,Yes,Credit card (automatic),56.4,2928.5,No,49-60,57.42156862745098,4,1
Female,0,Yes,Yes,6,Yes,No,No,No internet service,No internet service,No internet service,No internet service,No internet service,No internet service,Two year,No,Mailed check,20.1,100.35,No,0-12,16.724999999999998,1,0
Female,0,Yes,No,3,Yes,Yes,Fiber optic,No,No,No,No,Yes,Yes,Month-to-month,No,Electronic check,94.9,273.2,No,0-12,91.06666666666666,4,1
Female,1,No,No,17,Yes,Yes,Fiber optic,No,No,No,No,Yes,Yes,Month-to-month,Yes,Electronic check,94.2,1608.15,No,13-24,94.59705882352942,4,1
Male,0,Yes,No,30,Yes,Yes,DSL,No,No,No,No,No,No,Month-to-month,No,Electronic check,49.9,1441.95,No,25-48,48.065000000000005,2,1
Male,0,No,No,31,Yes,Yes,DSL,No,Yes,No,Yes,Yes,No,Month-to-month,Yes,Electronic check,71.05,2168.15,No,25-48,69.94032258064516,5,1
Female,0,No,No,45,Yes,No,DSL,Yes,No,Yes,Yes,Yes,Yes,Two year,No,Bank transfer (automatic),81.65,3618.7,No,25-48,80.41555555555556,6,1
Male,0,Yes,No,64,Yes,Yes,Fiber optic,Yes,Yes,Yes,No,No,No,One year,No,Bank transfer (automatic),89.45,5692.65,No,60+,88.94765625,5,1
Male,0,No,No,1,Yes,Yes,DSL,No,No,No,No,Yes,No,Month-to-month,Yes,Electronic check,59.85,59.85,Yes,0-12,59.85,3,1
Female,1,No,No,1,Yes,No,Fiber optic,No,No,No,No,No,No,Month-to-month,Yes,Electronic check,69.6,69.6,Yes,0-12,69.6,1,1
Male,1,Yes,Yes,61,Yes,Yes,Fiber optic,No,Yes,No,No,Yes,Yes,One year,No,Electronic check,99.0,5969.3,No,60+,97.85737704918031,5,1
Male,0,No,No,1,Yes,No,No,No internet service,No internet service,No internet service,No internet service,No internet service,No internet service,Month-to-month,No,Mailed check,19.05,19.05,No,0-12,19.05,1,0
Male,0,No,No,9,No,No phone service,DSL,No,No,No,No,Yes,Yes,Month-to-month,Yes,Electronic check,45.4,418.8,Yes,0-12,46.53333333333333,2,1
Male,0,Yes,Yes,72,Yes,Yes,Fiber optic,Yes,Yes,Yes,Yes,Yes,Yes,Two year,No,Bank transfer (automatic),114.45,8100.55,No,60+,112.50763888888888,8,1
Female,0,No,No,1,Yes,No,No,No internet service,No internet service,No internet service,No internet service,No internet service,No internet service,Month-to-month,No,Mailed check,19.5,19.5,Yes,0-12,19.5,1,0
Female,0,Yes,No,7,Yes,No,DSL,No,No,No,No,No,No,Month-to-month,Yes,Mailed check,44.25,313.45,No,0-12,44.77857142857143,1,1
Female,0,Yes,No,66,Yes,Yes,Fiber optic,No,Yes,Yes,Yes,No,No,One year,Yes,Bank transfer (automatic),90.55,6130.95,No,60+,92.89318181818182,5,1
Male,0,No,No,1,Yes,No,Fiber optic,No,No,No,No,No,No,Month-to-month,Yes,Electronic check,69.9,69.9,Yes,0-12,69.9,1,1
Male,0,Yes,Yes,40,Yes,No,No,No internet service,No internet service,No internet service,No internet service,No internet service,No internet service,Month-to-month,Yes,Bank transfer (automatic),20.4,745.3,No,25-48,18.6325,1,0
Male,0,No,No,16,Yes,Yes,DSL,No,Yes,Yes,No,No,Yes,Month-to-month,Yes,Bank transfer (automatic),71.4,1212.1,No,13-24,75.75625,5,1
Female,0,No,No,2,Yes,No,Fiber optic,No,Yes,No,No,Yes,No,Month-to-month,Yes,Bank transfer (automatic),87.15,183.75,Yes,0-12,91.875,3,1
Male,0,Yes,No,67,Yes,Yes,No,No internet service,No internet service,No internet service,No internet service,No internet service,No internet service,Two year,No,Credit card (automatic),24.85,1583.5,No,60+,23.634328358208958,2,0
Female,0,Yes,No,41,Yes,No,Fiber optic,Yes,Yes,Yes,No,Yes,Yes,One year,Yes,Bank transfer (automatic),104.45,4162.05,No,25-48,101.51341463414634,6,1
Female,0,Yes,Yes,56,Yes,No,No,No internet service,No internet service,No internet service,No internet service,No internet service,No internet service,Two year,Yes,Credit card (automatic),19.8,1119.9,No,49-60,19.998214285714287,1,0
Female,0,No,No,72,Yes,Yes,Fiber optic,Yes,Yes,Yes,Yes,Yes,Yes,Two year,Yes,Bank transfer (automatic),116.45,8013.55,No,60+,111.29930555555556,8,1
Female,0,Yes,Yes,3,Yes,Yes,Fiber optic,No,No,No,No,No,Yes,Month-to-month,Yes,Bank transfer (automatic),84.75,264.85,Yes,0-12,88.28333333333335,3,1
Female,0,Yes,No,54,Yes,No,No,No internet service,No internet service,No internet service,No internet service,No internet service,No internet service,Two year,No,Credit card (automatic),20.05,1102.4,No,49-60,20.414814814814815,1,0
Male,1,No,No,52,Yes,Yes,Fiber optic,No,Yes,Yes,Yes,Yes,Yes,Month-to-month,Yes,Electronic check,110.75,5832.0,No,49-60,112.15384615384616,7,1
Female,0,No,No,50,Yes,No,Fiber optic,No,No,Yes,Yes,No,Yes,Two year,Yes,Bank transfer (automatic),89.7,4304.5,No,49-60,86.09,4,1
Male,0,No,No,14,Yes,Yes,Fiber optic,No,No,No,Yes,Yes,No,Month-to-month,Yes,Electronic check,89.95,1178.4,Yes,13-24,84.17142857142858,4,1
Male,0,Yes,No,27,Yes,No,DSL,Yes,No,No,No,No,No,One year,No,Credit card (automatic),48.7,1421.75,No,25-48,52.657407407407405,2,1
Female,1,Yes,No,72,Yes,Yes,Fiber optic,Yes,Yes,Yes,Yes,No,No,Two year,Yes,Bank transfer (automatic),96.6,6827.5,No,60+,94.82638888888889,6,1
Male,0,No,No,62,Yes,No,DSL,Yes,Yes,No,No,Yes,Yes,One year,Yes,Credit card (automatic),74.3,4698.05,No,60+,75.775,5,1
Female,0,No,No,12,Yes,No,DSL,No,Yes,No,Yes,No,No,Month-to-month,Yes,Electronic check,54.3,654.5,No,0-12,54.54166666666666,3,1
Female,1,No,No,44,Yes,No,DSL,No,No,Yes,Yes,Yes,Yes,One year,No,Bank transfer (automatic),74.85,3268.05,No,25-48,74.27386363636364,5,1
Male,0,Yes,Yes,54,Yes,No,Fiber optic,No,Yes,No,Yes,No,No,Two year,Yes,Bank transfer (automatic),79.95,4362.05,No,49-60,80.77870370370371,3,1
Female,0,No,No,68,Yes,No,No,No internet service,No internet service,No internet service,No internet service,No internet service,No internet service,Two year,No,Bank transfer (automatic),20.05,1386.9,No,60+,20.39558823529412,1,0
Male,0,No,No,20,Yes,No,No,No internet service,No internet service,No internet service,No internet service,No internet service,No internet service,Month-to-month,No,Mailed check,19.4,415.4,No,13-24,20.77,1,0
Male,0,Yes,Yes,50,Yes,Yes,DSL,No,No,Yes,No,No,No,One year,No,Bank transfer (automatic),54.9,2614.1,No,49-60,52.282,3,1
Male,0,No,No,58,Yes,Yes,No,No internet service,No internet service,No internet service,No internet service,No internet service,No internet service,Two year,Yes,Credit card (automatic),24.45,1513.6,No,49-60,26.096551724137928,2,0
Male,0,Yes,Yes,35,Yes,Yes,Fiber optic,No,Yes,No,No,Yes,No,Month-to-month,Yes,Bank transfer (automatic),89.65,3161.6,No,25-48,90.33142857142856,4,1
Female,0,No,No,2,Yes,No,DSL,No,No,No,No,No,No,Month-to-month,Yes,Electronic check,45.4,80.95,No,0-12,40.475,1,1
Male,0,Yes,Yes,63,Yes,Yes,DSL,Yes,No,Yes,Yes,No,Yes,Two year,No,Mailed check,75.7,4676.7,No,60+,74.23333333333333,6,1
Female,0,Yes,No,58,Yes,Yes,Fiber optic,Yes,Yes,Yes,No,Yes,Yes,One year,Yes,Credit card (automatic),110.65,6526.65,No,49-60,112.52844827586206,7,1
Female,0,Yes,Yes,27,Yes,No,No,No internet service,No internet service,No internet service,No internet service,No internet service,No internet service,One year,Yes,Mailed check,20.55,583.3,No,25-48,21.6037037037037,1,0
Female,0,Yes,No,71,Yes,Yes,Fiber optic,Yes,Yes,Yes,Yes,Yes,Yes,Two year,Yes,Credit card (automatic),115.15,8078.1,No,60+,113.77605633802816,8,1
Female,0,No,No,63,Yes,No,DSL,No,No,Yes,No,No,Yes,One year,No,Credit card (automatic),58.55,3503.5,No,60+,55.61111111111112,3,1
Male,0,Yes,No,71,Yes,Yes,Fiber optic,No,Yes,Yes,No,No,Yes,Month-to-month,Yes,Bank transfer (automatic),93.25,6669.45,No,60+,93.93591549295776,5,1
Female,1,No,No,41,Yes,Yes,Fiber optic,Yes,Yes,Yes,No,Yes,Yes,Month-to-month,Yes,Electronic check,113.2,4689.5,Yes,25-48,114.3780487804878,7,1
Male,1,No,No,13,Yes,No,Fiber optic,No,No,No,No,Yes,Yes,Month-to-month,Yes,Electronic check,90.5,1201.15,Yes,13-24,92.39615384615384,3,1
Male,0,No,No,2,Yes,No,Fiber optic,No,No,No,No,Yes,No,Month-to-month,No,Electronic check,79.0,143.65,Yes,0-12,71.825,2,1
Female,0,Yes,Yes,68,Yes,No,No,No internet service,No internet service,No internet service,No internet service,No internet service,No internet service,Two year,Yes,Bank transfer (automatic),19.35,1292.65,No,60+,19.009558823529414,1,0
Male,0,Yes,Yes,1,Yes,No,DSL,Yes,No,No,No,No,No,Month-to-month,Yes,Mailed check,48.75,48.75,No,0-12,48.75,2,1
Male,1,No,No,65,Yes,Yes,Fiber optic,Yes,No,Yes,Yes,Yes,Yes,Two year,Yes,Electronic check,109.05,7108.2,No,60+,109.35692307692308,7,1
Male,1,Yes,No,72,Yes,Yes,No,No internet service,No internet service,No internet service,No internet service,No internet service,No internet service,Two year,Yes,Bank transfer (automatic),25.0,1802.55,No,60+,25.035416666666663,2,0
Female,0,No,No,28,Yes,Yes,DSL,No,No,No,Yes,No,No,Month-to-month,Yes,Credit card (automatic),54.9,1505.15,No,25-48,53.75535714285714,3,1
Male,0,Yes,Yes,72,Yes,Yes,No,No internet service,No internet service,No internet service,No internet service,No internet service,No internet service,Two year,No,Credit card (automatic),24.75,1859.1,No,60+,25.820833333333333,2,0
Female,0,No,No,2,Yes,No,Fiber optic,Yes,Yes,No,No,Yes,No,Month-to-month,Yes,Electronic check,91.15,168.5,No,0-12,84.25,4,1
Female,0,No,Yes,18,Yes,No,No,No internet service,No internet service,No internet service,No internet service,No internet service,No internet service,One year,No,Bank transfer (automatic),20.15,390.85,Yes,13-24,21.71388888888889,1,0
Male,1,Yes,No,60,Yes,Yes,Fiber optic,No,Yes,Yes,No,Yes,Yes,One year,Yes,Electronic check,104.35,6339.45,No,49-60,105.6575,6,1
Female,1,No,No,26,Yes,Yes,DSL,No,No,No,Yes,No,Yes,Month-to-month,Yes,Electronic check,66.05,1652.4,No,25-48,63.55384615384616,4,1
Male,0,No,Yes,1,Yes,No,Fiber optic,No,No,No,No,No,No,Month-to-month,Yes,Electronic check,71.65,71.65,Yes,0-12,71.65,1,1
Female,0,No,No,4,Yes,No,No,No internet service,No internet service,No internet service,No internet service,No internet service,No internet service,Month-to-month,No,Mailed check,20.35,77.5,Yes,0-12,19.375,1,0
Male,0,Yes,Yes,68,Yes,Yes,DSL,Yes,Yes,Yes,Yes,Yes,Yes,Two year,Yes,Credit card (automatic),92.2,6392.85,No,60+,94.0125,8,1
Female,0,No,No,38,Yes,No,Fiber optic,No,Yes,Yes,Yes,No,No,Month-to-month,Yes,Credit card (automatic),84.25,3264.5,Yes,25-48,85.90789473684211,4,1
Female,1,Yes,No,42,Yes,Yes,Fiber optic,Yes,No,Yes,No,Yes,Yes,One year,Yes,Bank transfer (automatic),105.2,4599.15,No,25-48,109.50357142857142,6,1
Female,0,Yes,No,57,Yes,No,No,No internet service,No internet service,No internet service,No internet service,No internet service,No internet service,Two year,Yes,Bank transfer (automatic),19.6,1134.25,No,49-60,19.899122807017545,1,0
Male,0,Yes,No,54,No,No phone service,DSL,No,Yes,No,No,No,No,Month-to-month,No,Electronic check,30.4,1621.35,No,49-60,30.025,1,1
Female,0,No,No,12,Yes,No,Fiber optic,No,No,No,No,No,Yes,Month-to-month,No,Bank transfer (automatic),78.1,947.3,Yes,0-12,78.94166666666666,2,1
Female,0,Yes,No,44,Yes,No,DSL,Yes,Yes,Yes,No,No,No,One year,Yes,Mailed check,61.5,2722.2,No,25-48,61.86818181818182,4,1
Male,0,Yes,Yes,42,Yes,Yes,DSL,Yes,Yes,No,No,Yes,No,Month-to-month,Yes,Bank transfer (automatic),69.4,3058.3,No,25-48,72.81666666666668,5,1
Male,0,Yes,Yes,72,Yes,Yes,No,No internet service,No internet service,No internet service,No internet service,No internet service,No internet service,Two year,No,Bank transfer (automatic),24.75,1769.6,No,60+,24.577777777777776,2,0
Female,0,Yes,Yes,71,Yes,Yes,DSL,Yes,Yes,Yes,Yes,Yes,Yes,Two year,No,Mailed check,91.05,6293.75,No,60+,88.6443661971831,8,1
Female,0,Yes,No,19,Yes,Yes,Fiber optic,No,No,Yes,No,No,Yes,Month-to-month,No,Mailed check,89.65,1761.05,Yes,13-24,92.68684210526315,4,1
Female,0,Yes,No,23,Yes,Yes,DSL,No,No,No,Yes,Yes,Yes,Month-to-month,Yes,Credit card (automatic),73.65,1642.75,No,13-24,71.42391304347827,5,1
Female,0,No,No,30,Yes,No,No,No internet service,No internet service,No internet service,No internet service,No internet service,No internet service,Two year,No,Credit card (automatic),19.4,578.5,No,25-48,19.28333333333333,1,0
Male,0,No,No,35,Yes,Yes,No,No internet service,No internet service,No internet service,No internet service,No internet service,No internet service,One year,No,Bank transfer (automatic),26.2,954.9,No,25-48,27.282857142857143,2,0
Female,0,No,No,10,Yes,Yes,Fiber optic,Yes,No,No,No,Yes,Yes,Month-to-month,Yes,Electronic check,98.7,973.25,Yes,0-12,97.325,5,1
Male,0,No,No,1,Yes,No,DSL,No,No,No,No,No,No,Month-to-month,Yes,Bank transfer (automatic),43.85,43.85,No,0-12,43.85,1,1
Male,0,No,No,22,Yes,No,Fiber optic,No,No,No,No,No,No,Month-to-month,Yes,Mailed check,69.7,1490.4,No,13-24,67.74545454545455,1,1
Male,0,Yes,Yes,7,No,No phone service,DSL,Yes,Yes,Yes,No,No,No,Two year,No,Mailed check,38.55,280.0,No,0-12,40.0,3,1
Female,0,No,No,36,No,No phone service,DSL,Yes,Yes,Yes,Yes,No,Yes,Two year,Yes,Mailed check,53.1,1901.25,No,25-48,52.8125,5,1
Female,0,Yes,Yes,34,Yes,No,No,No internet service,No internet service,No internet service,No internet service,No internet service,No internet service,Month-to-month,No,Mailed check,20.65,716.4,No,25-48,21.07058823529412,1,0
Male,0,Yes,Yes,72,Yes,Yes,DSL,Yes,Yes,Yes,No,No,No,Two year,No,Credit card (automatic),64.45,4720.0,No,60+,65.55555555555556,5,1
Male,0,Yes,Yes,36,Yes,Yes,No,No internet service,No internet service,No internet service,No internet service,No internet service,No internet service,Two year,No,Credit card (automatic),25.1,930.95,No,25-48,25.859722222222224,2,0
Female,0,No,No,1,Yes,No,Fiber optic,No,No,Yes,No,No,No,Month-to-month,No,Electronic check,76.35,76.35,Yes,0-12,76.35,2,1
Female,0,No,No,23,Yes,Yes,Fiber optic,No,Yes,No,No,No,No,Month-to-month,Yes,Electronic check,79.15,1676.95,Yes,13-24,72.9108695652174,3,1
Male,1,Yes,No,32,Yes,Yes,Fiber optic,No,No,No,No,No,Yes,Month-to-month,Yes,Electronic check,85.0,2642.05,Yes,25-48,82.5640625,3,1
Female,0,Yes,Yes,71,Yes,Yes,Fiber optic,Yes,Yes,Yes,Yes,No,No,One year,Yes,Credit card (automatic),95.15,6770.85,No,60+,95.36408450704226,6,1
Female,1,No,No,23,Yes,Yes,Fiber optic,No,No,Yes,No,No,No,Month-to-month,Yes,Mailed check,79.35,1835.3,No,13-24,79.79565217391304,3,1
Male,0,Yes,No,17,Yes,No,Fiber optic,No,No,Yes,No,Yes,Yes,One year,Yes,Bank transfer (automatic),96.65,1588.25,No,13-24,93.42647058823528,4,1
Male,0,No,No,1,Yes,No,DSL,No,No,Yes,Yes,Yes,Yes,Month-to-month,Yes,Electronic check,75.5,75.5,No,0-12,75.5,5,1
Male,0,Yes,Yes,12,Yes,No,No,No internet service,No internet service,No internet service,No internet service,No internet service,No internet service,Two year,No,Mailed check,19.7,258.35,No,0-12,21.52916666666667,1,0
Female,0,Yes,No,72,Yes,No,No,No internet service,No internet service,No internet service,No internet service,No internet service,No internet service,Two year,No,Credit card (automatic),20.5,1502.25,No,60+,20.86458333333333,1,0
Male,0,No,No,1,Yes,No,No,No internet service,No internet service,No internet service,No internet service,No internet service,No internet service,Month-to-month,No,Mailed check,19.2,19.2,No,0-12,19.2,1,0
Male,1,Yes,No,72,Yes,Yes,Fiber optic,No,Yes,No,No,Yes,Yes,Two year,No,Bank transfer (automatic),98.35,6929.4,No,60+,96.24166666666666,5,1
Male,0,Yes,Yes,60,Yes,Yes,Fiber optic,No,No,No,No,No,No,Month-to-month,No,Bank transfer (automatic),74.35,4453.3,No,49-60,74.22166666666666,2,1
Female,0,Yes,Yes,61,No,No phone service,DSL,No,Yes,Yes,Yes,Yes,No,Two year,No,Credit card (automatic),51.35,3244.4,No,60+,53.18688524590164,4,1
Female,0,Yes,No,6,Yes,No,DSL,No,No,No,No,No,No,Month-to-month,No,Mailed check,45.65,323.45,No,0-12,53.90833333333333,1,1
Male,1,Yes,No,32,Yes,Yes,Fiber optic,No,No,No,No,No,Yes,Month-to-month,No,Electronic check,85.3,2661.1,Yes,25-48,83.159375,3,1
Female,0,No,Yes,31,Yes,Yes,Fiber optic,No,No,No,No,Yes,No,Month-to-month,Yes,Credit card (automatic),86.55,2697.4,Yes,25-48,87.01290322580645,3,1
Male,0,No,No,19,Yes,No,Fiber optic,No,Yes,No,No,No,No,Month-to-month,Yes,Credit card (automatic),73.85,1424.5,Yes,13-24,74.97368421052632,2,1
Male,0,Yes,Yes,72,Yes,No,No,No internet service,No internet service,No internet service,No internet service,No internet service,No internet service,Two year,No,Bank transfer (automatic),20.3,1401.15,No,60+,19.460416666666667,1,0
Female,0,No,No,32,Yes,Yes,DSL,No,Yes,No,No,No,No,Month-to-month,Yes,Electronic check,54.2,1739.6,No,25-48,54.3625,3,1
Male,0,Yes,No,65,Yes,Yes,Fiber optic,No,Yes,No,No,No,Yes,Month-to-month,Yes,Electronic check,90.65,5931.0,No,60+,91.24615384615385,4,1
Female,0,Yes,Yes,45,No,No phone service,DSL,Yes,No,No,No,Yes,Yes,Month-to-month,Yes,Bank transfer (automatic),50.9,2333.85,No,25-48,51.86333333333333,3,1
Male,0,No,No,42,Yes,Yes,No,No internet service,No internet service,No internet service,No internet service,No internet service,No internet service,One year,No,Electronic check,25.05,949.85,No,25-48,22.61547619047619,2,0
Male,0,No,No,8,Yes,Yes,Fiber optic,No,No,No,No,No,No,Month-to-month,Yes,Electronic check,74.85,572.45,No,0-12,71.55625,2,1
Male,0,No,Yes,32,Yes,No,No,No internet service,No internet service,No internet service,No internet service,No internet service,No internet service,Two year,No,Mailed check,20.5,696.8,No,25-48,21.775,1,0
Female,1,Yes,No,22,Yes,Yes,DSL,Yes,Yes,No,Yes,No,No,Month-to-month,Yes,Mailed check,63.55,1381.8,No,13-24,62.809090909090905,5,1
Male,1,Yes,No,57,No,No phone service,DSL,No,No,No,No,Yes,Yes,Month-to-month,Yes,Electronic check,44.85,2572.95,Yes,49-60,45.13947368421052,2,1
Male,0,No,No,1,Yes,No,DSL,Yes,No,No,No,No,No,Month-to-month,No,Electronic check,47.95,47.95,No,0-12,47.95,2,1
Male,1,No,No,1,Yes,No,DSL,No,No,No,No,No,No,Month-to-month,No,Electronic check,45.1,45.1,Yes,0-12,45.1,1,1
Female,0,Yes,No,1,Yes,No,DSL,No,No,No,No,No,No,Month-to-month,Yes,Electronic check,45.0,45.0,No,0-12,45.0,1,1
Male,0,No,No,24,Yes,No,Fiber optic,No,No,No,Yes,Yes,Yes,Month-to-month,Yes,Electronic check,96.0,2122.45,Yes,13-24,88.43541666666665,4,1
Male,0,No,No,1,Yes,No,No,No internet service,No internet service,No internet service,No internet service,No internet service,No internet service,Month-to-month,No,Bank transfer (automatic),20.05,20.05,Yes,0-12,20.05,1,0
Male,1,No,No,54,Yes,Yes,Fiber optic,No,Yes,No,No,No,Yes,Month-to-month,Yes,Electronic check,90.05,4931.8,No,49-60,91.32962962962964,4,1
Female,0,No,No,4,Yes,Yes,No,No internet service,No internet service,No internet service,No internet service,No internet service,No internet service,Two year,Yes,Credit card (automatic),25.3,116.95,No,0-12,29.2375,2,0
Male,0,Yes,Yes,65,Yes,Yes,Fiber optic,Yes,No,Yes,Yes,Yes,Yes,Two year,No,Bank transfer (automatic),108.65,6937.95,Yes,60+,106.7376923076923,7,1
Female,0,Yes,No,56,Yes,Yes,No,No internet service,No internet service,No internet service,No internet service,No internet service,No internet service,One year,No,Electronic check,24.3,1261.7,No,49-60,22.530357142857145,2,0
Male,0,No,No,45,Yes,No,DSL,Yes,No,Yes,No,Yes,Yes,Month-to-month,Yes,Electronic check,75.95,3273.8,No,25-48,72.75111111111111,5,1
Female,0,Yes,Yes,71,Yes,No,No,No internet service,No internet service,No internet service,No internet service,No internet service,No internet service,Two year,No,Credit card (automatic),19.7,1415.85,No,60+,19.94154929577465,1,0
Male,0,Yes,No,59,Yes,No,DSL,Yes,Yes,Yes,No,Yes,No,One year,No,Credit card (automatic),66.4,3958.2,No,49-60,67.08813559322033,5,1
Male,0,No,No,69,No,No phone service,DSL,No,Yes,Yes,No,No,No,One year,Yes,Bank transfer (automatic),35.75,2492.25,No,60+,36.119565217391305,2,1
Male,0,No,No,19,Yes,No,No,No internet service,No internet service,No internet service,No internet service,No internet service,No internet service,One year,No,Mailed check,18.8,279.2,No,13-24,14.694736842105264,1,0
Female,0,Yes,Yes,55,Yes,No,No,No internet service,No internet service,No internet service,No internet service,No internet service,No internet service,Two year,No,Credit card (automatic),19.4,1083.0,No,49-60,19.69090909090909,1,0
Female,0,No,No,38,Yes,No,No,No internet service,No internet service,No internet service,No internet service,No internet service,No internet service,One year,No,Mailed check,19.3,755.5,No,25-48,19.88157894736842,1,0
Male,0,No,No,10,Yes,No,DSL,No,No,No,No,No,No,Month-to-month,Yes,Electronic check,45.55,402.6,Yes,0-12,40.260000000000005,1,1
Female,1,Yes,No,47,Yes,Yes,DSL,Yes,Yes,Yes,No,No,No,Month-to-month,Yes,Credit card (automatic),67.45,3252.0,No,25-48,69.19148936170212,5,1
Female,0,Yes,No,2,No,No phone service,DSL,No,No,No,No,No,Yes,Month-to-month,Yes,Electronic check,35.1,68.75,Yes,0-12,34.375,1,1
Male,0,No,No,1,Yes,No,DSL,No,No,No,No,No,No,Month-to-month,No,Credit card (automatic),46.2,46.2,Yes,0-12,46.2,1,1
Female,0,No,No,1,Yes,No,DSL,No,No,No,No,No,No,Month-to-month,No,Electronic check,45.15,45.15,Yes,0-12,45.15,1,1
Male,1,No,No,1,No,No phone service,DSL,No,Yes,Yes,No,No,Yes,Month-to-month,Yes,Electronic check,43.3,43.3,Yes,0-12,43.3,3,1
Male,0,Yes,Yes,46,Yes,No,No,No internet service,No internet service,No internet service,No internet service,No internet service,No internet service,Two year,Yes,Mailed check,20.1,936.85,No,25-48,20.366304347826087,1,0
Female,1,No,No,38,Yes,No,DSL,Yes,Yes,No,No,No,No,Month-to-month,Yes,Credit card (automatic),57.15,2250.65,Yes,25-48,59.227631578947374,3,1
Female,0,Yes,No,65,Yes,No,DSL,Yes,No,Yes,Yes,No,No,Two year,No,Credit card (automatic),58.9,3857.1,No,60+,59.34,4,1
Female,0,Yes,No,19,Yes,No,Fiber optic,Yes,No,No,No,No,No,Month-to-month,Yes,Electronic check,73.2,1441.1,Yes,13-24,75.84736842105262,2,1
Male,0,No,No,52,Yes,No,Fiber optic,No,Yes,No,No,No,Yes,Month-to-month,Yes,Electronic check,85.35,4338.6,Yes,49-60,83.4346153846154,3,1
Male,0,Yes,Yes,71,Yes,No,No,No internet service,No internet service,No internet service,No internet service,No internet service,No internet service,Two year,No,Mailed check,19.45,1378.45,No,60+,19.414788732394367,1,0
Female,0,No,No,1,Yes,No,DSL,No,No,No,No,No,No,Month-to-month,No,Mailed check,45.95,45.95,Yes,0-12,45.95,1,1
Female,1,No,No,52,No,No phone service,DSL,No,Yes,Yes,Yes,Yes,No,Month-to-month,Yes,Electronic check,50.5,2566.3,No,49-60,49.35192307692308,4,1
Male,0,Yes,No,6,Yes,Yes,No,No internet service,No internet service,No internet service,No internet service,No internet service,No internet service,One year,No,Mailed check,25.1,171.0,No,0-12,28.5,2,0
Female,1,Yes,No,26,Yes,No,DSL,No,No,Yes,No,No,Yes,One year,No,Mailed check,60.7,1597.4,No,25-48,61.43846153846154,3,1
Male,1,No,No,48,Yes,Yes,Fiber optic,No,Yes,No,No,Yes,Yes,One year,Yes,Electronic check,99.0,4744.35,No,25-48,98.840625,5,1
Female,0,Yes,Yes,64,Yes,Yes,Fiber optic,Yes,No,No,Yes,Yes,Yes,One year,Yes,Bank transfer (automatic),104.4,6721.6,No,60+,105.025,6,1
Female,0,No,No,3,Yes,No,Fiber optic,No,Yes,No,No,Yes,No,Month-to-month,No,Electronic check,83.75,247.25,Yes,0-12,82.41666666666667,3,1
Male,0,No,No,1,Yes,No,DSL,No,No,No,No,No,No,Month-to-month,Yes,Bank transfer (automatic),44.05,44.05,No,0-12,44.05,1,1
Male,0,Yes,Yes,72,Yes,Yes,No,No internet service,No internet service,No internet service,No internet service,No internet service,No internet service,Two year,No,Credit card (automatic),24.1,1734.65,No,60+,24.092361111111117,2,0
Male,0,No,No,1,Yes,No,DSL,No,No,No,No,No,No,Month-to-month,Yes,Mailed check,45.55,45.55,No,0-12,45.55,1,1
Female,0,Yes,Yes,51,Yes,Yes,Fiber optic,Yes,Yes,No,No,No,Yes,Month-to-month,Yes,Electronic check,93.8,4539.35,No,49-60,89.00686274509805,5,1
Female,0,Yes,Yes,41,Yes,No,No,No internet service,No internet service,No internet service,No internet service,No internet service,No internet service,Two year,No,Bank transfer (automatic),19.7,804.25,No,25-48,19.615853658536587,1,0
Female,0,Yes,Yes,72,Yes,No,DSL,Yes,Yes,Yes,No,Yes,No,Two year,Yes,Credit card (automatic),70.65,5011.15,No,60+,69.59930555555555,5,1
Female,0,Yes,No,43,Yes,Yes,DSL,Yes,Yes,No,Yes,Yes,Yes,Two year,No,Credit card (automatic),86.45,3574.5,No,25-48,83.12790697674419,7,1
Male,0,Yes,No,72,Yes,Yes,Fiber optic,Yes,Yes,Yes,Yes,Yes,Yes,Two year,Yes,Credit card (automatic),114.1,8086.4,No,60+,112.3111111111111,8,1
Male,0,Yes,No,47,Yes,Yes,Fiber optic,No,No,No,No,Yes,Yes,One year,Yes,Credit card (automatic),95.2,4563.0,No,25-48,97.08510638297872,4,1
Male,0,No,No,72,Yes,Yes,DSL,Yes,Yes,Yes,Yes,Yes,Yes,Two year,No,Credit card (automatic),88.55,6362.35,No,60+,88.36597222222223,8,1
Male,0,No,No,3,Yes,No,No,No internet service,No internet service,No internet service,No internet service,No internet service,No internet service,Month-to-month,Yes,Credit card (automatic),20.75,67.1,No,0-12,22.366666666666664,1,0
Male,0,No,No,1,Yes,No,Fiber optic,No,No,No,No,No,No,Month-to-month,Yes,Electronic check,70.05,70.05,Yes,0-12,70.05,1,1
Male,0,No,No,2,Yes,Yes,Fiber optic,No,No,No,No,No,Yes,Month-to-month,Yes,Electronic check,86.0,165.45,Yes,0-12,82.725,3,1
Male,0,No,No,26,No,No phone service,DSL,Yes,Yes,No,No,No,Yes,Month-to-month,Yes,Bank transfer (automatic),44.65,1156.55,No,25-48,44.482692307692304,3,1
Male,0,Yes,Yes,29,Yes,No,DSL,Yes,No,No,No,No,Yes,Month-to-month,Yes,Mailed check,60.2,1834.15,No,25-48,63.24655172413794,3,1
Female,1,Yes,No,35,Yes,Yes,Fiber optic,Yes,Yes,No,Yes,Yes,No,Month-to-month,Yes,Bank transfer (automatic),100.5,3653.35,Yes,25-48,104.38142857142856,6,1
Male,0,No,No,27,Yes,No,DSL,Yes,Yes,No,No,No,No,One year,No,Bank transfer (automatic),55.45,1477.65,No,25-48,54.72777777777778,3,1
Male,0,Yes,Yes,24,Yes,No,DSL,Yes,Yes,No,Yes,No,Yes,Month-to-month,Yes,Credit card (automatic),70.3,1706.45,No,13-24,71.10208333333334,5,1
Male,0,Yes,Yes,67,Yes,No,DSL,Yes,No,Yes,Yes,No,No,Two year,Yes,Bank transfer (automatic),60.4,3953.7,No,60+,59.01044776119403,4,1
Female,0,No,No,16,Yes,Yes,Fiber optic,No,No,No,No,No,No,Month-to-month,No,Electronic check,72.65,1194.3,Yes,13-24,74.64375,2,1
Female,0,No,No,23,Yes,No,DSL,No,Yes,Yes,No,No,No,One year,No,Bank transfer (automatic),55.8,1327.85,No,13-24,57.73260869565217,3,1
Male,0,No,No,14,No,No phone service,DSL,No,Yes,No,No,No,No,Month-to-month,Yes,Mailed check,31.1,419.7,No,13-24,29.978571428571428,1,1
Female,0,Yes,Yes,1,Yes,No,No,No internet service,No internet service,No internet service,No internet service,No internet service,No internet service,Month-to-month,Yes,Electronic check,21.0,21.0,Yes,0-12,21.0,1,0
Female,1,No,No,1,Yes,No,DSL,No,No,No,No,No,No,Month-to-month,No,Mailed check,45.1,45.1,Yes,0-12,45.1,1,1
Male,1,No,No,4,No,No phone service,DSL,No,Yes,No,No,Yes,Yes,Month-to-month,Yes,Credit card (automatic),50.95,207.35,No,0-12,51.8375,3,1
Male,0,No,Yes,16,Yes,Yes,DSL,Yes,Yes,No,No,No,Yes,Month-to-month,Yes,Electronic check,69.1,1083.7,No,13-24,67.73125,5,1
Female,0,Yes,No,46,No,No phone service,DSL,No,No,No,No,Yes,Yes,Month-to-month,Yes,Electronic check,43.95,2007.85,No,25-48,43.64891304347826,2,1
Male,0,No,Yes,68,Yes,Yes,DSL,Yes,Yes,No,Yes,Yes,Yes,Two year,Yes,Bank transfer (automatic),86.5,5882.75,No,60+,86.51102941176471,7,1
Male,0,No,No,38,Yes,Yes,DSL,Yes,Yes,Yes,Yes,No,No,Month-to-month,No,Electronic check,69.95,2657.55,No,25-48,69.93552631578947,6,1
Male,1,Yes,No,30,Yes,No,DSL,No,Yes,No,No,No,No,Month-to-month,Yes,Bank transfer (automatic),50.4,1527.5,Yes,25-48,50.91666666666666,2,1
Female,1,No,No,5,Yes,No,Fiber optic,No,No,No,No,No,Yes,Month-to-month,No,Electronic check,78.95,378.4,Yes,0-12,75.67999999999999,2,1
Male,0,No,No,17,Yes,No,Fiber optic,No,Yes,Yes,No,No,Yes,Month-to-month,Yes,Credit card (automatic),90.95,1612.2,No,13-24,94.83529411764708,4,1
Male,0,Yes,Yes,4,Yes,No,No,No internet service,No internet service,No internet service,No internet service,No internet service,No internet service,Two year,No,Mailed check,19.9,76.65,No,0-12,19.1625,1,0
Female,0,No,No,12,Yes,No,No,No internet service,No internet service,No internet service,No internet service,No internet service,No internet service,One year,No,Electronic check,20.15,260.7,No,0-12,21.725,1,0
Male,0,Yes,Yes,72,Yes,Yes,DSL,Yes,Yes,Yes,Yes,Yes,Yes,Two year,Yes,Credit card (automatic),90.6,6441.85,No,60+,89.4701388888889,8,1
Male,0,No,No,3,Yes,No,Fiber optic,No,No,No,No,Yes,Yes,Month-to-month,Yes,Electronic check,92.0,266.8,No,0-12,88.93333333333334,3,1
Male,0,No,No,56,Yes,Yes,Fiber optic,No,Yes,No,Yes,No,Yes,Month-to-month,Yes,Electronic check,94.45,5124.6,Yes,49-60,91.51071428571429,5,1
Female,0,No,No,41,Yes,Yes,No,No internet service,No internet service,No internet service,No internet service,No internet service,No internet service,One year,Yes,Mailed check,24.85,962.25,No,25-48,23.46951219512195,2,0
Male,0,No,No,40,No,No phone service,DSL,No,Yes,No,Yes,No,No,One year,No,Credit card (automatic),36.0,1382.9,No,25-48,34.572500000000005,2,1
Female,0,No,No,7,Yes,No,DSL,Yes,Yes,No,Yes,Yes,Yes,Month-to-month,Yes,Electronic check,78.5,571.05,No,0-12,81.57857142857142,6,1
Male,0,No,No,69,Yes,No,No,No internet service,No internet service,No internet service,No internet service,No internet service,No internet service,Two year,No,Credit card (automatic),19.95,1399.35,No,60+,20.28043478260869,1,0
Male,0,Yes,Yes,7,Yes,No,No,No internet service,No internet service,No internet service,No internet service,No internet service,No internet service,One year,No,Mailed check,20.65,150.0,No,0-12,21.428571428571427,1,0
Female,0,Yes,Yes,5,No,No phone service,DSL,No,Yes,No,No,No,No,Month-to-month,Yes,Electronic check,30.5,167.2,No,0-12,33.44,1,1
Female,0,Yes,Yes,72,Yes,Yes,Fiber optic,Yes,Yes,Yes,Yes,Yes,No,Two year,No,Credit card (automatic),106.1,7657.4,No,60+,106.35277777777776,7,1
Male,0,Yes,Yes,44,Yes,No,No,No internet service,No internet service,No internet service,No internet service,No internet service,No internet service,One year,Yes,Bank transfer (automatic),20.5,865.05,No,25-48,19.660227272727276,1,0
Female,0,No,No,65,Yes,Yes,Fiber optic,No,Yes,Yes,No,Yes,No,One year,Yes,Electronic check,95.5,6153.85,No,60+,94.6746153846154,5,1
Female,0,No,No,3,Yes,Yes,DSL,No,No,No,Yes,Yes,No,Month-to-month,No,Electronic check,64.6,174.2,No,0-12,58.06666666666666,4,1
Male,0,No,No,24,Yes,No,DSL,No,No,No,Yes,No,No,Month-to-month,Yes,Credit card (automatic),51.1,1269.6,No,13-24,52.9,2,1
Female,0,No,No,44,Yes,Yes,Fiber optic,No,Yes,Yes,No,No,No,Month-to-month,Yes,Bank transfer (automatic),84.8,3862.55,Yes,25-48,87.78522727272728,4,1
Female,1,Yes,No,72,Yes,Yes,DSL,Yes,Yes,Yes,Yes,Yes,Yes,Two year,No,Credit card (automatic),89.1,6352.4,No,60+,88.22777777777777,8,1
Male,0,No,No,24,Yes,No,DSL,Yes,No,No,Yes,No,No,Month-to-month,No,Electronic check,54.95,1348.5,No,13-24,56.1875,3,1
Male,0,No,No,1,Yes,No,DSL,No,No,Yes,No,No,No,Month-to-month,No,Mailed check,50.9,50.9,Yes,0-12,50.9,2,1
Male,0,Yes,No,22,Yes,No,No,No internet service,No internet service,No internet service,No internet service,No internet service,No internet service,Month-to-month,Yes,Bank transfer (automatic),20.45,471.55,No,13-24,21.43409090909091,1,0
Male,0,Yes,Yes,70,Yes,Yes,DSL,No,Yes,Yes,Yes,Yes,Yes,Two year,Yes,Credit card (automatic),85.95,5931.75,No,60+,84.73928571428571,7,1
Male,0,Yes,Yes,25,Yes,Yes,DSL,No,No,No,No,Yes,No,Month-to-month,No,Electronic check,60.35,1404.65,No,25-48,56.18600000000001,3,1
Male,0,Yes,Yes,37,Yes,No,No,No internet service,No internet service,No internet service,No internet service,No internet service,No internet service,Two year,No,Bank transfer (automatic),19.8,726.1,No,25-48,19.624324324324323,1,0
Female,1,Yes,Yes,22,Yes,Yes,Fiber optic,No,No,No,No,Yes,No,Month-to-month,No,Bank transfer (automatic),85.35,1961.6,No,13-24,89.16363636363636,3,1
Female,0,Yes,Yes,59,Yes,Yes,DSL,No,No,Yes,Yes,Yes,No,Two year,Yes,Bank transfer (automatic),72.1,4194.85,No,49-60,71.09915254237289,5,1
Male,0,Yes,Yes,49,Yes,Yes,Fiber optic,No,No,Yes,No,Yes,Yes,Month-to-month,Yes,Electronic check,99.8,4872.45,Yes,49-60,99.4377551020408,5,1
Male,0,Yes,Yes,47,Yes,Yes,Fiber optic,No,No,Yes,Yes,Yes,Yes,Month-to-month,Yes,Bank transfer (automatic),107.35,5118.95,Yes,25-48,108.91382978723404,6,1
Female,0,Yes,Yes,31,Yes,No,No,No internet service,No internet service,No internet service,No internet service,No internet service,No internet service,Month-to-month,Yes,Mailed check,19.55,658.95,Yes,25-48,21.256451612903227,1,0
Male,0,Yes,Yes,1,Yes,No,Fiber optic,No,No,No,No,No,Yes,Month-to-month,Yes,Electronic check,81.05,81.05,No,0-12,81.05,2,1
Male,0,No,No,3,Yes,No,No,No internet service,No internet service,No internet service,No internet service,No internet service,No internet service,Month-to-month,Yes,Electronic check,20.5,76.95,No,0-12,25.65,1,0
Female,0,Yes,No,53,Yes,Yes,Fiber optic,No,Yes,Yes,Yes,Yes,Yes,One year,Yes,Bank transfer (automatic),111.8,5809.75,No,49-60,109.61792452830188,7,1
Male,0,No,No,1,Yes,No,No,No internet service,No internet service,No internet service,No internet service,No internet service,No internet service,Month-to-month,No,Mailed check,20.2,20.2,No,0-12,20.2,1,0
Male,0,No,No,20,Yes,No,No,No internet service,No internet service,No internet service,No internet service,No internet service,No internet service,One year,Yes,Mailed check,19.7,415.9,No,13-24,20.795,1,0
Female,0,No,No,3,Yes,No,Fiber optic,Yes,Yes,No,No,No,No,Month-to-month,Yes,Electronic check,79.1,246.5,Yes,0-12,82.16666666666667,3,1
Female,0,No,No,51,Yes,No,No,No internet service,No internet service,No internet service,No internet service,No internet service,No internet service,One year,Yes,Bank transfer (automatic),19.85,996.95,No,49-60,19.54803921568628,1,0
Female,0,Yes,No,51,Yes,No,DSL,Yes,Yes,No,Yes,No,No,One year,Yes,Bank transfer (automatic),60.5,3145.15,No,49-60,61.66960784313726,4,1
Female,0,Yes,Yes,13,Yes,No,No,No internet service,No internet service,No internet service,No internet service,No internet service,No internet service,Two year,No,Mailed check,19.55,265.3,No,13-24,20.407692307692308,1,0
Female,0,No,No,1,Yes,No,No,No internet service,No internet service,No internet service,No internet service,No internet service,No internet service,Month-to-month,No,Mailed check,20.9,20.9,No,0-12,20.9,1,0
Male,0,No,Yes,1,Yes,No,No,No internet service,No internet service,No internet service,No internet service,No internet service,No internet service,Month-to-month,Yes,Mailed check,21.05,21.05,No,0-12,21.05,1,0
Male,0,No,No,63,Yes,Yes,DSL,Yes,Yes,Yes,Yes,No,No,One year,No,Electronic check,71.5,4576.3,No,60+,72.63968253968254,6,1
Male,0,No,No,3,Yes,No,DSL,No,No,No,No,No,Yes,Month-to-month,No,Mailed check,54.65,189.1,No,0-12,63.03333333333333,2,1
Male,0,No,No,46,Yes,No,No,No internet service,No internet service,No internet service,No internet service,No internet service,No internet service,Two year,No,Credit card (automatic),19.2,908.15,No,25-48,19.742391304347827,1,0
Male,0,No,No,1,Yes,Yes,DSL,No,No,No,No,No,No,Month-to-month,Yes,Credit card (automatic),49.8,49.8,No,0-12,49.8,2,1
Male,0,No,Yes,8,No,No phone service,DSL,No,No,No,No,No,No,Month-to-month,No,Mailed check,25.5,215.2,Yes,0-12,26.9,0,1
Female,0,Yes,Yes,71,Yes,No,No,No internet service,No internet service,No internet service,No internet service,No internet service,No internet service,Two year,No,Bank transfer (automatic),20.5,1500.95,No,60+,21.140140845070423,1,0
Male,0,Yes,Yes,55,Yes,Yes,Fiber optic,No,No,Yes,No,Yes,No,Month-to-month,Yes,Credit card (automatic),90.4,5099.15,No,49-60,92.71181818181816,4,1
Female,0,No,No,70,Yes,Yes,Fiber optic,No,Yes,Yes,Yes,No,No,One year,Yes,Bank transfer (automatic),90.25,6385.95,No,60+,91.22785714285716,5,1
Female,0,No,No,2,Yes,No,Fiber optic,No,No,No,No,No,Yes,Month-to-month,No,Electronic check,80.75,159.45,Yes,0-12,79.725,2,1
Male,0,Yes,Yes,67,Yes,Yes,Fiber optic,Yes,No,No,Yes,Yes,Yes,Two year,No,Bank transfer (automatic),104.6,6885.75,No,60+,102.7723880597015,6,1
Male,0,Yes,No,65,Yes,Yes,Fiber optic,No,Yes,No,No,Yes,No,Month-to-month,Yes,Bank transfer (automatic),91.85,5940.85,Yes,60+,91.39769230769232,4,1
Male,0,Yes,No,14,Yes,No,DSL,No,No,Yes,No,No,No,Month-to-month,No,Credit card (automatic),50.2,668.85,No,13-24,47.775,2,1
Female,0,Yes,Yes,20,Yes,Yes,Fiber optic,No,No,Yes,Yes,No,Yes,Month-to-month,Yes,Bank transfer (automatic),95.5,1916.2,No,13-24,95.81,5,1
Male,0,No,Yes,1,Yes,No,Fiber optic,No,Yes,No,No,No,No,Month-to-month,Yes,Electronic check,75.35,75.35,Yes,0-12,75.35,2,1
Male,0,No,No,1,Yes,Yes,Fiber optic,No,No,No,No,No,No,Month-to-month,Yes,Electronic check,75.45,75.45,Yes,0-12,75.45,2,1
Female,0,Yes,Yes,49,Yes,Yes,Fiber optic,No,No,No,No,Yes,Yes,Month-to-month,Yes,Bank transfer (automatic),95.4,4613.95,No,49-60,94.16224489795918,4,1
Female,0,No,No,72,Yes,Yes,Fiber optic,Yes,Yes,Yes,No,Yes,No,Two year,Yes,Bank transfer (automatic),101.3,7261.25,No,60+,100.85069444444444,6,1
Female,0,Yes,No,46,Yes,Yes,DSL,Yes,No,No,No,No,No,Month-to-month,No,Electronic check,53.1,2459.8,No,25-48,53.47391304347826,3,1
Male,0,No,No,24,Yes,Yes,Fiber optic,No,Yes,Yes,No,No,No,Month-to-month,Yes,Bank transfer (automatic),84.85,2048.8,No,13-24,85.36666666666667,4,1
Female,0,Yes,Yes,5,No,No phone service,DSL,No,Yes,No,Yes,No,No,Month-to-month,No,Electronic check,34.25,163.55,No,0-12,32.71,2,1
Female,0,Yes,Yes,33,Yes,Yes,Fiber optic,No,Yes,Yes,Yes,No,No,Month-to-month,No,Credit card (automatic),88.6,2888.7,No,25-48,87.53636363636363,5,1
Female,0,No,No,42,Yes,Yes,DSL,Yes,Yes,No,No,No,No,One year,Yes,Bank transfer (automatic),60.15,2421.6,No,25-48,57.65714285714286,4,1
Male,0,No,No,23,Yes,No,Fiber optic,Yes,No,Yes,No,Yes,Yes,One year,Yes,Credit card (automatic),99.95,2292.75,No,13-24,99.68478260869566,5,1
Male,0,No,No,8,Yes,No,Fiber optic,No,No,No,No,No,No,Month-to-month,No,Bank transfer (automatic),70.7,553.4,No,0-12,69.175,1,1
Male,0,No,No,66,Yes,No,DSL,Yes,Yes,No,No,No,No,One year,Yes,Mailed check,54.8,3465.7,No,60+,52.51060606060606,3,1
Male,0,No,No,24,Yes,No,DSL,Yes,No,No,No,No,No,Month-to-month,Yes,Bank transfer (automatic),49.55,1210.4,Yes,13-24,50.43333333333334,2,1
Male,1,No,No,24,Yes,Yes,DSL,No,Yes,No,No,No,No,Month-to-month,No,Credit card (automatic),54.8,1291.3,No,13-24,53.80416666666667,3,1
Male,0,No,No,69,Yes,Yes,DSL,Yes,Yes,Yes,Yes,No,Yes,One year,Yes,Credit card (automatic),78.6,5356.45,Yes,60+,77.62971014492753,7,1
Female,0,No,No,53,Yes,No,Fiber optic,No,Yes,Yes,No,Yes,Yes,One year,Yes,Mailed check,100.3,5200.8,No,49-60,98.12830188679246,5,1
Female,0,No,No,60,No,No phone service,DSL,Yes,No,Yes,No,Yes,Yes,Two year,No,Electronic check,53.6,3237.05,No,49-60,53.950833333333335,4,1
Female,0,Yes,No,7,Yes,No,Fiber optic,No,No,No,No,Yes,No,Month-to-month,Yes,Electronic check,81.1,576.65,Yes,0-12,82.37857142857142,2,1
Female,0,No,No,20,Yes,No,No,No internet service,No internet service,No internet service,No internet service,No internet service,No internet service,One year,Yes,Credit card (automatic),19.35,433.75,No,13-24,21.6875,1,0
Female,0,Yes,Yes,23,Yes,Yes,Fiber optic,No,No,No,No,No,Yes,Month-to-month,No,Electronic check,85.6,1868.4,No,13-24,81.23478260869565,3,1
Male,0,Yes,Yes,72,Yes,No,DSL,Yes,No,Yes,Yes,Yes,Yes,Two year,Yes,Electronic check,80.8,5728.55,No,60+,79.56319444444445,6,1
Male,0,Yes,No,11,Yes,Yes,Fiber optic,No,No,No,No,No,No,Month-to-month,Yes,Electronic check,74.95,825.7,Yes,0-12,75.06363636363636,2,1
Male,0,No,No,21,Yes,No,No,No internet service,No internet service,No internet service,No internet service,No internet service,No internet service,Two year,No,Mailed check,19.6,390.4,No,13-24,18.59047619047619,1,0
Male,1,No,No,1,Yes,Yes,Fiber optic,No,No,No,No,Yes,Yes,Month-to-month,Yes,Electronic check,93.55,93.55,Yes,0-12,93.55,4,1
Male,1,No,No,31,Yes,Yes,Fiber optic,No,Yes,No,No,Yes,No,Month-to-month,Yes,Electronic check,90.7,2845.15,No,25-48,91.77903225806452,4,1
Female,0,No,No,57,Yes,No,DSL,No,Yes,Yes,Yes,Yes,No,Two year,No,Mailed check,69.75,3894.4,No,49-60,68.32280701754387,5,1
Female,0,Yes,Yes,45,Yes,No,No,No internet service,No internet service,No internet service,No internet service,No internet service,No internet service,Two year,Yes,Bank transfer (automatic),20.0,886.4,No,25-48,19.697777777777777,1,0
Male,0,No,No,10,Yes,Yes,Fiber optic,No,Yes,Yes,No,No,Yes,Month-to-month,Yes,Electronic check,95.25,1021.55,No,0-12,102.155,5,1
Female,0,Yes,No,58,Yes,Yes,Fiber optic,No,No,Yes,Yes,Yes,Yes,Month-to-month,Yes,Credit card (automatic),102.1,5885.4,Yes,49-60,101.47241379310344,6,1
Male,0,No,Yes,14,Yes,No,No,No internet service,No internet service,No internet service,No internet service,No internet service,No internet service,Month-to-month,No,Mailed check,19.95,268.4,No,13-24,19.17142857142857,1,0
Male,0,Yes,No,27,Yes,Yes,DSL,Yes,No,No,Yes,Yes,Yes,One year,No,Mailed check,80.85,2204.35,No,25-48,81.64259259259259,6,1
Female,0,Yes,Yes,14,Yes,Yes,Fiber optic,No,Yes,No,No,No,Yes,Month-to-month,Yes,Bank transfer (automatic),90.9,1259.0,Yes,13-24,89.92857142857143,4,1
Female,0,Yes,Yes,12,No,No phone service,DSL,No,Yes,No,No,No,No,Month-to-month,No,Mailed check,29.2,309.1,Yes,0-12,25.758333333333336,1,1
Female,0,Yes,Yes,69,Yes,Yes,Fiber optic,No,Yes,No,Yes,No,Yes,Two year,Yes,Bank transfer (automatic),93.3,6398.05,No,60+,92.72536231884058,5,1
Female,0,Yes,Yes,25,Yes,No,Fiber optic,No,Yes,Yes,No,Yes,No,Month-to-month,Yes,Bank transfer (automatic),89.15,2257.75,Yes,25-48,90.31,4,1
Male,1,Yes,No,58,Yes,Yes,Fiber optic,Yes,Yes,Yes,No,Yes,Yes,One year,Yes,Electronic check,108.85,6287.25,Yes,49-60,108.40086206896552,7,1
Female,0,Yes,Yes,35,No,No phone service,DSL,Yes,No,No,Yes,Yes,No,Two year,Yes,Credit card (automatic),46.35,1662.05,No,25-48,47.48714285714286,3,1
Female,1,No,No,16,Yes,Yes,Fiber optic,No,No,No,No,Yes,No,Month-to-month,Yes,Electronic check,84.75,1350.15,Yes,13-24,84.384375,3,1
Male,0,Yes,Yes,45,Yes,Yes,DSL,No,Yes,Yes,No,Yes,Yes,One year,No,Credit card (automatic),78.75,3600.65,No,25-48,80.01444444444445,6,1
Female,0,No,No,17,Yes,No,Fiber optic,No,Yes,No,No,Yes,No,Month-to-month,Yes,Electronic check,83.55,1329.15,No,13-24,78.18529411764706,3,1
Female,0,Yes,Yes,1,Yes,No,DSL,No,No,No,No,No,No,Month-to-month,Yes,Electronic check,45.7,45.7,Yes,0-12,45.7,1,1
Male,0,No,No,22,Yes,No,No,No internet service,No internet service,No internet service,No internet service,No internet service,No internet service,One year,No,Mailed check,19.6,422.5,No,13-24,19.204545454545453,1,0
Female,1,No,No,1,Yes,No,Fiber optic,No,No,No,No,No,No,Month-to-month,Yes,Electronic check,69.95,69.95,Yes,0-12,69.95,1,1
Male,0,Yes,Yes,67,Yes,No,DSL,Yes,No,Yes,Yes,No,Yes,Two year,No,Mailed check,67.85,4627.65,No,60+,69.06940298507462,5,1
Female,0,Yes,Yes,67,Yes,Yes,Fiber optic,No,No,Yes,Yes,Yes,Yes,Two year,Yes,Bank transfer (automatic),105.65,6717.9,No,60+,100.26716417910448,6,1
Female,0,Yes,No,2,No,No phone service,DSL,No,No,No,No,Yes,Yes,Month-to-month,No,Electronic check,44.6,97.1,Yes,0-12,48.55,2,1
Male,0,No,No,23,Yes,Yes,Fiber optic,No,No,No,No,No,No,Month-to-month,Yes,Electronic check,74.95,1710.45,Yes,13-24,74.36739130434783,2,1
Female,1,No,No,9,Yes,No,Fiber optic,No,No,Yes,No,No,No,Month-to-month,No,Credit card (automatic),75.5,637.4,No,0-12,70.82222222222222,2,1
Female,0,No,No,5,Yes,No,No,No internet service,No internet service,No internet service,No internet service,No internet service,No internet service,Month-to-month,No,Mailed check,20.15,117.95,No,0-12,23.59,1,0
Male,0,No,No,54,No,No phone service,DSL,Yes,No,No,Yes,Yes,No,Two year,No,Credit card (automatic),45.2,2460.55,No,49-60,45.56574074074074,3,1
Female,0,No,No,57,Yes,No,Fiber optic,No,No,Yes,No,Yes,Yes,Two year,Yes,Electronic check,95.25,5464.65,Yes,49-60,95.87105263157896,4,1
Male,0,No,No,24,Yes,Yes,Fiber optic,No,No,Yes,No,Yes,No,Month-to-month,Yes,Mailed check,89.85,2165.05,Yes,13-24,90.21041666666667,4,1
Female,0,Yes,Yes,49,Yes,Yes,Fiber optic,No,Yes,No,No,Yes,Yes,One year,No,Mailed check,100.45,4941.8,Yes,49-60,100.8530612244898,5,1
Male,0,No,No,5,Yes,Yes,DSL,No,No,No,No,No,No,Month-to-month,No,Electronic check,47.15,223.15,Yes,0-12,44.63,2,1
Male,0,No,No,2,Yes,No,Fiber optic,No,No,No,No,No,Yes,Month-to-month,Yes,Electronic check,80.2,181.1,Yes,0-12,90.55,2,1
Female,0,No,Yes,4,Yes,Yes,Fiber optic,No,No,Yes,Yes,No,No,Month-to-month,Yes,Mailed check,87.1,341.45,Yes,0-12,85.3625,4,1
Male,0,Yes,Yes,70,Yes,Yes,DSL,Yes,Yes,Yes,Yes,Yes,No,Two year,Yes,Bank transfer (automatic),79.25,5731.85,No,60+,81.88357142857143,7,1
Male,0,No,No,5,Yes,Yes,Fiber optic,No,No,No,No,No,No,Month-to-month,Yes,Bank transfer (automatic),75.9,357.75,Yes,0-12,71.55,2,1
Male,0,Yes,Yes,53,Yes,Yes,DSL,Yes,No,Yes,Yes,Yes,Yes,Month-to-month,No,Electronic check,85.7,4616.1,No,49-60,87.09622641509435,7,1
Female,0,Yes,No,47,Yes,Yes,Fiber optic,Yes,Yes,Yes,No,Yes,No,Month-to-month,Yes,Electronic check,98.75,4533.7,Yes,25-48,96.46170212765956,6,1
Female,0,No,Yes,31,Yes,No,No,No internet service,No internet service,No internet service,No internet service,No internet service,No internet service,One year,No,Credit card (automatic),20.1,589.25,No,25-48,19.008064516129032,1,0
Male,0,Yes,Yes,13,Yes,No,DSL,No,Yes,Yes,Yes,No,No,Month-to-month,No,Bank transfer (automatic),61.8,750.1,No,13-24,57.7,4,1
Female,0,Yes,Yes,28,Yes,Yes,DSL,No,No,No,No,No,No,Month-to-month,No,Mailed check,49.9,1410.25,No,25-48,50.36607142857143,2,1
Female,0,No,No,10,Yes,Yes,Fiber optic,No,No,No,No,No,Yes,Month-to-month,No,Electronic check,86.45,830.85,Yes,0-12,83.08500000000001,3,1
Male,0,Yes,No,38,Yes,No,No,No internet service,No internet service,No internet service,No internet service,No internet service,No internet service,Two year,No,Bank transfer (automatic),20.4,743.5,No,25-48,19.56578947368421,1,0
Female,0,No,No,1,Yes,No,DSL,No,No,No,No,No,No,Month-to-month,Yes,Mailed check,45.3,45.3,Yes,0-12,45.3,1,1
Male,0,Yes,No,67,Yes,Yes,Fiber optic,No,Yes,Yes,No,Yes,Yes,One year,No,Electronic check,104.1,7040.85,Yes,60+,105.08731343283584,6,1
Male,0,Yes,No,52,Yes,No,DSL,Yes,Yes,No,No,Yes,Yes,One year,Yes,Mailed check,75.4,3865.45,No,49-60,74.33557692307691,5,1
Male,0,Yes,Yes,62,Yes,No,Fiber optic,Yes,Yes,Yes,Yes,Yes,Yes,Two year,No,Mailed check,108.15,6825.65,No,60+,110.09112903225804,7,1
Female,0,No,No,16,Yes,No,Fiber optic,No,Yes,No,No,No,Yes,Month-to-month,Yes,Electronic check,86.25,1340.1,No,13-24,83.75625,3,1
Female,1,Yes,No,5,Yes,Yes,Fiber optic,No,Yes,No,No,No,No,Month-to-month,Yes,Electronic check,81.0,371.65,Yes,0-12,74.33,3,1
Male,0,No,No,12,Yes,No,Fiber optic,No,No,Yes,No,Yes,Yes,One year,No,Electronic check,95.7,1184.0,No,0-12,98.66666666666669,4,1
Female,0,Yes,Yes,72,Yes,Yes,Fiber optic,Yes,Yes,Yes,Yes,Yes,Yes,Two year,Yes,Bank transfer (automatic),116.85,8477.7,No,60+,117.74583333333334,8,1
Male,1,No,No,71,Yes,Yes,Fiber optic,No,Yes,No,Yes,Yes,Yes,One year,No,Bank transfer (automatic),105.75,7382.85,No,60+,103.98380281690142,6,1
Female,0,Yes,No,24,Yes,No,No,No internet service,No internet service,No internet service,No internet service,No internet service,No internet service,One year,No,Mailed check,20.15,456.85,No,13-24,19.035416666666663,1,0
Female,0,No,No,15,Yes,No,No,No internet service,No internet service,No internet service,No internet service,No internet service,No internet service,Two year,No,Mailed check,19.6,331.6,No,13-24,22.10666666666667,1,0
Male,0,Yes,No,67,Yes,No,Fiber optic,Yes,Yes,No,No,No,Yes,One year,Yes,Credit card (automatic),90.6,6056.15,Yes,60+,90.39029850746267,4,1
Male,0,No,Yes,2,Yes,Yes,DSL,Yes,Yes,No,No,No,No,Month-to-month,No,Bank transfer (automatic),60.95,134.6,No,0-12,67.3,4,1
Female,0,Yes,Yes,5,No,No phone service,DSL,No,No,No,No,No,No,Month-to-month,No,Mailed check,25.05,125.5,No,0-12,25.1,0,1
Female,0,Yes,No,15,Yes,No,Fiber optic,No,No,No,No,Yes,Yes,Month-to-month,No,Electronic check,88.15,1390.6,Yes,13-24,92.70666666666666,3,1
Male,0,No,No,1,Yes,No,No,No internet service,No internet service,No internet service,No internet service,No internet service,No internet service,Month-to-month,Yes,Mailed check,20.2,20.2,Yes,0-12,20.2,1,0
Male,0,Yes,Yes,41,Yes,No,DSL,Yes,Yes,Yes,No,No,No,One year,Yes,Bank transfer (automatic),60.3,2511.3,No,25-48,61.25121951219513,4,1
Female,0,No,Yes,43,Yes,No,DSL,Yes,Yes,No,No,No,Yes,Month-to-month,Yes,Electronic check,63.95,2737.05,No,25-48,63.65232558139535,4,1
Male,1,Yes,No,1,Yes,Yes,Fiber optic,No,No,No,No,No,No,Month-to-month,No,Electronic check,74.3,74.3,No,0-12,74.3,2,1
Female,1,No,No,1,Yes,No,Fiber optic,No,No,No,No,No,No,Month-to-month,Yes,Mailed check,70.6,70.6,No,0-12,70.6,1,1
Female,0,Yes,Yes,26,Yes,No,Fiber optic,No,No,No,No,Yes,Yes,Month-to-month,Yes,Electronic check,90.8,2361.8,Yes,25-48,90.83846153846154,3,1
Male,0,No,No,22,Yes,Yes,Fiber optic,No,Yes,No,No,No,No,Month-to-month,Yes,Electronic check,79.35,1730.35,Yes,13-24,78.65227272727272,3,1
Male,0,Yes,No,71,Yes,Yes,DSL,Yes,Yes,Yes,Yes,Yes,Yes,Two year,No,Bank transfer (automatic),90.55,6404.0,No,60+,90.19718309859157,8,1
Male,0,No,No,7,Yes,No,No,No internet service,No internet service,No internet service,No internet service,No internet service,No internet service,Two year,No,Mailed check,19.45,165.35,No,0-12,23.62142857142857,1,0
Female,1,No,No,28,Yes,Yes,DSL,No,Yes,Yes,Yes,No,No,Month-to-month,No,Bank transfer (automatic),64.45,1867.6,No,25-48,66.7,5,1
Male,1,No,No,16,Yes,No,Fiber optic,No,No,No,No,No,No,Month-to-month,No,Electronic check,69.65,1043.3,No,13-24,65.20625,1,1
Male,0,No,No,7,Yes,No,No,No internet service,No internet service,No internet service,No internet service,No internet service,No internet service,One year,No,Mailed check,19.5,128.6,No,0-12,18.37142857142857,1,0
Female,0,No,No,69,Yes,Yes,Fiber optic,No,Yes,Yes,Yes,Yes,Yes,Two year,Yes,Bank transfer (automatic),110.5,7455.45,No,60+,108.05,7,1
Female,0,No,Yes,1,No,No phone service,DSL,No,No,No,No,No,No,Month-to-month,No,Mailed check,24.7,24.7,No,0-12,24.7,0,1
Male,0,No,No,3,Yes,No,DSL,Yes,No,Yes,No,Yes,Yes,Month-to-month,Yes,Electronic check,77.4,206.15,No,0-12,68.71666666666667,5,1
Male,1,No,No,21,Yes,No,Fiber optic,No,No,Yes,No,Yes,Yes,Month-to-month,Yes,Bank transfer (automatic),96.8,2030.3,Yes,13-24,96.68095238095238,4,1
Female,0,Yes,No,69,Yes,Yes,Fiber optic,No,Yes,Yes,No,No,No,Month-to-month,Yes,Bank transfer (automatic),85.4,5869.4,No,60+,85.06376811594203,4,1
Female,0,Yes,No,71,No,No phone service,DSL,Yes,Yes,Yes,Yes,No,No,Two year,Yes,Bank transfer (automatic),47.6,3377.8,No,60+,47.57464788732395,4,1
Female,0,Yes,Yes,69,Yes,No,No,No internet service,No internet service,No internet service,No internet service,No internet service,No internet service,Two year,No,Mailed check,19.4,1346.2,No,60+,19.51014492753623,1,0
Female,0,No,No,48,Yes,Yes,Fiber optic,No,No,Yes,Yes,Yes,Yes,Month-to-month,Yes,Electronic check,103.85,4946.05,No,25-48,103.04270833333334,6,1
Male,0,Yes,No,47,Yes,Yes,Fiber optic,No,Yes,Yes,No,No,No,Month-to-month,Yes,Bank transfer (automatic),83.35,4065.0,Yes,25-48,86.48936170212765,4,1
Female,0,No,No,2,Yes,Yes,DSL,No,No,No,No,No,No,Month-to-month,Yes,Electronic check,49.4,106.55,Yes,0-12,53.275,2,1
Male,0,No,No,45,Yes,Yes,Fiber optic,Yes,No,Yes,Yes,Yes,Yes,Month-to-month,Yes,Credit card (automatic),108.45,4964.7,No,25-48,110.32666666666668,7,1
Male,0,No,No,51,Yes,Yes,Fiber optic,No,Yes,No,No,No,No,Month-to-month,No,Bank transfer (automatic),81.0,4085.75,No,49-60,80.11274509803921,3,1
Female,0,Yes,No,22,Yes,Yes,DSL,Yes,No,No,Yes,Yes,Yes,Month-to-month,Yes,Electronic check,79.2,1742.75,Yes,13-24,79.2159090909091,6,1
Male,0,No,No,72,Yes,Yes,DSL,Yes,Yes,Yes,Yes,Yes,Yes,Two year,No,Bank transfer (automatic),86.65,6224.8,No,60+,86.45555555555556,8,1
Male,0,Yes,Yes,37,Yes,Yes,Fiber optic,No,Yes,Yes,No,Yes,No,Month-to-month,Yes,Electronic check,92.95,3415.25,No,25-48,92.30405405405403,5,1
Male,0,Yes,Yes,71,Yes,Yes,DSL,Yes,Yes,Yes,Yes,Yes,Yes,Two year,No,Electronic check,90.35,6325.25,No,60+,89.08802816901408,8,1
Male,0,Yes,Yes,7,Yes,No,DSL,No,No,Yes,No,No,No,Month-to-month,No,Electronic check,48.7,340.25,Yes,0-12,48.60714285714285,2,1
Female,0,No,No,66,Yes,Yes,No,No internet service,No internet service,No internet service,No internet service,No internet service,No internet service,Two year,Yes,Credit card (automatic),25.15,1683.6,No,60+,25.509090909090908,2,0
Male,0,Yes,Yes,51,Yes,No,DSL,Yes,No,No,Yes,Yes,Yes,One year,Yes,Bank transfer (automatic),76.4,3966.3,No,49-60,77.77058823529413,5,1
Female,0,Yes,Yes,30,Yes,No,No,No internet service,No internet service,No internet service,No internet service,No internet service,No internet service,One year,No,Bank transfer (automatic),19.55,608.5,No,25-48,20.28333333333333,1,0
Female,0,No,No,34,Yes,Yes,Fiber optic,No,No,No,No,Yes,No,Month-to-month,No,Electronic check,85.35,2896.6,No,25-48,85.19411764705882,3,1
Male,0,Yes,Yes,64,Yes,Yes,No,No internet service,No internet service,No internet service,No internet service,No internet service,No internet service,Two year,Yes,Mailed check,24.8,1514.85,No,60+,23.66953125,2,0
Male,1,Yes,No,65,Yes,Yes,Fiber optic,No,Yes,Yes,No,Yes,Yes,One year,Yes,Bank transfer (automatic),103.15,6792.45,No,60+,104.49923076923076,6,1
Male,0,No,No,47,Yes,Yes,Fiber optic,Yes,Yes,No,Yes,Yes,No,Month-to-month,No,Mailed check,100.75,4669.2,No,25-48,99.34468085106384,6,1
Female,0,No,No,1,Yes,No,Fiber optic,Yes,No,No,No,Yes,Yes,Month-to-month,Yes,Electronic check,95.6,95.6,Yes,0-12,95.6,4,1
Female,0,No,No,49,Yes,Yes,DSL,Yes,Yes,No,No,No,No,Month-to-month,Yes,Credit card (automatic),59.75,2934.3,Yes,49-60,59.88367346938776,4,1
Female,0,Yes,Yes,67,Yes,Yes,Fiber optic,No,Yes,No,Yes,Yes,No,Two year,No,Credit card (automatic),94.1,6302.8,No,60+,94.07164179104478,5,1
Male,0,No,Yes,39,Yes,No,No,No internet service,No internet service,No internet service,No internet service,No internet service,No internet service,One year,No,Bank transfer (automatic),19.35,779.2,No,25-48,19.97948717948718,1,0
Male,0,No,No,14,Yes,No,No,No internet service,No internet service,No internet service,No internet service,No internet service,No internet service,Month-to-month,No,Mailed check,19.9,283.75,No,13-24,20.267857142857142,1,0
Female,1,No,No,43,Yes,No,Fiber optic,Yes,Yes,No,Yes,Yes,Yes,Month-to-month,Yes,Credit card (automatic),108.15,4600.7,Yes,25-48,106.99302325581397,6,1
Male,1,No,No,56,Yes,Yes,Fiber optic,No,No,Yes,No,Yes,Yes,Month-to-month,Yes,Electronic check,101.05,5594.0,No,49-60,99.89285714285714,5,1
Female,0,No,No,14,Yes,No,DSL,No,No,No,Yes,No,Yes,One year,No,Credit card (automatic),59.1,772.85,No,13-24,55.20357142857143,3,1
Female,0,No,No,1,Yes,No,Fiber optic,No,No,No,No,No,No,Month-to-month,No,Electronic check,71.35,71.35,Yes,0-12,71.35,1,1
Male,0,Yes,Yes,16,Yes,No,DSL,Yes,Yes,No,No,No,No,One year,Yes,Mailed check,55.85,857.8,No,13-24,53.6125,3,1
Male,0,Yes,Yes,70,Yes,Yes,Fiber optic,Yes,Yes,No,No,Yes,Yes,Month-to-month,Yes,Electronic check,106.05,7554.05,No,60+,107.915,6,1
Male,1,Yes,No,72,Yes,Yes,DSL,Yes,Yes,Yes,No,Yes,Yes,Two year,Yes,Credit card (automatic),84.1,5981.65,No,60+,83.07847222222222,7,1
Female,0,Yes,Yes,23,Yes,No,Fiber optic,No,No,Yes,No,No,No,Month-to-month,Yes,Credit card (automatic),75.3,1702.9,No,13-24,74.0391304347826,2,1
Male,0,No,Yes,21,Yes,Yes,No,No internet service,No internet service,No internet service,No internet service,No internet service,No internet service,Month-to-month,No,Mailed check,24.7,467.15,No,13-24,22.245238095238093,2,0
Female,0,No,No,1,Yes,No,No,No internet service,No internet service,No internet service,No internet service,No internet service,No internet service,Month-to-month,Yes,Mailed check,20.15,20.15,Yes,0-12,20.15,1,0
Male,0,No,Yes,1,Yes,No,Fiber optic,No,No,No,No,No,No,Month-to-month,No,Bank transfer (automatic),69.75,69.75,Yes,0-12,69.75,1,1
Female,1,Yes,No,32,Yes,Yes,Fiber optic,No,No,No,No,Yes,Yes,Month-to-month,Yes,Electronic check,93.2,2931.0,Yes,25-48,91.59375,4,1
Male,0,Yes,Yes,17,Yes,No,Fiber optic,No,No,No,No,Yes,No,Month-to-month,No,Electronic check,80.85,1400.85,Yes,13-24,82.40294117647058,2,1
Female,0,No,No,4,No,No phone service,DSL,Yes,Yes,No,No,No,No,Month-to-month,Yes,Electronic check,33.65,137.85,Yes,0-12,34.4625,2,1
Female,0,No,No,36,Yes,Yes,DSL,No,No,Yes,No,No,No,One year,No,Electronic check,55.8,1941.5,No,25-48,53.93055555555556,3,1
Female,0,No,No,50,No,No phone service,DSL,No,Yes,Yes,Yes,No,No,Two year,No,Credit card (automatic),39.7,1932.75,No,49-60,38.655,3,1
Female,0,Yes,Yes,48,No,No phone service,DSL,No,No,No,Yes,No,No,Month-to-month,Yes,Credit card (automatic),29.5,1423.05,No,25-48,29.646875,1,1
Female,0,No,Yes,50,Yes,No,No,No internet service,No internet service,No internet service,No internet service,No internet service,No internet service,Two year,No,Credit card (automatic),20.15,970.85,No,49-60,19.417,1,0
Male,0,Yes,No,72,Yes,Yes,DSL,Yes,Yes,Yes,Yes,No,Yes,Two year,No,Credit card (automatic),79.55,5810.9,No,60+,80.70694444444445,7,1
Male,0,No,Yes,10,Yes,Yes,No,No internet service,No internet service,No internet service,No internet service,No internet service,No internet service,Month-to-month,No,Credit card (automatic),24.8,223.9,No,0-12,22.39,2,0
Female,0,No,No,18,Yes,No,No,No internet service,No internet service,No internet service,No internet service,No internet service,No internet service,Month-to-month,No,Mailed check,19.65,391.7,No,13-24,21.76111111111111,1,0
Male,0,No,No,1,Yes,No,Fiber optic,No,No,No,No,Yes,No,Month-to-month,Yes,Electronic check,79.95,79.95,Yes,0-12,79.95,2,1
Female,0,No,No,1,Yes,No,No,No internet service,No internet service,No internet service,No internet service,No internet service,No internet service,Month-to-month,No,Electronic check,19.3,19.3,Yes,0-12,19.3,1,0
Male,0,No,No,9,Yes,No,Fiber optic,No,No,Yes,No,Yes,Yes,Month-to-month,Yes,Electronic check,94.05,811.65,No,0-12,90.18333333333334,4,1
Male,0,No,No,2,Yes,Yes,Fiber optic,Yes,No,No,No,No,Yes,Month-to-month,No,Mailed check,90.75,174.75,No,0-12,87.375,4,1
Female,0,Yes,No,40,Yes,Yes,Fiber optic,No,No,No,Yes,No,No,Month-to-month,Yes,Credit card (automatic),78.85,3126.85,No,25-48,78.17125,3,1
Male,0,Yes,No,69,Yes,Yes,Fiber optic,No,No,Yes,No,Yes,Yes,One year,No,Bank transfer (automatic),99.5,6841.45,No,60+,99.15144927536232,5,1
Female,0,Yes,No,37,Yes,Yes,Fiber optic,Yes,No,Yes,Yes,No,Yes,One year,Yes,Electronic check,99.2,3754.6,Yes,25-48,101.47567567567567,6,1
Male,0,No,Yes,18,Yes,Yes,Fiber optic,No,No,Yes,No,No,No,Month-to-month,Yes,Credit card (automatic),80.55,1406.65,No,13-24,78.14722222222223,3,1
Male,1,Yes,No,11,Yes,No,Fiber optic,No,No,No,No,No,No,Month-to-month,Yes,Electronic check,70.2,834.7,No,0-12,75.88181818181819,1,1
Female,0,Yes,No,8,Yes,Yes,Fiber optic,No,No,No,No,No,Yes,Month-to-month,Yes,Credit card (automatic),85.2,627.4,Yes,0-12,78.425,3,1
Female,0,No,No,3,Yes,Yes,Fiber optic,No,No,No,No,No,No,Month-to-month,No,Electronic check,75.25,242.0,Yes,0-12,80.66666666666667,2,1
Male,0,Yes,Yes,55,Yes,No,DSL,Yes,No,No,No,No,Yes,One year,No,Credit card (automatic),59.45,3157.0,No,49-60,57.4,3,1
Male,0,Yes,No,33,Yes,Yes,Fiber optic,No,Yes,Yes,No,No,Yes,Month-to-month,Yes,Electronic check,93.35,3092.0,No,25-48,93.6969696969697,5,1
Female,0,No,No,46,Yes,No,DSL,No,No,No,No,No,No,Month-to-month,No,Bank transfer (automatic),44.95,2168.9,No,25-48,47.15,1,1
Male,0,No,No,34,Yes,Yes,No,No internet service,No internet service,No internet service,No internet service,No internet service,No internet service,Two year,No,Bank transfer (automatic),26.1,980.35,No,25-48,28.833823529411767,2,0
Female,0,No,No,3,Yes,No,No,No internet service,No internet service,No internet service,No internet service,No internet service,No internet service,Month-to-month,No,Electronic check,20.2,65.95,No,0-12,21.98333333333333,1,0
Male,0,Yes,Yes,30,Yes,No,No,No internet service,No internet service,No internet service,No internet service,No internet service,No internet service,Two year,No,Mailed check,21.25,711.9,No,25-48,23.73,1,0
Female,0,No,No,33,Yes,Yes,DSL,Yes,No,No,Yes,No,No,One year,No,Electronic check,59.4,1952.8,No,25-48,59.17575757575757,4,1
Male,0,Yes,Yes,45,Yes,Yes,Fiber optic,No,Yes,Yes,No,No,Yes,One year,Yes,Credit card (automatic),95.0,4368.85,No,25-48,97.08555555555556,5,1
Male,0,No,No,40,Yes,No,DSL,Yes,Yes,No,Yes,No,No,Month-to-month,Yes,Mailed check,61.9,2647.1,No,25-48,66.1775,4,1
Female,0,No,No,71,Yes,Yes,Fiber optic,Yes,Yes,Yes,Yes,Yes,Yes,Two year,Yes,Electronic check,118.65,8477.6,No,60+,119.40281690140846,8,1
Male,0,No,No,1,Yes,Yes,DSL,No,No,Yes,No,No,No,Month-to-month,No,Electronic check,54.35,54.35,Yes,0-12,54.35,3,1
Female,0,Yes,Yes,72,No,No phone service,DSL,Yes,Yes,Yes,Yes,Yes,Yes,Two year,No,Bank transfer (automatic),64.45,4528.0,No,60+,62.888888888888886,6,1
Female,0,Yes,Yes,22,Yes,No,Fiber optic,No,No,No,No,No,Yes,Month-to-month,Yes,Electronic check,80.15,1790.65,No,13-24,81.39318181818182,2,1
Male,0,Yes,Yes,46,Yes,No,No,No internet service,No internet service,No internet service,No internet service,No internet service,No internet service,One year,Yes,Bank transfer (automatic),20.2,845.6,No,25-48,18.382608695652173,1,0
Female,0,Yes,Yes,55,Yes,No,No,No internet service,No internet service,No internet service,No internet service,No internet service,No internet service,Two year,No,Mailed check,21.0,1210.3,No,49-60,22.005454545454544,1,0
Male,0,No,No,1,Yes,No,No,No internet service,No internet service,No internet service,No internet service,No internet service,No internet service,Month-to-month,No,Mailed check,20.45,20.45,No,0-12,20.45,1,0
Female,0,No,No,12,Yes,Yes,DSL,No,No,No,Yes,Yes,Yes,One year,Yes,Mailed check,75.85,854.45,No,0-12,71.20416666666667,5,1
Male,0,No,No,31,Yes,Yes,Fiber optic,No,Yes,No,No,No,No,Month-to-month,Yes,Electronic check,80.45,2429.1,No,25-48,78.35806451612903,3,1
Male,0,Yes,No,5,No,No phone service,DSL,No,No,No,No,No,No,Month-to-month,Yes,Electronic check,24.95,100.4,Yes,0-12,20.08,0,1
Female,0,Yes,Yes,67,Yes,Yes,DSL,Yes,No,No,No,Yes,Yes,Two year,Yes,Electronic check,75.5,5229.45,No,60+,78.05149253731344,5,1
Male,0,No,No,1,Yes,No,DSL,No,No,No,No,No,No,Month-to-month,No,Mailed check,44.45,44.45,No,0-12,44.45,1,1
Male,0,Yes,No,40,No,No phone service,DSL,Yes,Yes,Yes,No,No,No,One year,Yes,Electronic check,42.35,1716.45,Yes,25-48,42.91125,3,1
Male,0,Yes,Yes,41,Yes,Yes,DSL,Yes,Yes,Yes,No,Yes,No,Month-to-month,Yes,Credit card (automatic),74.55,3023.55,No,25-48,73.74512195121952,6,1
Male,0,No,No,1,Yes,Yes,Fiber optic,No,No,No,No,No,No,Month-to-month,Yes,Electronic check,75.3,75.3,Yes,0-12,75.3,2,1
Male,0,No,No,51,Yes,Yes,Fiber optic,Yes,Yes,No,No,Yes,No,One year,Yes,Electronic check,94.8,4837.6,Yes,49-60,94.85490196078432,5,1
Male,0,Yes,Yes,42,No,No phone service,DSL,Yes,No,Yes,Yes,Yes,No,Two year,No,Credit card (automatic),48.15,2032.3,No,25-48,48.38809523809524,4,1
Male,0,Yes,Yes,23,Yes,No,No,No internet service,No internet service,No internet service,No internet service,No internet service,No internet service,One year,No,Mailed check,19.65,436.9,No,13-24,18.995652173913044,1,0
Female,1,No,No,1,Yes,No,Fiber optic,No,No,No,No,No,No,Month-to-month,Yes,Electronic check,70.55,70.55,Yes,0-12,70.55,1,1
Female,0,No,No,1,Yes,No,No,No internet service,No internet service,No internet service,No internet service,No internet service,No internet service,Month-to-month,No,Mailed check,20.15,20.15,No,0-12,20.15,1,0
Female,0,No,No,56,Yes,Yes,Fiber optic,Yes,Yes,No,No,Yes,Yes,Month-to-month,Yes,Credit card (automatic),106.6,5893.95,No,49-60,105.24910714285714,6,1
Male,0,No,Yes,15,Yes,Yes,Fiber optic,No,Yes,No,No,Yes,No,Month-to-month,Yes,Electronic check,91.0,1430.05,No,13-24,95.33666666666666,4,1
Male,0,Yes,Yes,12,Yes,Yes,No,No internet service,No internet service,No internet service,No internet service,No internet service,No internet service,Two year,Yes,Bank transfer (automatic),25.4,313.0,No,0-12,26.08333333333333,2,0
Female,0,Yes,Yes,54,Yes,No,DSL,Yes,No,Yes,Yes,No,Yes,Two year,No,Bank transfer (automatic),69.95,3871.85,No,49-60,71.70092592592593,5,1
Female,0,No,No,7,Yes,No,DSL,No,No,No,No,Yes,Yes,Month-to-month,Yes,Electronic check,66.85,458.1,No,0-12,65.44285714285715,3,1
Female,0,Yes,Yes,33,Yes,Yes,Fiber optic,No,No,No,No,No,Yes,Month-to-month,No,Credit card (automatic),86.15,2745.7,Yes,25-48,83.2030303030303,3,1
Male,0,Yes,Yes,16,Yes,No,No,No internet service,No internet service,No internet service,No internet service,No internet service,No internet service,Month-to-month,No,Electronic check,20.15,341.35,No,13-24,21.334375,1,0
Female,0,No,Yes,21,Yes,No,DSL,Yes,No,Yes,No,No,Yes,One year,No,Mailed check,64.85,1336.8,No,13-24,63.65714285714286,4,1
Male,1,Yes,No,30,Yes,Yes,DSL,No,No,Yes,No,Yes,Yes,Two year,No,Electronic check,74.85,2181.75,No,25-48,72.725,5,1
Male,0,No,No,3,Yes,No,DSL,No,No,No,Yes,No,No,Month-to-month,Yes,Mailed check,50.5,147.75,No,0-12,49.25,2,1
Male,0,No,No,11,Yes,No,Fiber optic,No,No,Yes,No,No,No,Month-to-month,No,Electronic check,72.9,818.45,No,0-12,74.40454545454546,2,1
Female,0,No,No,62,Yes,Yes,Fiber optic,Yes,Yes,Yes,Yes,Yes,Yes,One year,Yes,Credit card (automatic),115.05,7133.45,No,60+,115.05564516129031,8,1
Male,0,No,No,18,Yes,No,No,No internet service,No internet service,No internet service,No internet service,No internet service,No internet service,Month-to-month,No,Electronic check,19.0,348.8,No,13-24,19.37777777777778,1,0
Male,0,No,Yes,6,Yes,No,No,No internet service,No internet service,No internet service,No internet service,No internet service,No internet service,Month-to-month,No,Mailed check,19.55,128.6,No,0-12,21.433333333333334,1,0
Female,0,No,No,46,Yes,Yes,Fiber optic,No,No,Yes,No,Yes,Yes,One year,Yes,Electronic check,101.1,4674.4,No,25-48,101.61739130434782,5,1
Male,0,No,No,21,Yes,Yes,Fiber optic,No,No,No,No,No,Yes,Month-to-month,Yes,Electronic check,84.1,1737.45,No,13-24,82.7357142857143,3,1
Male,0,No,No,68,Yes,Yes,No,No internet service,No internet service,No internet service,No internet service,No internet service,No internet service,Two year,Yes,Bank transfer (automatic),24.15,1498.85,No,60+,22.04191176470588,2,0
Female,0,No,No,1,Yes,Yes,DSL,No,No,No,No,No,No,Month-to-month,Yes,Electronic check,50.1,50.1,No,0-12,50.1,2,1
Female,0,Yes,No,25,Yes,No,Fiber optic,No,No,Yes,No,No,No,Month-to-month,Yes,Electronic check,74.6,1797.75,No,25-48,71.91,2,1
Female,0,No,Yes,24,Yes,No,No,No internet service,No internet service,No internet service,No internet service,No internet service,No internet service,Two year,No,Mailed check,19.75,498.1,No,13-24,20.754166666666663,1,0
Female,0,Yes,No,30,Yes,Yes,Fiber optic,No,No,No,No,No,Yes,Month-to-month,Yes,Electronic check,85.0,2624.25,Yes,25-48,87.475,3,1
Female,0,No,No,2,Yes,No,Fiber optic,No,No,No,No,No,Yes,Month-to-month,No,Electronic check,80.55,184.1,Yes,0-12,92.05,2,1
Male,0,Yes,No,51,Yes,Yes,Fiber optic,No,Yes,Yes,No,Yes,Yes,One year,Yes,Bank transfer (automatic),106.8,5498.8,No,49-60,107.81960784313726,6,1
Female,0,Yes,Yes,57,Yes,Yes,DSL,Yes,No,Yes,Yes,Yes,Yes,Two year,Yes,Electronic check,84.5,4845.4,No,49-60,85.00701754385965,7,1
Female,0,No,No,15,Yes,Yes,No,No internet service,No internet service,No internet service,No internet service,No internet service,No internet service,Two year,No,Bank transfer (automatic),25.05,369.1,No,13-24,24.60666666666667,2,0
Female,0,Yes,Yes,72,Yes,No,DSL,Yes,Yes,Yes,Yes,Yes,Yes,Two year,Yes,Bank transfer (automatic),83.7,6096.9,No,60+,84.67916666666666,7,1
Female,0,No,No,2,Yes,No,Fiber optic,No,No,Yes,No,No,No,Month-to-month,Yes,Electronic check,75.8,160.75,Yes,0-12,80.375,2,1
Male,0,Yes,No,28,Yes,Yes,Fiber optic,No,Yes,Yes,No,Yes,No,Month-to-month,No,Credit card (automatic),96.6,2684.35,No,25-48,95.86964285714284,5,1
Male,1,Yes,No,29,Yes,Yes,Fiber optic,No,No,Yes,No,Yes,Yes,Month-to-month,Yes,Electronic check,98.5,3004.15,Yes,25-48,103.59137931034483,5,1
Male,0,Yes,Yes,70,Yes,No,Fiber optic,Yes,Yes,Yes,Yes,Yes,No,Two year,Yes,Credit card (automatic),101.1,6994.8,No,60+,99.92571428571428,6,1
Female,0,No,No,13,Yes,No,No,No internet service,No internet service,No internet service,No internet service,No internet service,No internet service,One year,No,Mailed check,20.2,273.25,No,13-24,21.01923076923077,1,0
Female,1,Yes,No,59,Yes,Yes,Fiber optic,Yes,Yes,Yes,Yes,No,No,One year,Yes,Electronic check,94.05,5483.9,No,49-60,92.94745762711864,6,1
Male,1,Yes,No,13,Yes,Yes,Fiber optic,No,No,No,No,Yes,Yes,Month-to-month,Yes,Electronic check,95.25,1233.65,Yes,13-24,94.89615384615384,4,1
Male,1,Yes,No,7,Yes,Yes,Fiber optic,No,No,No,No,No,No,Month-to-month,Yes,Mailed check,74.4,527.9,Yes,0-12,75.41428571428571,2,1
Female,0,Yes,No,62,Yes,No,DSL,Yes,No,Yes,Yes,Yes,Yes,Two year,No,Mailed check,81.0,4985.9,No,60+,80.41774193548386,6,1
Female,0,No,No,21,Yes,No,DSL,Yes,No,Yes,Yes,No,No,One year,Yes,Electronic check,60.25,1258.35,No,13-24,59.92142857142856,4,1
Female,0,No,No,2,Yes,No,DSL,No,No,Yes,No,No,Yes,Month-to-month,No,Electronic check,60.85,111.4,No,0-12,55.7,3,1
Female,0,No,No,1,Yes,No,DSL,No,No,No,No,No,No,Month-to-month,No,Credit card (automatic),43.95,43.95,No,0-12,43.95,1,1
Male,0,No,No,4,Yes,No,Fiber optic,No,No,Yes,No,No,Yes,Month-to-month,No,Electronic check,86.05,308.1,No,0-12,77.025,3,1
Female,0,No,No,19,Yes,No,No,No internet service,No internet service,No internet service,No internet service,No internet service,No internet service,One year,No,Credit card (automatic),20.25,383.65,No,13-24,20.19210526315789,1,0
Female,0,No,No,30,Yes,No,Fiber optic,No,No,No,Yes,Yes,No,Month-to-month,No,Electronic check,85.15,2555.9,Yes,25-48,85.19666666666667,3,1
Male,0,Yes,Yes,67,Yes,No,No,No internet service,No internet service,No internet service,No internet service,No internet service,No internet service,Two year,Yes,Credit card (automatic),19.4,1284.2,No,60+,19.16716417910448,1,0
Male,1,Yes,No,72,Yes,Yes,Fiber optic,Yes,Yes,Yes,No,No,Yes,Two year,Yes,Credit card (automatic),102.65,7550.3,No,60+,104.86527777777778,6,1
Male,0,Yes,No,53,Yes,No,No,No internet service,No internet service,No internet service,No internet service,No internet service,No internet service,Two year,No,Credit card (automatic),19.9,1110.05,No,49-60,20.944339622641508,1,0
Female,0,No,No,5,Yes,No,No,No internet service,No internet service,No internet service,No internet service,No internet service,No internet service,One year,No,Electronic check,19.55,99.6,No,0-12,19.92,1,0
Male,1,Yes,No,71,Yes,No,Fiber optic,No,Yes,Yes,Yes,No,Yes,Two year,Yes,Credit card (automatic),95.5,6707.15,No,60+,94.4669014084507,5,1
Female,0,Yes,Yes,50,Yes,Yes,DSL,No,Yes,Yes,Yes,Yes,Yes,One year,Yes,Credit card (automatic),84.15,4164.4,No,49-60,83.288,7,1
Male,0,Yes,Yes,56,Yes,Yes,Fiber optic,No,No,Yes,Yes,Yes,Yes,Two year,Yes,Electronic check,103.2,5873.75,No,49-60,104.88839285714286,6,1
Male,0,No,No,2,Yes,No,DSL,No,No,No,Yes,No,No,Month-to-month,Yes,Credit card (automatic),50.2,109.25,No,0-12,54.625,2,1
Female,1,No,No,2,Yes,Yes,Fiber optic,No,No,Yes,No,No,Yes,Month-to-month,Yes,Electronic check,88.55,179.25,Yes,0-12,89.625,4,1
Male,0,Yes,Yes,24,Yes,Yes,DSL,Yes,No,No,No,No,No,Month-to-month,No,Electronic check,54.75,1338.15,Yes,13-24,55.75625,3,1
Male,0,Yes,Yes,46,Yes,No,No,No internet service,No internet service,No internet service,No internet service,No internet service,No internet service,Two year,No,Credit card (automatic),19.95,862.4,No,25-48,18.74782608695652,1,0
Male,0,Yes,No,71,Yes,Yes,Fiber optic,Yes,Yes,Yes,Yes,Yes,Yes,Two year,Yes,Electronic check,116.25,8564.75,No,60+,120.63028169014083,8,1
Female,0,No,No,29,No,No phone service,DSL,No,No,No,Yes,No,No,Month-to-month,Yes,Electronic check,31.2,926.2,No,25-48,31.93793103448276,1,1
Male,0,Yes,Yes,69,Yes,Yes,No,No internet service,No internet service,No internet service,No internet service,No internet service,No internet service,Two year,No,Bank transfer (automatic),24.45,1718.2,No,60+,24.90144927536232,2,0
Male,0,Yes,No,71,Yes,Yes,DSL,No,Yes,Yes,Yes,Yes,Yes,Two year,No,Credit card (automatic),84.2,5956.85,No,60+,83.8992957746479,7,1
Female,1,No,No,1,Yes,No,Fiber optic,No,No,No,No,Yes,Yes,Month-to-month,Yes,Electronic check,91.3,91.3,Yes,0-12,91.3,3,1
Male,1,Yes,No,56,Yes,No,DSL,Yes,Yes,Yes,Yes,Yes,Yes,Two year,Yes,Bank transfer (automatic),85.65,4824.45,No,49-60,86.15089285714285,7,1
Male,0,No,Yes,56,Yes,No,No,No internet service,No internet service,No internet service,No internet service,No internet service,No internet service,One year,Yes,Mailed check,21.2,1238.65,No,49-60,22.11875,1,0
Male,0,No,No,1,Yes,No,Fiber optic,No,No,No,No,Yes,No,Month-to-month,Yes,Electronic check,79.5,79.5,Yes,0-12,79.5,2,1
Female,0,Yes,No,28,Yes,Yes,No,No internet service,No internet service,No internet service,No internet service,No internet service,No internet service,One year,No,Mailed check,25.55,672.2,No,25-48,24.00714285714286,2,0
Female,0,Yes,Yes,19,Yes,No,No,No internet service,No internet service,No internet service,No internet service,No internet service,No internet service,Month-to-month,No,Mailed check,20.2,382.2,No,13-24,20.11578947368421,1,0
Male,0,Yes,No,66,Yes,Yes,DSL,No,No,No,Yes,No,Yes,Month-to-month,No,Electronic check,63.85,4264.6,No,60+,64.61515151515152,4,1
Female,0,Yes,Yes,17,Yes,Yes,DSL,No,No,Yes,Yes,No,No,One year,Yes,Mailed check,61.95,1070.7,No,13-24,62.98235294117647,4,1
Male,0,Yes,Yes,52,Yes,Yes,No,No internet service,No internet service,No internet service,No internet service,No internet service,No internet service,Two year,No,Mailed check,25.75,1345.85,No,49-60,25.881730769230767,2,0
Female,0,No,No,19,Yes,No,DSL,No,Yes,No,No,Yes,No,One year,No,Electronic check,58.2,1045.25,No,13-24,55.01315789473684,3,1
Female,0,No,No,36,Yes,No,DSL,Yes,Yes,Yes,Yes,Yes,Yes,One year,No,Bank transfer (automatic),85.85,3003.55,No,25-48,83.43194444444445,7,1
Male,1,Yes,No,7,Yes,No,Fiber optic,No,No,No,No,No,No,Month-to-month,Yes,Mailed check,70.1,467.55,Yes,0-12,66.79285714285714,1,1
Male,0,Yes,Yes,72,Yes,Yes,Fiber optic,Yes,Yes,Yes,Yes,No,Yes,One year,Yes,Credit card (automatic),104.9,7537.5,No,60+,104.6875,7,1
Male,0,Yes,Yes,67,Yes,Yes,Fiber optic,Yes,Yes,Yes,No,Yes,Yes,One year,Yes,Electronic check,111.3,7482.1,Yes,60+,111.67313432835822,7,1
Male,1,No,No,34,Yes,No,Fiber optic,No,Yes,Yes,No,Yes,Yes,One year,Yes,Electronic check,99.85,3343.15,No,25-48,98.3279411764706,5,1
Male,1,Yes,No,57,Yes,Yes,Fiber optic,No,Yes,Yes,No,No,Yes,Month-to-month,Yes,Bank transfer (automatic),95.25,5427.05,Yes,49-60,95.21140350877194,5,1
Female,0,Yes,No,7,Yes,No,Fiber optic,No,No,Yes,No,Yes,No,Month-to-month,Yes,Electronic check,86.25,587.1,Yes,0-12,83.87142857142858,3,1
Female,1,Yes,No,1,Yes,Yes,Fiber optic,No,No,Yes,No,Yes,Yes,Month-to-month,Yes,Electronic check,100.8,100.8,Yes,0-12,100.8,5,1
Male,0,Yes,No,8,Yes,No,No,No internet service,No internet service,No internet service,No internet service,No internet service,No internet service,Month-to-month,Yes,Bank transfer (automatic),19.55,161.15,No,0-12,20.14375,1,0
Female,0,No,No,69,Yes,Yes,Fiber optic,No,No,Yes,Yes,Yes,Yes,Two year,No,Electronic check,104.0,7028.5,No,60+,101.8623188405797,6,1
Female,0,Yes,No,50,Yes,Yes,Fiber optic,Yes,No,Yes,No,Yes,Yes,One year,Yes,Mailed check,104.4,5232.9,No,49-60,104.658,6,1
Male,0,No,No,10,Yes,No,No,No internet service,No internet service,No internet service,No internet service,No internet service,No internet service,One year,No,Mailed check,19.5,225.85,No,0-12,22.585,1,0
Female,0,Yes,Yes,12,Yes,Yes,No,No internet service,No internet service,No internet service,No internet service,No internet service,No internet service,Two year,No,Credit card (automatic),25.25,274.7,No,0-12,22.891666666666666,2,0
Female,0,No,No,14,Yes,No,Fiber optic,No,Yes,No,No,No,Yes,Month-to-month,Yes,Electronic check,86.3,1180.95,Yes,13-24,84.35357142857143,3,1
Female,0,Yes,No,70,No,No phone service,DSL,Yes,No,Yes,Yes,No,Yes,Two year,Yes,Bank transfer (automatic),49.85,3370.2,No,60+,48.14571428571429,4,1
Female,1,No,No,64,Yes,Yes,Fiber optic,Yes,No,Yes,Yes,Yes,Yes,Month-to-month,Yes,Bank transfer (automatic),108.95,7111.3,No,60+,111.1140625,7,1
Female,0,Yes,Yes,66,Yes,Yes,DSL,Yes,Yes,Yes,Yes,Yes,Yes,Two year,No,Credit card (automatic),89.9,5958.85,No,60+,90.28560606060609,8,1
Female,0,Yes,Yes,71,Yes,No,DSL,Yes,No,Yes,Yes,Yes,Yes,Two year,Yes,Credit card (automatic),82.0,5999.85,No,60+,84.5049295774648,6,1
Male,1,No,No,20,Yes,No,Fiber optic,No,No,No,No,Yes,Yes,Month-to-month,No,Electronic check,89.95,1648.45,No,13-24,82.4225,3,1
Male,0,Yes,No,72,Yes,No,DSL,Yes,Yes,No,Yes,Yes,Yes,Two year,Yes,Bank transfer (automatic),79.35,5753.25,No,60+,79.90625,6,1
Female,0,Yes,Yes,71,Yes,No,DSL,Yes,Yes,Yes,Yes,No,No,Two year,No,Credit card (automatic),64.05,4492.9,No,60+,63.28028169014084,5,1
Male,0,Yes,Yes,38,Yes,Yes,Fiber optic,No,No,Yes,No,Yes,Yes,Month-to-month,Yes,Credit card (automatic),101.15,3956.7,No,25-48,104.1236842105263,5,1
Female,0,No,No,28,Yes,Yes,Fiber optic,No,Yes,No,No,No,Yes,Month-to-month,Yes,Electronic check,89.95,2625.55,Yes,25-48,93.76964285714288,4,1
Male,1,Yes,No,17,Yes,No,Fiber optic,No,Yes,No,No,No,No,Month-to-month,Yes,Electronic check,76.45,1233.4,Yes,13-24,72.5529411764706,2,1
Male,0,No,No,33,No,No phone service,DSL,No,Yes,No,No,Yes,No,One year,Yes,Electronic check,39.1,1309.0,No,25-48,39.66666666666666,2,1
Female,0,Yes,Yes,23,No,No phone service,DSL,Yes,No,No,Yes,No,No,Two year,No,Mailed check,34.6,813.45,No,13-24,35.36739130434783,2,1
Male,0,Yes,Yes,58,Yes,No,No,No internet service,No internet service,No internet service,No internet service,No internet service,No internet service,One year,Yes,Electronic check,19.55,1108.8,No,49-60,19.117241379310343,1,0
Female,1,Yes,No,70,Yes,Yes,Fiber optic,No,Yes,No,Yes,Yes,Yes,Two year,Yes,Bank transfer (automatic),104.45,7349.35,No,60+,104.99071428571428,6,1
Male,0,Yes,No,4,Yes,No,Fiber optic,No,No,No,No,No,No,Month-to-month,No,Electronic check,70.5,294.2,No,0-12,73.55,1,1
Male,0,Yes,Yes,45,Yes,No,No,No internet service,No internet service,No internet service,No internet service,No internet service,No internet service,Two year,No,Mailed check,20.35,929.2,No,25-48,20.64888888888889,1,0
Male,0,No,No,10,Yes,No,Fiber optic,No,No,No,No,No,No,Month-to-month,Yes,Electronic check,70.0,740.0,Yes,0-12,74.0,1,1
Male,0,Yes,Yes,36,Yes,No,No,No internet service,No internet service,No internet service,No internet service,No internet service,No internet service,Two year,No,Credit card (automatic),19.45,754.5,No,25-48,20.95833333333333,1,0
Male,0,No,No,54,Yes,No,DSL,Yes,Yes,No,Yes,Yes,No,Month-to-month,Yes,Mailed check,69.9,3883.3,No,49-60,71.91296296296296,5,1
Male,0,Yes,Yes,23,Yes,Yes,DSL,No,Yes,No,Yes,No,No,Two year,No,Mailed check,59.7,1414.2,No,13-24,61.48695652173913,4,1
Female,0,Yes,Yes,41,Yes,Yes,DSL,Yes,Yes,Yes,No,Yes,No,One year,Yes,Credit card (automatic),78.35,3211.2,No,25-48,78.32195121951219,6,1
Male,1,No,No,5,Yes,No,Fiber optic,No,No,No,No,No,No,Month-to-month,Yes,Mailed check,71.45,371.6,No,0-12,74.32000000000001,1,1
Male,0,Yes,Yes,27,No,No phone service,DSL,No,Yes,Yes,No,No,Yes,One year,Yes,Credit card (automatic),45.85,1246.4,No,25-48,46.162962962962965,3,1
Female,0,No,No,1,Yes,No,Fiber optic,No,No,No,Yes,Yes,Yes,Month-to-month,Yes,Electronic check,95.85,95.85,No,0-12,95.85,4,1
Female,0,Yes,Yes,67,No,No phone service,DSL,Yes,No,No,Yes,No,No,Two year,No,Credit card (automatic),35.7,2545.7,No,60+,37.9955223880597,2,1
Female,1,Yes,Yes,72,Yes,Yes,DSL,Yes,Yes,Yes,Yes,Yes,Yes,Two year,Yes,Credit card (automatic),89.55,6448.85,No,60+,89.56736111111111,8,1
Female,0,Yes,Yes,56,Yes,Yes,No,No internet service,No internet service,No internet service,No internet service,No internet service,No internet service,Two year,Yes,Credit card (automatic),24.95,1468.9,No,49-60,26.230357142857144,2,0
Male,0,Yes,Yes,44,Yes,Yes,No,No internet service,No internet service,No internet service,No internet service,No internet service,No internet service,One year,No,Electronic check,24.85,1013.6,No,25-48,23.036363636363635,2,0
Female,1,Yes,No,66,Yes,Yes,Fiber optic,No,Yes,No,No,Yes,Yes,Month-to-month,Yes,Electronic check,100.8,6690.75,No,60+,101.375,5,1
Female,0,No,No,34,Yes,Yes,DSL,Yes,Yes,No,Yes,No,No,One year,Yes,Mailed check,64.4,2088.75,Yes,25-48,61.43382352941177,5,1
Female,0,Yes,No,69,Yes,Yes,Fiber optic,No,No,Yes,Yes,Yes,Yes,Two year,No,Bank transfer (automatic),105.35,7240.65,No,60+,104.93695652173912,6,1
Female,0,Yes,Yes,1,Yes,Yes,Fiber optic,Yes,No,Yes,No,Yes,Yes,Month-to-month,Yes,Electronic check,102.45,102.45,Yes,0-12,102.45,6,1
Female,0,No,No,40,Yes,No,No,No internet service,No internet service,No internet service,No internet service,No internet service,No internet service,Two year,No,Credit card (automatic),19.65,830.25,No,25-48,20.75625,1,0
Male,0,Yes,Yes,30,Yes,Yes,DSL,Yes,No,No,No,No,No,Month-to-month,Yes,Bank transfer (automatic),54.45,1588.7,No,25-48,52.95666666666667,3,1
Female,0,No,No,11,Yes,No,DSL,No,No,No,Yes,Yes,Yes,Month-to-month,No,Mailed check,70.5,829.3,No,0-12,75.39090909090909,4,1
Female,0,No,No,15,Yes,No,No,No internet service,No internet service,No internet service,No internet service,No internet service,No internet service,One year,No,Credit card (automatic),20.1,302.45,No,13-24,20.16333333333333,1,0
Male,0,No,No,11,Yes,No,DSL,No,No,Yes,No,Yes,Yes,Month-to-month,Yes,Electronic check,69.35,712.25,No,0-12,64.75,4,1
Female,0,Yes,Yes,64,Yes,No,No,No internet service,No internet service,No internet service,No internet service,No internet service,No internet service,One year,No,Bank transfer (automatic),19.8,1336.65,No,60+,20.88515625,1,0
Male,1,Yes,No,72,Yes,No,DSL,Yes,Yes,Yes,Yes,Yes,No,Two year,No,Bank transfer (automatic),74.4,5360.75,No,60+,74.45486111111111,6,1
Male,1,Yes,No,72,Yes,Yes,Fiber optic,Yes,Yes,Yes,Yes,No,No,Two year,Yes,Bank transfer (automatic),93.05,6735.05,No,60+,93.54236111111112,6,1
Female,0,No,Yes,1,Yes,No,DSL,Yes,No,No,No,No,No,Month-to-month,No,Mailed check,51.2,51.2,No,0-12,51.2,2,1
Female,0,No,Yes,15,Yes,No,DSL,Yes,Yes,Yes,Yes,No,No,One year,No,Credit card (automatic),65.6,1010.0,No,13-24,67.33333333333333,5,1
Female,0,No,No,60,Yes,Yes,DSL,No,No,Yes,Yes,Yes,Yes,One year,No,Credit card (automatic),80.55,4847.05,No,49-60,80.78416666666666,6,1
Male,0,No,No,56,Yes,No,DSL,Yes,No,Yes,No,No,No,One year,No,Mailed check,52.7,3019.7,No,49-60,53.92321428571428,3,1
Female,0,No,No,8,Yes,No,No,No internet service,No internet service,No internet service,No internet service,No internet service,No internet service,Two year,No,Mailed check,20.85,161.65,No,0-12,20.20625,1,0
Female,0,No,No,3,Yes,No,Fiber optic,No,No,Yes,Yes,No,No,Month-to-month,No,Credit card (automatic),80.1,217.55,Yes,0-12,72.51666666666667,3,1
Female,0,Yes,No,49,Yes,Yes,DSL,No,No,No,No,No,No,Month-to-month,Yes,Credit card (automatic),52.15,2583.75,No,49-60,52.72959183673469,2,1
Female,0,No,No,2,Yes,No,Fiber optic,No,No,No,No,Yes,No,Month-to-month,Yes,Electronic check,80.2,146.05,Yes,0-12,73.025,2,1
Female,0,No,No,6,Yes,No,Fiber optic,Yes,Yes,Yes,Yes,No,Yes,Month-to-month,Yes,Bank transfer (automatic),98.15,567.45,Yes,0-12,94.575,6,1
Male,0,No,No,70,Yes,Yes,Fiber optic,Yes,Yes,Yes,Yes,Yes,Yes,Two year,Yes,Bank transfer (automatic),114.95,7711.25,No,60+,110.16071428571428,8,1
Male,0,No,No,12,Yes,Yes,Fiber optic,No,Yes,Yes,Yes,Yes,Yes,Month-to-month,Yes,Mailed check,112.95,1384.75,Yes,0-12,115.39583333333331,7,1
Male,1,Yes,No,52,Yes,No,Fiber optic,Yes,No,Yes,Yes,Yes,Yes,One year,Yes,Bank transfer (automatic),104.45,5481.25,No,49-60,105.40865384615384,6,1
Female,0,Yes,No,72,Yes,Yes,Fiber optic,Yes,Yes,Yes,Yes,Yes,Yes,Two year,Yes,Credit card (automatic),113.65,8124.2,No,60+,112.83611111111112,8,1
Female,0,No,No,40,Yes,No,No,No internet service,No internet service,No internet service,No internet service,No internet service,No internet service,Two year,Yes,Bank transfer (automatic),20.6,827.3,No,25-48,20.6825,1,0
Female,0,No,No,1,Yes,No,Fiber optic,No,No,No,No,No,No,Month-to-month,No,Mailed check,70.9,70.9,Yes,0-12,70.9,1,1
Female,1,No,No,3,Yes,No,Fiber optic,No,No,Yes,No,Yes,No,Month-to-month,Yes,Electronic check,86.85,220.95,Yes,0-12,73.64999999999999,3,1
Female,1,No,No,40,Yes,No,Fiber optic,No,No,No,No,Yes,Yes,Month-to-month,Yes,Electronic check,91.55,3673.6,No,25-48,91.84,3,1
Male,0,No,Yes,1,Yes,No,DSL,No,No,Yes,No,No,No,Month-to-month,Yes,Electronic check,49.85,49.85,No,0-12,49.85,2,1
Male,0,Yes,No,30,Yes,No,No,No internet service,No internet service,No internet service,No internet service,No internet service,No internet service,One year,No,Credit card (automatic),19.8,576.65,No,25-48,19.221666666666668,1,0
Male,0,Yes,Yes,23,Yes,No,Fiber optic,Yes,No,No,Yes,Yes,Yes,Month-to-month,Yes,Electronic check,99.85,2331.3,Yes,13-24,101.3608695652174,5,1
Male,0,Yes,Yes,1,Yes,Yes,Fiber optic,No,No,No,No,No,No,Month-to-month,Yes,Electronic check,74.5,74.5,Yes,0-12,74.5,2,1
Female,1,Yes,No,44,Yes,Yes,Fiber optic,No,No,Yes,Yes,Yes,Yes,Month-to-month,No,Electronic check,104.15,4495.65,No,25-48,102.17386363636363,6,1
Male,0,No,No,65,Yes,Yes,Fiber optic,No,Yes,Yes,Yes,Yes,Yes,Month-to-month,Yes,Electronic check,109.15,6941.2,Yes,60+,106.78769230769232,7,1
Female,1,No,No,7,Yes,No,DSL,Yes,No,No,No,No,No,Month-to-month,Yes,Electronic check,48.2,340.35,No,0-12,48.621428571428574,2,1
Male,1,No,No,72,Yes,Yes,No,No internet service,No internet service,No internet service,No internet service,No internet service,No internet service,Two year,Yes,Credit card (automatic),25.1,1789.9,No,60+,24.859722222222224,2,0
Female,1,No,No,8,Yes,Yes,Fiber optic,No,No,No,Yes,Yes,Yes,Month-to-month,Yes,Credit card (automatic),100.15,908.55,No,0-12,113.56875,5,1
Female,0,No,No,16,Yes,Yes,DSL,No,No,Yes,No,No,Yes,Month-to-month,Yes,Credit card (automatic),65.2,1043.35,Yes,13-24,65.209375,4,1
Male,1,Yes,Yes,66,Yes,Yes,Fiber optic,No,No,Yes,No,Yes,Yes,Month-to-month,Yes,Credit card (automatic),99.5,6822.15,Yes,60+,103.36590909090908,5,1
Male,0,No,No,1,Yes,No,Fiber optic,No,No,No,No,No,No,Month-to-month,Yes,Mailed check,71.55,71.55,Yes,0-12,71.55,1,1
Male,0,No,Yes,3,Yes,No,DSL,Yes,No,Yes,No,No,No,Month-to-month,No,Mailed check,55.9,157.55,No,0-12,52.51666666666667,3,1
Male,0,Yes,No,53,Yes,Yes,Fiber optic,Yes,No,Yes,No,No,Yes,Month-to-month,No,Electronic check,93.9,5029.2,Yes,49-60,94.89056603773584,5,1
Male,1,Yes,No,8,Yes,No,DSL,No,No,Yes,Yes,No,Yes,Month-to-month,Yes,Credit card (automatic),64.4,581.7,No,0-12,72.7125,4,1
Male,1,Yes,No,69,Yes,Yes,Fiber optic,No,Yes,Yes,Yes,Yes,Yes,Two year,Yes,Bank transfer (automatic),108.4,7318.2,Yes,60+,106.0608695652174,7,1
Female,0,No,No,5,Yes,No,Fiber optic,No,Yes,No,No,Yes,No,Month-to-month,Yes,Mailed check,85.3,420.45,No,0-12,84.09,3,1
Female,0,Yes,Yes,72,Yes,Yes,Fiber optic,Yes,No,Yes,Yes,Yes,Yes,Two year,No,Mailed check,107.45,7576.7,No,60+,105.23194444444444,7,1
Female,0,Yes,No,13,No,No phone service,DSL,No,No,Yes,No,Yes,Yes,Month-to-month,Yes,Bank transfer (automatic),48.75,633.4,Yes,13-24,48.72307692307693,3,1
Female,0,No,No,4,Yes,Yes,Fiber optic,No,No,No,No,Yes,No,Month-to-month,Yes,Electronic check,85.65,321.65,Yes,0-12,80.4125,3,1
Female,0,Yes,Yes,54,Yes,Yes,DSL,Yes,Yes,Yes,Yes,Yes,Yes,Two year,No,Credit card (automatic),91.3,4965.0,No,49-60,91.94444444444444,8,1
Male,0,Yes,No,72,Yes,Yes,DSL,No,Yes,Yes,Yes,Yes,Yes,Two year,No,Bank transfer (automatic),85.95,6151.9,No,60+,85.44305555555555,7,1
Male,0,No,No,12,Yes,Yes,Fiber optic,No,Yes,Yes,No,Yes,Yes,Month-to-month,Yes,Electronic check,106.7,1253.9,Yes,0-12,104.49166666666667,6,1
Male,0,No,No,1,No,No phone service,DSL,No,No,No,No,No,No,Month-to-month,Yes,Electronic check,25.15,25.15,Yes,0-12,25.15,0,1
Male,1,No,No,1,Yes,No,DSL,No,No,No,No,No,No,Month-to-month,No,Electronic check,45.2,45.2,No,0-12,45.2,1,1
Female,0,Yes,No,54,Yes,Yes,Fiber optic,No,Yes,Yes,Yes,Yes,Yes,One year,No,Electronic check,110.35,5893.15,Yes,49-60,109.1324074074074,7,1
Male,0,Yes,Yes,69,Yes,Yes,Fiber optic,No,No,Yes,No,No,No,Two year,Yes,Credit card (automatic),79.2,5420.65,No,60+,78.56014492753623,3,1
Female,0,No,No,48,Yes,No,DSL,Yes,Yes,No,No,No,No,Two year,No,Credit card (automatic),55.5,2627.35,No,25-48,54.73645833333333,3,1
Female,0,Yes,Yes,48,Yes,Yes,Fiber optic,Yes,Yes,No,No,Yes,Yes,One year,Yes,Credit card (automatic),103.25,5037.55,Yes,25-48,104.94895833333334,6,1
Female,0,Yes,No,8,Yes,Yes,Fiber optic,No,No,No,Yes,No,Yes,Month-to-month,Yes,Electronic check,90.25,743.75,No,0-12,92.96875,4,1
Male,0,Yes,Yes,71,Yes,Yes,DSL,Yes,Yes,Yes,Yes,Yes,Yes,Two year,Yes,Mailed check,91.25,6589.6,No,60+,92.8112676056338,8,1
Male,0,No,No,2,Yes,No,DSL,Yes,No,No,No,No,No,Month-to-month,Yes,Electronic check,47.8,92.45,Yes,0-12,46.225,2,1
Male,0,Yes,No,67,Yes,No,Fiber optic,Yes,Yes,No,No,Yes,Yes,One year,Yes,Credit card (automatic),100.9,6733.15,No,60+,100.494776119403,5,1
Male,0,Yes,Yes,34,Yes,Yes,Fiber optic,No,Yes,No,No,Yes,Yes,Month-to-month,Yes,Bank transfer (automatic),97.7,3410.0,No,25-48,100.29411764705884,5,1
Female,0,No,No,3,Yes,No,Fiber optic,No,No,No,No,No,No,Month-to-month,Yes,Electronic check,69.85,199.85,No,0-12,66.61666666666666,1,1
Female,0,Yes,Yes,9,Yes,No,DSL,No,Yes,No,Yes,Yes,No,One year,Yes,Mailed check,65.6,593.3,No,0-12,65.92222222222222,4,1
Male,0,Yes,Yes,71,Yes,No,Fiber optic,Yes,Yes,Yes,No,Yes,Yes,One year,Yes,Bank transfer (automatic),104.65,7288.4,No,60+,102.65352112676057,6,1
Male,0,No,No,57,Yes,Yes,Fiber optic,No,No,No,Yes,Yes,No,Two year,Yes,Credit card (automatic),90.45,5229.8,No,49-60,91.75087719298246,4,1
Male,0,No,No,72,No,No phone service,DSL,Yes,Yes,Yes,Yes,Yes,Yes,Two year,Yes,Bank transfer (automatic),63.7,4464.8,No,60+,62.01111111111111,6,1
Female,1,Yes,Yes,48,Yes,No,Fiber optic,Yes,No,Yes,Yes,Yes,Yes,Month-to-month,Yes,Electronic check,104.5,5068.05,No,25-48,105.584375,6,1
Male,0,No,No,18,Yes,No,No,No internet service,No internet service,No internet service,No internet service,No internet service,No internet service,One year,No,Mailed check,20.1,401.85,No,13-24,22.325000000000003,1,0
Male,0,Yes,Yes,43,Yes,Yes,Fiber optic,No,No,Yes,Yes,Yes,Yes,One year,Yes,Credit card (automatic),104.3,4451.85,No,25-48,103.53139534883722,6,1
Female,0,Yes,Yes,72,Yes,Yes,DSL,Yes,Yes,Yes,Yes,Yes,Yes,Two year,Yes,Bank transfer (automatic),93.25,6688.95,No,60+,92.90208333333334,8,1
Male,0,Yes,Yes,35,Yes,Yes,DSL,No,No,No,Yes,Yes,Yes,One year,Yes,Bank transfer (automatic),73.45,2661.1,No,25-48,76.03142857142856,5,1
Male,0,No,No,4,Yes,No,No,No internet service,No internet service,No internet service,No internet service,No internet service,No internet service,Month-to-month,No,Mailed check,20.7,73.05,No,0-12,18.2625,1,0
Female,0,Yes,Yes,49,Yes,Yes,No,No internet service,No internet service,No internet service,No internet service,No internet service,No internet service,Two year,No,Mailed check,25.25,1211.65,No,49-60,24.727551020408164,2,0
Female,0,Yes,Yes,71,Yes,Yes,Fiber optic,Yes,Yes,Yes,No,Yes,No,Two year,No,Bank transfer (automatic),100.5,7030.65,No,60+,99.02323943661972,6,1
Male,0,Yes,Yes,11,Yes,No,Fiber optic,No,No,No,No,Yes,Yes,Month-to-month,No,Electronic check,90.6,1020.2,No,0-12,92.74545454545456,3,1
Male,0,Yes,Yes,63,Yes,Yes,DSL,Yes,Yes,Yes,Yes,Yes,Yes,Two year,Yes,Credit card (automatic),89.4,5597.65,No,60+,88.8515873015873,8,1
Female,1,No,No,65,Yes,Yes,Fiber optic,No,Yes,Yes,No,Yes,No,Month-to-month,Yes,Bank transfer (automatic),95.45,6223.3,No,60+,95.74307692307691,5,1
Female,0,No,Yes,49,Yes,No,No,No internet service,No internet service,No internet service,No internet service,No internet service,No internet service,Two year,No,Credit card (automatic),20.45,1024.65,No,49-60,20.91122448979592,1,0
Female,0,No,No,29,Yes,Yes,Fiber optic,No,No,Yes,No,Yes,Yes,Month-to-month,Yes,Credit card (automatic),98.6,2933.2,Yes,25-48,101.14482758620689,5,1
Female,1,Yes,No,15,Yes,Yes,Fiber optic,No,No,Yes,Yes,No,No,Month-to-month,Yes,Electronic check,83.05,1258.3,Yes,13-24,83.88666666666667,4,1
Female,0,Yes,Yes,4,Yes,No,No,No internet service,No internet service,No internet service,No internet service,No internet service,No internet service,Month-to-month,Yes,Electronic check,19.95,82.9,No,0-12,20.725,1,0
Female,0,Yes,No,72,Yes,Yes,Fiber optic,No,Yes,Yes,Yes,Yes,Yes,One year,No,Credit card (automatic),109.15,7789.6,No,60+,108.1888888888889,7,1
Female,1,Yes,No,26,Yes,No,Fiber optic,No,No,Yes,No,Yes,No,Month-to-month,Yes,Credit card (automatic),85.7,2067.0,No,25-48,79.5,3,1
Female,1,Yes,No,35,Yes,Yes,Fiber optic,No,No,Yes,No,Yes,Yes,Month-to-month,No,Bank transfer (automatic),102.05,3452.55,No,25-48,98.64428571428572,5,1
Female,0,No,No,57,Yes,Yes,Fiber optic,No,Yes,No,Yes,No,Yes,One year,No,Electronic check,94.7,5468.95,No,49-60,95.94649122807016,5,1
Male,0,Yes,Yes,28,Yes,Yes,DSL,No,Yes,No,No,No,Yes,Month-to-month,No,Electronic check,64.4,1802.15,No,25-48,64.3625,4,1
Female,0,Yes,No,25,Yes,Yes,No,No internet service,No internet service,No internet service,No internet service,No internet service,No internet service,One year,Yes,Mailed check,26.8,733.55,No,25-48,29.342,2,0
Female,0,Yes,No,47,Yes,No,DSL,Yes,No,Yes,No,Yes,No,One year,Yes,Credit card (automatic),66.05,3021.45,No,25-48,64.28617021276595,4,1
Female,0,Yes,Yes,57,Yes,Yes,DSL,Yes,Yes,No,Yes,No,No,Month-to-month,No,Bank transfer (automatic),65.2,3687.85,No,49-60,64.69912280701755,5,1
Male,1,Yes,No,16,Yes,Yes,Fiber optic,No,No,No,No,Yes,No,Month-to-month,Yes,Credit card (automatic),85.05,1391.15,No,13-24,86.946875,3,1
Male,0,No,No,5,Yes,No,DSL,Yes,No,Yes,No,No,No,Month-to-month,Yes,Mailed check,55.8,274.35,No,0-12,54.870000000000005,3,1
Male,0,Yes,No,17,Yes,No,Fiber optic,No,No,No,No,No,No,Month-to-month,Yes,Bank transfer (automatic),70.4,1214.05,Yes,13-24,71.41470588235293,1,1
Female,1,No,No,56,Yes,Yes,Fiber optic,No,Yes,Yes,No,Yes,Yes,One year,Yes,Bank transfer (automatic),104.75,5510.65,Yes,49-60,98.40446428571428,6,1
Male,0,Yes,Yes,72,Yes,No,No,No internet service,No internet service,No internet service,No internet service,No internet service,No internet service,Two year,No,Bank transfer (automatic),19.95,1322.85,No,60+,18.372916666666665,1,0
Female,1,No,No,21,Yes,Yes,Fiber optic,No,No,No,No,Yes,Yes,Month-to-month,Yes,Electronic check,94.25,1973.75,Yes,13-24,93.98809523809524,4,1
Female,0,Yes,Yes,48,No,No phone service,DSL,Yes,No,Yes,No,No,Yes,One year,No,Credit card (automatic),45.0,2196.3,No,25-48,45.75625,3,1
Female,0,Yes,No,68,Yes,Yes,Fiber optic,Yes,Yes,Yes,Yes,Yes,Yes,Two year,No,Bank transfer (automatic),114.9,7843.55,No,60+,115.34632352941176,8,1
Female,0,No,No,30,Yes,Yes,Fiber optic,Yes,No,No,Yes,Yes,Yes,Month-to-month,No,Bank transfer (automatic),106.4,3211.9,No,25-48,107.06333333333332,6,1
Female,0,Yes,No,3,Yes,No,DSL,No,No,No,No,No,No,Month-to-month,Yes,Mailed check,46.1,130.15,No,0-12,43.38333333333333,1,1
Female,1,No,No,14,No,No phone service,DSL,Yes,No,Yes,Yes,No,No,Two year,No,Mailed check,39.7,692.35,No,13-24,49.45357142857143,3,1
Female,0,No,Yes,4,Yes,No,No,No internet service,No internet service,No internet service,No internet service,No internet service,No internet service,Month-to-month,Yes,Bank transfer (automatic),20.05,85.5,No,0-12,21.375,1,0
Female,0,Yes,Yes,71,Yes,Yes,Fiber optic,No,Yes,Yes,No,No,Yes,Two year,Yes,Credit card (automatic),95.75,6849.4,No,60+,96.47042253521126,5,1
Male,0,Yes,Yes,8,Yes,Yes,No,No internet service,No internet service,No internet service,No internet service,No internet service,No internet service,One year,No,Mailed check,24.4,203.95,No,0-12,25.49375,2,0
Male,0,Yes,Yes,61,No,No phone service,DSL,Yes,No,Yes,No,No,No,Month-to-month,No,Bank transfer (automatic),33.6,2117.2,No,60+,34.708196721311474,2,1
Male,0,Yes,Yes,72,Yes,Yes,Fiber optic,No,Yes,Yes,Yes,No,No,Two year,No,Bank transfer (automatic),90.45,6565.85,No,60+,91.19236111111113,5,1
Female,0,No,No,5,Yes,Yes,Fiber optic,No,No,No,No,Yes,No,Month-to-month,Yes,Electronic check,84.0,424.75,No,0-12,84.95,3,1
Female,0,No,No,49,Yes,No,DSL,Yes,Yes,Yes,Yes,No,No,Two year,No,Bank transfer (automatic),67.4,3306.85,No,49-60,67.48673469387755,5,1
Male,0,No,No,8,Yes,No,No,No internet service,No internet service,No internet service,No internet service,No internet service,No internet service,Month-to-month,Yes,Bank transfer (automatic),19.7,168.9,No,0-12,21.1125,1,0
Male,0,No,No,3,Yes,No,Fiber optic,No,No,No,No,No,Yes,Month-to-month,Yes,Electronic check,80.35,253.8,No,0-12,84.60000000000001,2,1
Male,0,Yes,Yes,9,Yes,No,No,No internet service,No internet service,No internet service,No internet service,No internet service,No internet service,Two year,No,Mailed check,19.6,197.4,No,0-12,21.933333333333334,1,0
Male,0,Yes,Yes,67,Yes,No,DSL,Yes,Yes,No,No,No,No,Two year,Yes,Bank transfer (automatic),54.2,3838.2,No,60+,57.286567164179104,3,1
Male,0,No,No,46,Yes,No,DSL,No,No,No,No,No,No,Month-to-month,Yes,Credit card (automatic),45.2,2065.15,No,25-48,44.8945652173913,1,1
Female,0,Yes,No,67,Yes,Yes,DSL,Yes,Yes,Yes,No,No,Yes,One year,No,Mailed check,75.1,5064.45,No,60+,75.58880597014925,6,1
Female,0,Yes,No,55,Yes,No,No,No internet service,No internet service,No internet service,No internet service,No internet service,No internet service,One year,No,Electronic check,19.7,1140.05,No,49-60,20.728181818181817,1,0
Male,0,Yes,No,33,Yes,Yes,DSL,Yes,Yes,Yes,No,Yes,No,Month-to-month,Yes,Bank transfer (automatic),72.75,2447.45,No,25-48,74.1651515151515,6,1
Male,0,Yes,Yes,62,Yes,No,No,No internet service,No internet service,No internet service,No internet service,No internet service,No internet service,Two year,No,Credit card (automatic),20.05,1263.9,No,60+,20.385483870967743,1,0
Female,0,No,Yes,1,Yes,No,DSL,No,No,No,No,No,No,Month-to-month,No,Mailed check,45.95,45.95,Yes,0-12,45.95,1,1
Male,0,Yes,Yes,49,No,No phone service,DSL,Yes,No,No,No,No,Yes,Month-to-month,Yes,Electronic check,39.2,1838.15,No,49-60,37.51326530612245,2,1
Male,0,No,No,1,Yes,No,DSL,No,No,No,No,No,No,Month-to-month,Yes,Electronic check,44.75,44.75,No,0-12,44.75,1,1
Male,0,Yes,No,14,Yes,Yes,Fiber optic,No,Yes,Yes,No,No,No,Month-to-month,Yes,Electronic check,82.65,1185.0,No,13-24,84.64285714285714,4,1
Male,1,No,No,18,Yes,Yes,Fiber optic,No,No,Yes,Yes,Yes,No,Month-to-month,No,Bank transfer (automatic),93.9,1743.9,No,13-24,96.88333333333334,5,1
Female,1,No,No,1,Yes,No,Fiber optic,No,No,No,No,No,No,Month-to-month,Yes,Electronic check,70.15,70.15,Yes,0-12,70.15,1,1
Female,0,No,No,1,Yes,No,Fiber optic,No,No,Yes,No,Yes,No,Month-to-month,Yes,Credit card (automatic),85.55,85.55,Yes,0-12,85.55,3,1
Female,0,Yes,No,72,Yes,Yes,Fiber optic,Yes,Yes,Yes,Yes,Yes,Yes,Two year,Yes,Credit card (automatic),117.15,8529.5,No,60+,118.46527777777776,8,1
Male,0,No,No,64,Yes,Yes,Fiber optic,Yes,No,Yes,Yes,No,Yes,Two year,No,Credit card (automatic),99.25,6549.45,No,60+,102.33515625,6,1
Male,0,Yes,No,69,Yes,Yes,Fiber optic,Yes,Yes,Yes,Yes,Yes,Yes,Two year,Yes,Bank transfer (automatic),112.55,7806.5,No,60+,113.1376811594203,8,1
Female,0,No,No,1,Yes,Yes,No,No internet service,No internet service,No internet service,No internet service,No internet service,No internet service,Month-to-month,Yes,Electronic check,25.7,25.7,No,0-12,25.7,2,0
Male,0,Yes,Yes,71,Yes,Yes,DSL,Yes,Yes,Yes,Yes,Yes,Yes,Two year,No,Credit card (automatic),90.3,6287.3,No,60+,88.55352112676057,8,1
Female,0,Yes,Yes,66,Yes,No,DSL,No,No,No,Yes,No,No,One year,Yes,Credit card (automatic),49.4,3251.85,No,60+,49.27045454545454,2,1
Male,0,No,No,2,Yes,No,No,No internet service,No internet service,No internet service,No internet service,No internet service,No internet service,Month-to-month,No,Mailed check,19.4,50.6,No,0-12,25.3,1,0
Female,1,Yes,No,71,Yes,No,Fiber optic,Yes,Yes,Yes,Yes,Yes,Yes,Two year,Yes,Bank transfer (automatic),109.7,7904.25,No,60+,111.3274647887324,7,1
Male,0,No,No,11,Yes,No,DSL,No,Yes,No,No,Yes,No,One year,Yes,Electronic check,61.25,729.95,No,0-12,66.35909090909091,3,1
Male,0,No,Yes,47,Yes,No,DSL,Yes,Yes,No,No,No,No,Month-to-month,Yes,Electronic check,55.3,2654.05,No,25-48,56.46914893617021,3,1
Female,0,Yes,No,35,Yes,No,Fiber optic,No,No,No,No,No,No,Month-to-month,Yes,Electronic check,70.3,2416.55,Yes,25-48,69.04428571428572,1,1
Male,1,Yes,No,32,Yes,Yes,Fiber optic,No,Yes,Yes,No,Yes,Yes,Month-to-month,No,Bank transfer (automatic),106.35,3520.75,Yes,25-48,110.0234375,6,1
Male,0,Yes,Yes,60,Yes,Yes,Fiber optic,No,Yes,No,Yes,Yes,Yes,Month-to-month,Yes,Bank transfer (automatic),103.75,5969.95,No,49-60,99.49916666666668,6,1
Male,0,No,No,11,Yes,No,No,No internet service,No internet service,No internet service,No internet service,No internet service,No internet service,One year,No,Mailed check,19.5,226.8,No,0-12,20.61818181818182,1,0
Female,0,No,No,29,No,No phone service,DSL,Yes,Yes,No,Yes,No,No,One year,No,Credit card (automatic),39.5,1082.75,No,25-48,37.33620689655172,3,1
Male,0,Yes,Yes,21,No,No phone service,DSL,No,No,No,No,No,No,Month-to-month,Yes,Electronic check,26.05,565.75,No,13-24,26.94047619047619,0,1
Male,1,Yes,No,48,Yes,Yes,Fiber optic,No,No,Yes,No,No,Yes,Month-to-month,Yes,Credit card (automatic),91.05,4370.75,No,25-48,91.05729166666669,4,1
Female,0,No,Yes,3,No,No phone service,DSL,No,Yes,No,No,No,No,Month-to-month,No,Mailed check,29.65,90.05,No,0-12,30.016666666666666,1,1
Female,0,Yes,Yes,43,Yes,No,DSL,No,Yes,No,No,No,No,Month-to-month,No,Mailed check,50.2,2169.4,No,25-48,50.45116279069768,2,1
Male,0,No,No,5,Yes,Yes,Fiber optic,No,Yes,Yes,No,Yes,Yes,Month-to-month,No,Electronic check,105.3,550.6,No,0-12,110.12,6,1
Female,0,No,No,1,Yes,No,DSL,No,No,No,No,No,Yes,Month-to-month,Yes,Electronic check,55.45,55.45,No,0-12,55.45,2,1
Male,0,Yes,Yes,71,Yes,Yes,DSL,Yes,No,Yes,Yes,Yes,Yes,One year,No,Electronic check,85.45,6300.85,No,60+,88.7443661971831,7,1
Female,0,Yes,Yes,8,Yes,No,No,No internet service,No internet service,No internet service,No internet service,No internet service,No internet service,One year,No,Electronic check,19.8,160.05,No,0-12,20.00625,1,0
Male,0,No,No,8,Yes,Yes,DSL,No,No,No,No,Yes,No,Month-to-month,Yes,Electronic check,59.25,436.6,No,0-12,54.575,3,1
Male,0,No,No,20,Yes,Yes,Fiber optic,No,No,Yes,No,Yes,No,Month-to-month,Yes,Credit card (automatic),90.7,1781.35,No,13-24,89.0675,4,1
Female,0,Yes,Yes,33,Yes,Yes,Fiber optic,Yes,No,Yes,No,Yes,Yes,One year,Yes,Mailed check,103.7,3467.0,Yes,25-48,105.06060606060606,6,1
Male,0,No,No,71,Yes,Yes,Fiber optic,No,Yes,No,No,No,No,One year,Yes,Credit card (automatic),79.05,5552.5,No,60+,78.20422535211267,3,1
Female,1,Yes,No,31,Yes,Yes,Fiber optic,No,No,Yes,No,Yes,No,One year,Yes,Electronic check,90.7,2835.5,No,25-48,91.46774193548389,4,1
Female,1,Yes,No,38,Yes,Yes,Fiber optic,Yes,Yes,No,No,No,Yes,One year,No,Credit card (automatic),95.0,3591.25,No,25-48,94.50657894736842,5,1
Male,0,No,No,1,Yes,No,Fiber optic,No,No,No,No,Yes,Yes,Month-to-month,Yes,Electronic check,88.35,88.35,Yes,0-12,88.35,3,1
Female,0,Yes,Yes,2,No,No phone service,DSL,No,Yes,No,No,No,No,Month-to-month,Yes,Mailed check,30.25,63.75,No,0-12,31.875,1,1
Female,0,Yes,No,12,No,No phone service,DSL,No,No,Yes,No,Yes,Yes,Month-to-month,Yes,Bank transfer (automatic),49.85,617.15,No,0-12,51.42916666666667,3,1
Female,0,No,Yes,9,Yes,No,Fiber optic,Yes,No,Yes,Yes,No,Yes,Month-to-month,No,Bank transfer (automatic),93.0,870.25,No,0-12,96.69444444444444,5,1
Male,1,No,Yes,11,Yes,No,DSL,No,Yes,No,Yes,No,No,Month-to-month,Yes,Electronic check,54.55,601.25,No,0-12,54.65909090909091,3,1
Male,0,No,Yes,6,Yes,No,No,No internet service,No internet service,No internet service,No internet service,No internet service,No internet service,Month-to-month,No,Mailed check,19.7,111.65,No,0-12,18.60833333333333,1,0
Female,0,Yes,No,71,Yes,No,DSL,Yes,Yes,Yes,Yes,Yes,Yes,One year,Yes,Bank transfer (automatic),84.8,6046.1,No,60+,85.15633802816902,7,1
Female,0,Yes,Yes,42,Yes,Yes,Fiber optic,Yes,Yes,No,No,Yes,No,One year,Yes,Credit card (automatic),94.45,3923.8,No,25-48,93.42380952380952,5,1
Female,0,Yes,Yes,8,Yes,No,Fiber optic,No,No,Yes,No,Yes,Yes,Month-to-month,Yes,Electronic check,94.2,777.3,Yes,0-12,97.1625,4,1
Female,0,No,No,5,Yes,No,Fiber optic,No,Yes,No,No,Yes,Yes,Month-to-month,Yes,Electronic check,96.25,512.45,Yes,0-12,102.49,4,1
Female,0,Yes,No,2,Yes,No,Fiber optic,No,No,No,No,No,No,Month-to-month,Yes,Electronic check,70.7,141.45,Yes,0-12,70.725,1,1
Female,0,Yes,Yes,45,Yes,No,No,No internet service,No internet service,No internet service,No internet service,No internet service,No internet service,Two year,No,Mailed check,20.85,892.15,No,25-48,19.82555555555556,1,0
Male,0,Yes,Yes,28,No,No phone service,DSL,No,Yes,Yes,Yes,Yes,Yes,One year,Yes,Credit card (automatic),60.0,1682.05,No,25-48,60.073214285714286,5,1
Female,0,Yes,No,43,Yes,Yes,Fiber optic,No,Yes,No,No,No,No,Month-to-month,No,Electronic check,80.45,3398.9,No,25-48,79.04418604651163,3,1
Male,0,No,Yes,60,Yes,Yes,DSL,Yes,No,Yes,Yes,Yes,Yes,Two year,Yes,Electronic check,84.95,4984.85,No,49-60,83.08083333333335,7,1
Female,0,Yes,No,42,No,No phone service,DSL,No,Yes,No,Yes,No,No,One year,No,Mailed check,33.55,1445.3,Yes,25-48,34.41190476190476,2,1
Male,0,Yes,Yes,7,No,No phone service,DSL,Yes,No,Yes,Yes,No,Yes,Two year,No,Credit card (automatic),49.65,305.55,No,0-12,43.65,4,1
Female,0,Yes,No,25,Yes,No,No,No internet service,No internet service,No internet service,No internet service,No internet service,No internet service,One year,Yes,Bank transfer (automatic),20.2,507.9,No,25-48,20.316,1,0
Female,1,Yes,Yes,40,Yes,Yes,Fiber optic,No,No,No,No,Yes,Yes,Month-to-month,Yes,Credit card (automatic),94.55,3640.45,Yes,25-48,91.01125,4,1
Male,0,No,No,27,Yes,Yes,Fiber optic,No,No,Yes,No,Yes,Yes,One year,Yes,Bank transfer (automatic),100.5,2673.45,No,25-48,99.01666666666668,5,1
Male,0,No,No,10,No,No phone service,DSL,No,Yes,No,Yes,No,No,Month-to-month,No,Electronic check,35.75,389.8,No,0-12,38.98,2,1
Female,1,No,No,27,Yes,Yes,Fiber optic,No,Yes,Yes,No,No,No,Month-to-month,Yes,Bank transfer (automatic),86.45,2401.05,No,25-48,88.92777777777779,4,1
Female,0,No,No,11,Yes,No,DSL,No,No,Yes,Yes,No,No,One year,No,Bank transfer (automatic),53.8,651.55,No,0-12,59.23181818181818,3,1
Male,0,Yes,Yes,4,No,No phone service,DSL,Yes,No,No,No,Yes,No,Month-to-month,No,Credit card (automatic),38.55,156.1,No,0-12,39.025,2,1
Male,0,No,No,68,No,No phone service,DSL,No,No,Yes,No,No,Yes,Month-to-month,Yes,Bank transfer (automatic),39.9,2796.35,No,60+,41.12279411764706,2,1
Male,1,No,No,1,Yes,No,Fiber optic,No,No,No,No,No,No,Month-to-month,Yes,Electronic check,70.05,70.05,No,0-12,70.05,1,1
Female,0,No,No,18,Yes,No,No,No internet service,No internet service,No internet service,No internet service,No internet service,No internet service,One year,No,Mailed check,20.1,407.05,No,13-24,22.61388888888889,1,0
Female,0,No,No,57,Yes,Yes,Fiber optic,Yes,Yes,Yes,No,Yes,Yes,Two year,Yes,Bank transfer (automatic),112.95,6465.0,Yes,49-60,113.42105263157896,7,1
Male,0,No,No,26,Yes,No,No,No internet service,No internet service,No internet service,No internet service,No internet service,No internet service,Month-to-month,Yes,Electronic check,20.3,511.25,No,25-48,19.66346153846154,1,0
Female,0,Yes,No,17,No,No phone service,DSL,No,Yes,Yes,No,No,No,Month-to-month,Yes,Credit card (automatic),35.65,646.05,No,13-24,38.002941176470586,2,1
Male,0,No,No,1,No,No phone service,DSL,No,No,No,No,No,Yes,Month-to-month,No,Electronic check,35.9,35.9,Yes,0-12,35.9,1,1
Male,0,No,Yes,38,Yes,Yes,Fiber optic,No,No,Yes,No,Yes,Yes,Month-to-month,Yes,Bank transfer (automatic),99.25,3777.15,Yes,25-48,99.39868421052633,5,1
Male,1,Yes,No,59,Yes,No,Fiber optic,Yes,Yes,Yes,No,No,No,One year,Yes,Credit card (automatic),82.95,4903.15,No,49-60,83.1042372881356,4,1
Male,0,No,No,30,Yes,No,DSL,Yes,No,Yes,No,No,No,Two year,Yes,Mailed check,55.65,1653.85,No,25-48,55.12833333333333,3,1
Male,1,No,No,2,No,No phone service,DSL,No,No,No,No,No,No,Month-to-month,Yes,Mailed check,24.45,47.5,Yes,0-12,23.75,0,1
Female,1,Yes,No,50,Yes,Yes,No,No internet service,No internet service,No internet service,No internet service,No internet service,No internet service,One year,No,Electronic check,25.2,1306.3,No,49-60,26.126,2,0
Male,0,No,No,9,No,No phone service,DSL,Yes,No,Yes,Yes,No,Yes,One year,No,Mailed check,50.8,463.6,No,0-12,51.51111111111111,4,1
Female,0,Yes,Yes,3,Yes,No,No,No internet service,No internet service,No internet service,No internet service,No internet service,No internet service,Month-to-month,No,Mailed check,19.65,60.65,No,0-12,20.216666666666665,1,0
Female,0,No,Yes,14,Yes,No,DSL,No,No,Yes,No,Yes,No,Month-to-month,Yes,Credit card (automatic),59.8,824.85,No,13-24,58.91785714285714,3,1
Female,1,No,No,31,Yes,No,Fiber optic,Yes,No,No,No,No,No,Month-to-month,Yes,Credit card (automatic),73.55,2094.65,No,25-48,67.56935483870969,2,1
Female,0,No,No,7,Yes,No,DSL,Yes,Yes,Yes,No,No,No,Month-to-month,No,Electronic check,61.4,438.9,No,0-12,62.7,4,1
Female,0,No,No,8,Yes,Yes,Fiber optic,Yes,No,No,Yes,Yes,Yes,Month-to-month,Yes,Bank transfer (automatic),103.35,847.3,Yes,0-12,105.9125,6,1
Male,0,Yes,Yes,17,Yes,No,No,No internet service,No internet service,No internet service,No internet service,No internet service,No internet service,One year,No,Bank transfer (automatic),19.9,329.75,No,13-24,19.397058823529413,1,0
Male,0,Yes,Yes,32,Yes,No,No,No internet service,No internet service,No internet service,No internet service,No internet service,No internet service,Month-to-month,Yes,Credit card (automatic),19.45,674.55,No,25-48,21.0796875,1,0
Female,1,No,No,2,Yes,No,Fiber optic,No,No,No,No,Yes,No,Month-to-month,No,Mailed check,81.5,162.55,No,0-12,81.275,2,1
Male,1,No,No,7,Yes,Yes,Fiber optic,No,No,No,No,Yes,No,Month-to-month,Yes,Electronic check,84.8,546.95,Yes,0-12,78.13571428571429,3,1
Female,0,Yes,Yes,72,Yes,Yes,Fiber optic,Yes,Yes,Yes,No,Yes,Yes,Two year,No,Credit card (automatic),109.55,7887.25,No,60+,109.54513888888889,7,1
Female,1,No,No,31,Yes,Yes,Fiber optic,No,Yes,No,No,Yes,Yes,Month-to-month,Yes,Electronic check,99.95,3186.65,Yes,25-48,102.79516129032258,5,1
Female,0,Yes,Yes,27,Yes,No,Fiber optic,Yes,No,No,No,No,No,Month-to-month,No,Mailed check,74.4,1972.35,No,25-48,73.05,2,1
Female,0,No,No,18,Yes,Yes,Fiber optic,No,Yes,No,No,Yes,No,Month-to-month,Yes,Credit card (automatic),90.0,1527.35,Yes,13-24,84.85277777777777,4,1
Male,0,No,No,7,Yes,No,Fiber optic,No,No,Yes,No,No,No,Month-to-month,Yes,Electronic check,74.9,490.55,No,0-12,70.07857142857144,2,1
Female,1,No,No,14,Yes,Yes,Fiber optic,No,Yes,Yes,No,Yes,Yes,Month-to-month,Yes,Electronic check,104.85,1531.4,Yes,13-24,109.38571428571429,6,1
Male,0,Yes,Yes,11,Yes,No,DSL,No,No,Yes,No,Yes,No,Month-to-month,Yes,Bank transfer (automatic),59.65,683.25,No,0-12,62.11363636363637,3,1
Female,0,Yes,Yes,72,Yes,Yes,Fiber optic,Yes,No,Yes,Yes,Yes,Yes,Two year,Yes,Bank transfer (automatic),110.45,8058.85,No,60+,111.92847222222224,7,1
Male,0,Yes,Yes,28,Yes,Yes,Fiber optic,Yes,Yes,No,No,Yes,Yes,One year,No,Electronic check,106.1,2847.4,Yes,25-48,101.69285714285716,6,1
Male,1,No,No,15,Yes,Yes,Fiber optic,No,No,No,No,No,No,Month-to-month,Yes,Credit card (automatic),74.2,1133.9,Yes,13-24,75.59333333333333,2,1
Female,1,No,No,4,Yes,Yes,Fiber optic,No,No,No,No,No,No,Month-to-month,Yes,Electronic check,74.45,294.45,No,0-12,73.6125,2,1
Female,0,No,No,71,Yes,Yes,No,No internet service,No internet service,No internet service,No internet service,No internet service,No internet service,Two year,No,Electronic check,24.55,1719.15,No,60+,24.213380281690142,2,0
Female,0,No,No,5,Yes,No,Fiber optic,No,Yes,No,Yes,No,Yes,Month-to-month,Yes,Electronic check,89.35,461.7,Yes,0-12,92.34,4,1
Male,0,Yes,Yes,47,Yes,Yes,No,No internet service,No internet service,No internet service,No internet service,No internet service,No internet service,Two year,No,Mailed check,24.55,1160.45,No,25-48,24.690425531914894,2,0
Male,1,Yes,No,57,Yes,No,Fiber optic,No,Yes,Yes,No,Yes,No,One year,Yes,Electronic check,90.65,5199.8,No,49-60,91.22456140350876,4,1
Male,1,Yes,No,50,Yes,Yes,Fiber optic,Yes,No,Yes,No,Yes,Yes,Two year,Yes,Credit card (automatic),105.05,5163.3,No,49-60,103.266,6,1
Male,0,No,No,8,Yes,No,No,No internet service,No internet service,No internet service,No internet service,No internet service,No internet service,Month-to-month,Yes,Credit card (automatic),20.45,162.3,No,0-12,20.2875,1,0
Female,0,Yes,Yes,48,Yes,No,No,No internet service,No internet service,No internet service,No internet service,No internet service,No internet service,Two year,No,Mailed check,19.55,883.35,No,25-48,18.403125,1,0
Female,0,No,No,70,Yes,No,No,No internet service,No internet service,No internet service,No internet service,No internet service,No internet service,One year,No,Bank transfer (automatic),19.7,1341.5,No,60+,19.164285714285715,1,0
Male,0,No,Yes,1,Yes,No,DSL,Yes,Yes,No,Yes,No,Yes,Month-to-month,Yes,Bank transfer (automatic),70.45,70.45,No,0-12,70.45,5,1
Male,0,Yes,No,8,Yes,Yes,Fiber optic,No,No,No,No,No,Yes,Month-to-month,Yes,Bank transfer (automatic),85.65,659.45,No,0-12,82.43125,3,1
Female,0,No,No,1,Yes,Yes,Fiber optic,No,No,No,No,No,No,Month-to-month,Yes,Electronic check,77.15,77.15,Yes,0-12,77.15,2,1
Male,0,No,No,1,No,No phone service,DSL,No,No,No,No,No,Yes,Month-to-month,Yes,Bank transfer (automatic),35.25,35.25,Yes,0-12,35.25,1,1
Male,0,Yes,Yes,60,Yes,No,No,No internet service,No internet service,No internet service,No internet service,No internet service,No internet service,Two year,No,Mailed check,20.55,1205.05,No,49-60,20.084166666666665,1,0
Male,0,Yes,Yes,49,Yes,Yes,Fiber optic,No,No,No,Yes,Yes,Yes,One year,Yes,Electronic check,97.95,4917.9,No,49-60,100.36530612244896,5,1
Male,0,Yes,No,4,No,No phone service,DSL,No,Yes,No,No,Yes,Yes,Month-to-month,Yes,Electronic check,48.55,201.0,Yes,0-12,50.25,3,1
Female,0,No,No,29,Yes,No,No,No internet service,No internet service,No internet service,No internet service,No internet service,No internet service,One year,No,Mailed check,20.0,599.3,No,25-48,20.66551724137931,1,0
Female,0,Yes,No,67,Yes,Yes,No,No internet service,No internet service,No internet service,No internet service,No internet service,No internet service,Two year,Yes,Credit card (automatic),25.25,1733.15,No,60+,25.867910447761197,2,0
Female,0,Yes,No,53,Yes,Yes,Fiber optic,No,Yes,No,No,Yes,Yes,Month-to-month,Yes,Credit card (automatic),98.4,5149.5,Yes,49-60,97.16037735849056,5,1
Male,0,Yes,No,67,Yes,Yes,DSL,Yes,Yes,Yes,Yes,No,No,Two year,No,Credit card (automatic),70.9,4677.1,No,60+,69.80746268656716,6,1
Female,0,Yes,Yes,6,Yes,No,No,No internet service,No internet service,No internet service,No internet service,No internet service,No internet service,Month-to-month,No,Mailed check,19.85,119.3,No,0-12,19.883333333333333,1,0
Female,0,No,No,47,Yes,Yes,Fiber optic,No,Yes,Yes,No,Yes,Yes,Month-to-month,Yes,Electronic check,106.35,4849.1,No,25-48,103.17234042553191,6,1
Female,0,No,No,53,Yes,No,Fiber optic,Yes,Yes,Yes,Yes,No,Yes,Two year,No,Mailed check,99.5,5424.25,No,49-60,102.34433962264151,6,1
Male,0,Yes,No,69,Yes,No,DSL,Yes,Yes,Yes,Yes,Yes,Yes,Two year,Yes,Mailed check,84.7,5878.9,No,60+,85.20144927536231,7,1
Male,0,No,No,3,Yes,No,Fiber optic,Yes,No,No,No,No,Yes,Month-to-month,Yes,Mailed check,86.05,244.85,No,0-12,81.61666666666666,3,1
Male,0,No,No,4,Yes,No,DSL,No,No,No,No,No,No,Month-to-month,No,Mailed check,44.55,220.75,No,0-12,55.1875,1,1
Male,0,Yes,Yes,56,Yes,Yes,DSL,Yes,Yes,No,Yes,No,Yes,Two year,Yes,Credit card (automatic),75.85,4261.2,No,49-60,76.09285714285714,6,1
Male,1,Yes,No,59,Yes,Yes,Fiber optic,No,No,No,No,Yes,Yes,Month-to-month,Yes,Bank transfer (automatic),93.85,5574.75,Yes,49-60,94.48728813559322,4,1
Male,1,Yes,No,61,Yes,Yes,No,No internet service,No internet service,No internet service,No internet service,No internet service,No internet service,Two year,No,Bank transfer (automatic),25.0,1501.75,No,60+,24.618852459016395,2,0
Female,0,Yes,No,2,Yes,No,DSL,No,No,No,No,No,No,Month-to-month,Yes,Electronic check,45.0,89.75,No,0-12,44.875,1,1
Male,1,Yes,Yes,46,Yes,Yes,Fiber optic,Yes,Yes,Yes,No,Yes,No,Month-to-month,Yes,Electronic check,100.7,4541.2,Yes,25-48,98.72173913043478,6,1
Male,0,Yes,Yes,12,Yes,No,No,No internet service,No internet service,No internet service,No internet service,No internet service,No internet service,Month-to-month,No,Mailed check,20.5,255.5,No,0-12,21.291666666666668,1,0
Female,0,No,No,14,Yes,Yes,Fiber optic,No,No,Yes,No,No,No,Month-to-month,Yes,Electronic check,80.45,1072.0,Yes,13-24,76.57142857142857,3,1
Female,0,Yes,Yes,28,Yes,Yes,Fiber optic,No,No,No,Yes,No,Yes,One year,Yes,Electronic check,90.45,2509.25,No,25-48,89.61607142857143,4,1
Male,0,No,No,24,Yes,No,DSL,Yes,Yes,No,Yes,No,No,Month-to-month,No,Bank transfer (automatic),60.45,1440.75,No,13-24,60.03125,4,1
Male,0,No,No,31,Yes,No,DSL,No,No,Yes,Yes,No,No,Month-to-month,Yes,Electronic check,55.25,1715.65,Yes,25-48,55.34354838709677,3,1
Female,0,Yes,Yes,68,Yes,Yes,DSL,Yes,Yes,Yes,Yes,No,Yes,One year,Yes,Electronic check,78.45,5333.35,No,60+,78.43161764705883,7,1
Male,0,No,Yes,39,Yes,Yes,Fiber optic,No,No,No,Yes,Yes,Yes,Two year,No,Mailed check,100.55,3895.35,No,25-48,99.88076923076925,5,1
Female,0,Yes,No,42,Yes,No,No,No internet service,No internet service,No internet service,No internet service,No internet service,No internet service,Month-to-month,No,Credit card (automatic),20.35,869.9,No,25-48,20.71190476190476,1,0
Male,0,Yes,No,13,No,No phone service,DSL,Yes,No,No,Yes,Yes,Yes,Month-to-month,Yes,Electronic check,54.45,706.85,Yes,13-24,54.37307692307692,4,1
Female,0,Yes,No,6,Yes,Yes,Fiber optic,No,Yes,No,No,No,Yes,Month-to-month,Yes,Electronic check,90.75,512.25,No,0-12,85.375,4,1
Male,0,No,No,35,Yes,Yes,Fiber optic,No,No,No,No,No,No,Month-to-month,No,Credit card (automatic),75.35,2636.05,Yes,25-48,75.3157142857143,2,1
Female,0,Yes,No,38,Yes,No,No,No internet service,No internet service,No internet service,No internet service,No internet service,No internet service,One year,Yes,Credit card (automatic),20.25,814.75,No,25-48,21.44078947368421,1,0
Male,0,No,No,18,Yes,No,No,No internet service,No internet service,No internet service,No internet service,No internet service,No internet service,Two year,No,Credit card (automatic),20.05,388.6,No,13-24,21.58888888888889,1,0
Female,0,Yes,No,4,Yes,No,No,No internet service,No internet service,No internet service,No internet service,No internet service,No internet service,Month-to-month,No,Mailed check,19.6,93.45,No,0-12,23.3625,1,0
Male,0,Yes,No,27,Yes,No,DSL,No,Yes,No,Yes,No,No,Month-to-month,Yes,Electronic check,53.8,1389.85,No,25-48,51.47592592592592,3,1
Male,0,No,Yes,41,Yes,No,DSL,Yes,Yes,Yes,No,Yes,No,One year,No,Mailed check,70.2,2894.55,No,25-48,70.59878048780489,5,1
Male,0,Yes,Yes,50,Yes,No,DSL,Yes,No,No,Yes,Yes,Yes,One year,No,Electronic check,75.5,4025.6,No,49-60,80.512,5,1
Male,0,Yes,Yes,72,Yes,No,No,No internet service,No internet service,No internet service,No internet service,No internet service,No internet service,Two year,No,Electronic check,20.35,1354.4,No,60+,18.811111111111117,1,0
Female,0,No,No,70,Yes,Yes,No,No internet service,No internet service,No internet service,No internet service,No internet service,No internet service,One year,No,Credit card (automatic),26.05,1856.4,No,60+,26.52,2,0
Male,0,Yes,Yes,44,Yes,No,No,No internet service,No internet service,No internet service,No internet service,No internet service,No internet service,One year,No,Bank transfer (automatic),20.6,926.0,No,25-48,21.045454545454547,1,0
Male,0,No,No,2,Yes,No,Fiber optic,Yes,No,No,No,No,No,Month-to-month,Yes,Electronic check,75.7,189.2,Yes,0-12,94.6,2,1
Female,0,Yes,Yes,34,Yes,No,No,No internet service,No internet service,No internet service,No internet service,No internet service,No internet service,One year,Yes,Bank transfer (automatic),20.1,682.1,No,25-48,20.061764705882357,1,0
Female,1,Yes,No,72,Yes,Yes,No,No internet service,No internet service,No internet service,No internet service,No internet service,No internet service,Two year,No,Bank transfer (automatic),24.3,1778.7,No,60+,24.704166666666666,2,0
Male,0,Yes,No,71,Yes,Yes,No,No internet service,No internet service,No internet service,No internet service,No internet service,No internet service,Two year,Yes,Electronic check,24.5,1816.2,No,60+,25.580281690140847,2,0
Female,0,No,No,64,Yes,Yes,Fiber optic,No,Yes,Yes,Yes,Yes,Yes,Two year,Yes,Credit card (automatic),110.5,7069.25,No,60+,110.45703125,7,1
Female,0,Yes,No,72,Yes,Yes,No,No internet service,No internet service,No internet service,No internet service,No internet service,No internet service,Two year,Yes,Bank transfer (automatic),25.25,1841.2,No,60+,25.572222222222223,2,0
Male,0,No,No,1,Yes,Yes,Fiber optic,No,No,No,No,No,No,Month-to-month,Yes,Mailed check,74.25,74.25,Yes,0-12,74.25,2,1
Male,1,Yes,No,29,Yes,No,Fiber optic,Yes,No,Yes,No,No,Yes,One year,No,Bank transfer (automatic),90.1,2656.7,No,25-48,91.6103448275862,4,1
Female,0,Yes,No,23,Yes,No,DSL,Yes,No,Yes,Yes,No,Yes,One year,Yes,Bank transfer (automatic),68.75,1689.45,No,13-24,73.45434782608696,5,1
Male,0,Yes,Yes,52,Yes,No,No,No internet service,No internet service,No internet service,No internet service,No internet service,No internet service,Two year,No,Mailed check,19.2,1054.75,No,49-60,20.283653846153847,1,0
Female,1,No,No,25,Yes,Yes,Fiber optic,No,Yes,No,No,No,Yes,Month-to-month,Yes,Electronic check,89.7,2187.55,Yes,25-48,87.50200000000001,4,1
Female,0,No,No,64,Yes,Yes,Fiber optic,Yes,Yes,Yes,Yes,Yes,Yes,Two year,Yes,Bank transfer (automatic),115.1,7334.05,No,60+,114.59453125,8,1
Female,1,No,No,16,Yes,Yes,Fiber optic,No,No,No,No,Yes,Yes,Month-to-month,Yes,Electronic check,96.4,1581.2,Yes,13-24,98.825,4,1
Male,1,No,No,1,Yes,No,Fiber optic,No,No,No,No,No,No,Month-to-month,Yes,Bank transfer (automatic),69.5,69.5,Yes,0-12,69.5,1,1
Male,0,No,No,24,Yes,Yes,Fiber optic,No,Yes,No,No,Yes,Yes,Month-to-month,Yes,Bank transfer (automatic),99.65,2404.85,No,13-24,100.20208333333332,5,1
Male,0,Yes,No,2,Yes,Yes,Fiber optic,No,No,Yes,No,Yes,No,Month-to-month,Yes,Electronic check,91.45,171.45,No,0-12,85.725,4,1
Female,0,Yes,Yes,34,Yes,No,DSL,Yes,Yes,Yes,Yes,Yes,Yes,Two year,No,Mailed check,84.75,2839.45,No,25-48,83.51323529411764,7,1
Male,1,Yes,No,36,Yes,Yes,Fiber optic,No,No,No,No,No,Yes,Month-to-month,Yes,Credit card (automatic),85.25,3132.75,Yes,25-48,87.02083333333333,3,1
Male,0,Yes,Yes,53,Yes,Yes,DSL,No,No,Yes,Yes,Yes,Yes,One year,Yes,Mailed check,78.75,3942.45,No,49-60,74.38584905660377,6,1
Female,0,Yes,Yes,47,Yes,No,No,No internet service,No internet service,No internet service,No internet service,No internet service,No internet service,Two year,No,Credit card (automatic),20.25,873.4,No,25-48,18.582978723404256,1,0
Male,0,No,Yes,72,Yes,No,No,No internet service,No internet service,No internet service,No internet service,No internet service,No internet service,Two year,No,Credit card (automatic),19.9,1529.65,No,60+,21.24513888888889,1,0
Male,0,Yes,Yes,72,Yes,Yes,Fiber optic,Yes,Yes,No,Yes,No,Yes,Two year,Yes,Credit card (automatic),97.75,6991.6,No,60+,97.10555555555555,6,1
Male,0,No,No,1,Yes,No,No,No internet service,No internet service,No internet service,No internet service,No internet service,No internet service,Month-to-month,No,Mailed check,19.4,19.4,Yes,0-12,19.4,1,0
Female,0,No,No,9,Yes,Yes,Fiber optic,No,No,No,No,No,Yes,Month-to-month,Yes,Electronic check,83.3,803.3,Yes,0-12,89.25555555555555,3,1
Female,0,No,No,8,Yes,No,Fiber optic,No,No,No,No,Yes,No,Month-to-month,Yes,Bank transfer (automatic),80.1,679.3,Yes,0-12,84.9125,2,1
Male,1,No,No,45,Yes,No,DSL,Yes,No,Yes,No,No,Yes,One year,No,Credit card (automatic),62.7,2791.5,Yes,25-48,62.03333333333333,4,1
Female,0,No,No,7,Yes,No,Fiber optic,No,No,Yes,Yes,Yes,Yes,Month-to-month,Yes,Electronic check,100.4,715.0,No,0-12,102.14285714285714,5,1
Female,0,Yes,No,71,Yes,Yes,No,No internet service,No internet service,No internet service,No internet service,No internet service,No internet service,Two year,Yes,Credit card (automatic),24.45,1681.6,No,60+,23.68450704225352,2,0
Female,1,No,No,41,Yes,No,Fiber optic,No,No,Yes,Yes,Yes,Yes,One year,Yes,Bank transfer (automatic),101.1,4016.2,No,25-48,97.9560975609756,5,1
Male,0,Yes,Yes,67,No,No phone service,DSL,Yes,No,No,No,Yes,Yes,Two year,No,Credit card (automatic),50.9,3281.65,No,60+,48.97985074626866,3,1
Male,0,Yes,No,69,Yes,Yes,Fiber optic,Yes,Yes,Yes,Yes,No,Yes,One year,Yes,Credit card (automatic),107.2,7317.1,No,60+,106.0449275362319,7,1
Female,1,Yes,No,70,Yes,Yes,DSL,Yes,Yes,Yes,Yes,Yes,Yes,Two year,Yes,Bank transfer (automatic),92.2,6474.45,No,60+,92.49214285714284,8,1
Male,0,No,No,25,Yes,Yes,No,No internet service,No internet service,No internet service,No internet service,No internet service,No internet service,One year,No,Bank transfer (automatic),25.3,676.35,Yes,25-48,27.054,2,0
Male,0,No,No,72,Yes,Yes,Fiber optic,Yes,Yes,Yes,Yes,Yes,Yes,Two year,No,Bank transfer (automatic),113.4,8164.1,No,60+,113.39027777777778,8,1
Male,0,Yes,Yes,34,No,No phone service,DSL,No,No,No,Yes,Yes,No,Two year,Yes,Electronic check,40.55,1325.85,No,25-48,38.99558823529412,2,1
Female,0,Yes,Yes,65,Yes,Yes,No,No internet service,No internet service,No internet service,No internet service,No internet service,No internet service,Two year,No,Credit card (automatic),26.0,1654.85,No,60+,25.459230769230768,2,0
Female,0,No,No,70,Yes,Yes,Fiber optic,Yes,Yes,Yes,Yes,Yes,Yes,Two year,Yes,Credit card (automatic),111.95,7795.95,No,60+,111.37071428571429,8,1
Female,0,Yes,Yes,72,No,No phone service,DSL,Yes,No,Yes,No,Yes,Yes,Two year,Yes,Credit card (automatic),53.8,3952.45,No,60+,54.89513888888889,4,1
Male,0,No,Yes,35,Yes,No,DSL,No,No,No,Yes,Yes,Yes,One year,Yes,Mailed check,72.1,2495.15,No,25-48,71.29,4,1
Male,0,No,No,13,Yes,Yes,Fiber optic,Yes,No,No,No,Yes,Yes,Month-to-month,No,Mailed check,98.15,1230.25,Yes,13-24,94.6346153846154,5,1
Female,0,Yes,No,12,Yes,Yes,DSL,Yes,No,Yes,No,Yes,Yes,One year,No,Electronic check,78.85,876.75,No,0-12,73.0625,6,1
Female,0,Yes,Yes,62,Yes,No,DSL,Yes,No,Yes,Yes,Yes,No,One year,Yes,Bank transfer (automatic),70.75,4263.45,No,60+,68.76532258064516,5,1
Female,0,No,No,25,Yes,No,DSL,Yes,No,No,Yes,Yes,Yes,Month-to-month,Yes,Credit card (automatic),76.15,1992.95,No,25-48,79.718,5,1
Female,0,No,No,52,No,No phone service,DSL,Yes,Yes,No,Yes,No,No,Two year,No,Mailed check,39.1,1982.1,No,49-60,38.11730769230769,3,1
Male,1,No,No,8,Yes,No,Fiber optic,No,No,No,No,No,No,Month-to-month,Yes,Credit card (automatic),69.95,562.7,No,0-12,70.3375,1,1
Male,0,No,No,2,Yes,No,No,No internet service,No internet service,No internet service,No internet service,No internet service,No internet service,Month-to-month,No,Mailed check,20.05,33.7,No,0-12,16.85,1,0
Female,0,Yes,Yes,56,Yes,No,No,No internet service,No internet service,No internet service,No internet service,No internet service,No internet service,Two year,No,Mailed check,20.05,1090.1,No,49-60,19.46607142857143,1,0
Female,0,No,No,12,Yes,No,No,No internet service,No internet service,No internet service,No internet service,No internet service,No internet service,Month-to-month,No,Bank transfer (automatic),19.45,227.45,No,0-12,18.954166666666666,1,0
Female,0,Yes,No,47,Yes,Yes,No,No internet service,No internet service,No internet service,No internet service,No internet service,No internet service,One year,No,Electronic check,26.9,1250.85,No,25-48,26.61382978723404,2,0
Male,1,No,No,2,Yes,No,No,No internet service,No internet service,No internet service,No internet service,No internet service,No internet service,Month-to-month,No,Electronic check,19.2,37.2,No,0-12,18.6,1,0
Female,0,No,No,18,Yes,No,DSL,No,No,Yes,No,No,No,Month-to-month,Yes,Mailed check,50.0,892.7,No,13-24,49.59444444444445,2,1
Female,0,No,No,8,Yes,No,DSL,Yes,No,No,No,Yes,No,Month-to-month,Yes,Electronic check,60.0,487.75,No,0-12,60.96875,3,1
Male,0,Yes,No,45,Yes,Yes,Fiber optic,Yes,No,Yes,No,No,No,Month-to-month,Yes,Mailed check,84.55,3713.95,No,25-48,82.53222222222222,4,1
Male,0,No,No,3,Yes,No,DSL,No,No,No,No,No,No,Month-to-month,No,Mailed check,45.45,141.7,No,0-12,47.23333333333333,1,1
Female,0,No,No,38,Yes,No,No,No internet service,No internet service,No internet service,No internet service,No internet service,No internet service,One year,No,Mailed check,20.05,678.2,No,25-48,17.847368421052632,1,0
Male,0,Yes,No,72,Yes,Yes,Fiber optic,Yes,Yes,Yes,Yes,Yes,Yes,Two year,Yes,Electronic check,115.55,8425.3,No,60+,117.01805555555556,8,1
Male,0,No,No,46,Yes,Yes,Fiber optic,Yes,Yes,No,No,No,Yes,Month-to-month,Yes,Electronic check,93.7,4154.8,Yes,25-48,90.3217391304348,5,1
Female,0,Yes,Yes,71,Yes,Yes,Fiber optic,Yes,Yes,Yes,No,Yes,No,Two year,Yes,Credit card (automatic),99.0,7061.65,No,60+,99.45985915492956,6,1
Male,0,Yes,Yes,66,No,No phone service,DSL,No,No,No,Yes,Yes,Yes,Two year,No,Bank transfer (automatic),50.55,3364.55,No,60+,50.97803030303031,3,1
Male,1,No,No,25,Yes,Yes,Fiber optic,No,Yes,Yes,No,Yes,Yes,Month-to-month,No,Mailed check,105.95,2655.25,Yes,25-48,106.21,6,1
Male,0,No,No,18,Yes,Yes,DSL,No,No,Yes,Yes,Yes,Yes,One year,Yes,Credit card (automatic),82.0,1425.45,Yes,13-24,79.19166666666666,6,1
Female,0,Yes,Yes,13,Yes,Yes,No,No internet service,No internet service,No internet service,No internet service,No internet service,No internet service,Two year,Yes,Bank transfer (automatic),25.0,332.5,No,13-24,25.57692307692308,2,0
Female,0,Yes,Yes,65,Yes,Yes,DSL,Yes,Yes,Yes,Yes,Yes,Yes,Two year,No,Bank transfer (automatic),91.55,5963.95,No,60+,91.75307692307692,8,1
Male,0,Yes,No,60,Yes,Yes,Fiber optic,No,Yes,Yes,No,Yes,No,Month-to-month,Yes,Electronic check,95.75,5742.9,Yes,49-60,95.715,5,1
Male,0,Yes,Yes,15,Yes,No,No,No internet service,No internet service,No internet service,No internet service,No internet service,No internet service,Two year,No,Mailed check,19.35,278.85,No,13-24,18.59,1,0
Female,0,Yes,No,72,Yes,Yes,No,No internet service,No internet service,No internet service,No internet service,No internet service,No internet service,Two year,No,Credit card (automatic),24.85,1871.85,No,60+,25.997916666666665,2,0
Male,0,Yes,No,30,Yes,Yes,Fiber optic,No,No,No,No,Yes,Yes,Month-to-month,Yes,Credit card (automatic),94.05,2866.45,Yes,25-48,95.54833333333332,4,1
Female,0,Yes,Yes,42,Yes,No,Fiber optic,No,No,Yes,Yes,Yes,Yes,Two year,Yes,Electronic check,100.4,4303.65,No,25-48,102.46785714285711,5,1
Female,0,Yes,No,71,Yes,Yes,No,No internet service,No internet service,No internet service,No internet service,No internet service,No internet service,Two year,No,Bank transfer (automatic),25.0,1753.0,No,60+,24.690140845070424,2,0
Female,0,No,No,1,Yes,No,DSL,No,No,No,No,No,Yes,Month-to-month,Yes,Mailed check,54.75,54.75,Yes,0-12,54.75,2,1
Male,1,No,No,39,Yes,Yes,Fiber optic,No,No,No,No,Yes,Yes,Month-to-month,Yes,Bank transfer (automatic),95.65,3759.05,Yes,25-48,96.38589743589743,4,1
Female,0,No,No,35,Yes,No,No,No internet service,No internet service,No internet service,No internet service,No internet service,No internet service,Month-to-month,No,Bank transfer (automatic),19.25,617.65,No,25-48,17.647142857142857,1,0
Female,0,Yes,Yes,53,Yes,No,Fiber optic,No,Yes,Yes,Yes,Yes,Yes,Month-to-month,Yes,Bank transfer (automatic),108.25,5935.1,No,49-60,111.98301886792451,6,1
Female,0,No,No,1,Yes,Yes,Fiber optic,No,No,No,No,Yes,Yes,Month-to-month,Yes,Electronic check,94.6,94.6,Yes,0-12,94.6,4,1
Female,1,Yes,Yes,31,Yes,No,Fiber optic,No,No,Yes,Yes,Yes,Yes,Month-to-month,Yes,Electronic check,98.9,2911.3,Yes,25-48,93.91290322580646,5,1
Male,0,No,No,48,Yes,No,No,No internet service,No internet service,No internet service,No internet service,No internet service,No internet service,Two year,No,Credit card (automatic),20.15,982.95,No,25-48,20.478125,1,0
Female,1,No,Yes,30,Yes,Yes,Fiber optic,No,No,No,Yes,Yes,Yes,Month-to-month,Yes,Electronic check,101.3,2974.5,No,25-48,99.15,5,1
Male,0,No,No,10,Yes,No,No,No internet service,No internet service,No internet service,No internet service,No internet service,No internet service,Month-to-month,No,Credit card (automatic),20.0,198.7,No,0-12,19.87,1,0
Female,0,No,Yes,12,Yes,Yes,Fiber optic,No,Yes,Yes,No,Yes,Yes,Month-to-month,Yes,Electronic check,105.3,1275.65,No,0-12,106.30416666666667,6,1
Female,1,No,No,57,Yes,No,DSL,Yes,No,Yes,Yes,Yes,No,Two year,No,Bank transfer (automatic),69.85,4003.0,No,49-60,70.2280701754386,5,1
Female,0,Yes,No,58,Yes,No,DSL,Yes,Yes,No,No,Yes,No,Month-to-month,Yes,Credit card (automatic),65.25,3791.6,No,49-60,65.37241379310345,4,1
Female,0,No,No,37,Yes,No,No,No internet service,No internet service,No internet service,No internet service,No internet service,No internet service,Two year,No,Mailed check,19.8,813.3,No,25-48,21.98108108108108,1,0
Female,0,Yes,Yes,44,Yes,No,No,No internet service,No internet service,No internet service,No internet service,No internet service,No internet service,Month-to-month,No,Mailed check,19.6,780.25,No,25-48,17.732954545454547,1,0
Male,0,No,Yes,27,Yes,No,No,No internet service,No internet service,No internet service,No internet service,No internet service,No internet service,One year,No,Credit card (automatic),20.05,552.9,No,25-48,20.477777777777774,1,0
Female,0,No,No,8,Yes,No,DSL,No,No,No,Yes,No,No,Month-to-month,No,Electronic check,49.4,408.25,No,0-12,51.03125,2,1
Male,1,No,No,3,Yes,Yes,Fiber optic,No,No,No,No,No,No,Month-to-month,Yes,Electronic check,76.05,231.8,Yes,0-12,77.26666666666667,2,1
Female,1,Yes,No,25,Yes,No,Fiber optic,No,Yes,Yes,No,No,Yes,Month-to-month,No,Bank transfer (automatic),88.4,2191.15,No,25-48,87.646,4,1
Female,0,Yes,Yes,57,Yes,Yes,Fiber optic,No,Yes,No,No,Yes,Yes,Month-to-month,Yes,Electronic check,100.6,5611.7,No,49-60,98.45087719298245,5,1
Female,0,No,No,12,Yes,No,No,No internet service,No internet service,No internet service,No internet service,No internet service,No internet service,Month-to-month,No,Mailed check,19.45,246.25,No,0-12,20.52083333333333,1,0
Female,0,Yes,Yes,62,Yes,No,No,No internet service,No internet service,No internet service,No internet service,No internet service,No internet service,Two year,No,Bank transfer (automatic),20.3,1296.15,No,60+,20.905645161290323,1,0
Female,0,Yes,No,65,Yes,Yes,Fiber optic,No,Yes,Yes,Yes,Yes,Yes,Two year,Yes,Bank transfer (automatic),107.65,7082.85,No,60+,108.96692307692308,7,1
Female,0,Yes,No,71,Yes,Yes,DSL,No,No,Yes,Yes,Yes,Yes,Two year,Yes,Bank transfer (automatic),80.45,5662.25,No,60+,79.75,6,1
Female,0,Yes,Yes,21,Yes,No,DSL,No,Yes,No,No,Yes,No,One year,Yes,Credit card (automatic),58.85,1215.45,No,13-24,57.87857142857143,3,1
Male,0,Yes,No,71,Yes,Yes,Fiber optic,Yes,Yes,Yes,No,Yes,Yes,One year,Yes,Electronic check,109.6,7854.15,No,60+,110.6218309859155,7,1
Female,0,No,No,7,Yes,No,Fiber optic,No,No,Yes,No,No,No,Month-to-month,Yes,Electronic check,75.15,525.0,No,0-12,75.0,2,1
Female,0,No,No,72,Yes,No,DSL,Yes,Yes,Yes,Yes,No,Yes,Two year,Yes,Credit card (automatic),73.0,5265.2,No,60+,73.12777777777778,6,1
Female,0,No,No,1,Yes,No,Fiber optic,No,No,No,No,No,No,Month-to-month,No,Electronic check,70.1,70.1,No,0-12,70.1,1,1
Female,0,Yes,Yes,72,Yes,Yes,Fiber optic,No,Yes,Yes,Yes,No,Yes,Two year,Yes,Bank transfer (automatic),98.65,7129.45,No,60+,99.02013888888888,6,1
Female,0,Yes,Yes,64,Yes,Yes,Fiber optic,No,Yes,Yes,Yes,Yes,Yes,One year,Yes,Electronic check,111.45,7266.95,No,60+,113.54609375,7,1
Female,0,No,No,72,Yes,Yes,Fiber optic,Yes,Yes,Yes,Yes,Yes,Yes,Two year,Yes,Electronic check,114.9,8496.7,No,60+,118.00972222222224,8,1
Female,0,No,No,29,Yes,Yes,Fiber optic,No,No,Yes,No,Yes,Yes,Month-to-month,No,Bank transfer (automatic),100.55,2878.75,No,25-48,99.26724137931036,5,1
Female,0,No,No,13,Yes,No,No,No internet service,No internet service,No internet service,No internet service,No internet service,No internet service,Two year,Yes,Mailed check,20.4,261.3,No,13-24,20.1,1,0
Female,0,No,No,31,Yes,Yes,Fiber optic,Yes,Yes,No,No,Yes,Yes,Month-to-month,No,Electronic check,104.35,3205.6,No,25-48,103.40645161290324,6,1
Male,1,No,No,1,Yes,No,Fiber optic,No,No,No,No,No,No,Month-to-month,Yes,Electronic check,69.75,69.75,Yes,0-12,69.75,1,1
Male,0,Yes,Yes,7,No,No phone service,DSL,Yes,No,No,Yes,No,No,Month-to-month,Yes,Electronic check,34.5,279.25,Yes,0-12,39.892857142857146,2,1
Male,0,Yes,No,61,Yes,Yes,Fiber optic,No,Yes,Yes,No,Yes,Yes,Month-to-month,Yes,Electronic check,105.55,6281.45,Yes,60+,102.97459016393442,6,1
Female,0,No,Yes,39,No,No phone service,DSL,No,No,Yes,No,No,No,Month-to-month,No,Credit card (automatic),30.1,1131.3,Yes,25-48,29.007692307692302,1,1
Male,0,Yes,No,10,Yes,No,Fiber optic,No,No,No,No,No,No,Month-to-month,Yes,Electronic check,70.3,738.2,Yes,0-12,73.82000000000001,1,1
Female,0,Yes,Yes,14,Yes,Yes,DSL,No,Yes,No,Yes,Yes,Yes,Month-to-month,No,Credit card (automatic),80.45,1137.05,No,13-24,81.21785714285714,6,1
Female,0,No,No,1,Yes,Yes,Fiber optic,No,Yes,No,No,No,No,Month-to-month,Yes,Mailed check,80.2,80.2,Yes,0-12,80.2,3,1
Female,0,Yes,Yes,67,Yes,Yes,Fiber optic,Yes,No,No,Yes,No,Yes,One year,Yes,Credit card (automatic),94.35,6341.45,Yes,60+,94.64850746268657,5,1
Female,0,No,No,72,Yes,Yes,DSL,Yes,Yes,Yes,Yes,Yes,Yes,Two year,Yes,Bank transfer (automatic),91.35,6697.2,No,60+,93.01666666666668,8,1
Male,0,Yes,Yes,6,Yes,No,DSL,No,No,No,No,No,No,Month-to-month,Yes,Bank transfer (automatic),44.6,260.8,Yes,0-12,43.46666666666667,1,1
Female,0,No,No,1,Yes,No,No,No internet service,No internet service,No internet service,No internet service,No internet service,No internet service,Month-to-month,Yes,Mailed check,19.6,19.6,Yes,0-12,19.6,1,0
Male,0,Yes,Yes,25,Yes,No,No,No internet service,No internet service,No internet service,No internet service,No internet service,No internet service,One year,No,Electronic check,19.9,505.45,No,25-48,20.218,1,0
Female,1,No,No,33,Yes,Yes,Fiber optic,No,Yes,Yes,Yes,Yes,Yes,Month-to-month,Yes,Electronic check,110.45,3655.45,Yes,25-48,110.77121212121212,7,1
Male,0,No,No,18,Yes,No,DSL,Yes,No,Yes,Yes,Yes,No,Month-to-month,Yes,Electronic check,68.35,1299.8,No,13-24,72.21111111111111,5,1
Male,0,Yes,No,71,Yes,No,DSL,No,Yes,Yes,Yes,Yes,Yes,Two year,Yes,Credit card (automatic),79.1,5564.85,No,60+,78.3781690140845,6,1
Male,1,Yes,Yes,28,Yes,Yes,DSL,No,No,No,No,No,No,One year,Yes,Electronic check,51.0,1381.8,No,25-48,49.35,2,1
Female,0,No,Yes,2,Yes,Yes,Fiber optic,Yes,No,No,No,No,No,Month-to-month,No,Credit card (automatic),80.55,188.1,No,0-12,94.05,3,1
Male,0,Yes,Yes,17,Yes,Yes,DSL,No,Yes,Yes,Yes,No,No,Month-to-month,Yes,Mailed check,66.7,1077.05,No,13-24,63.35588235294117,5,1
Male,0,No,No,56,Yes,Yes,Fiber optic,Yes,Yes,No,No,No,No,Month-to-month,Yes,Electronic check,86.4,4922.4,No,49-60,87.89999999999999,4,1
Female,0,Yes,No,60,No,No phone service,DSL,Yes,Yes,Yes,No,No,Yes,One year,No,Electronic check,50.05,2911.5,No,49-60,48.525,4,1
Female,0,No,No,33,Yes,Yes,No,No internet service,No internet service,No internet service,No internet service,No internet service,No internet service,Two year,No,Credit card (automatic),25.7,826.1,No,25-48,25.03333333333333,2,0
Female,0,No,No,1,Yes,No,Fiber optic,Yes,Yes,No,Yes,No,No,Month-to-month,Yes,Mailed check,83.4,83.4,No,0-12,83.4,4,1
Male,0,No,No,2,Yes,No,Fiber optic,No,No,No,No,No,No,Month-to-month,No,Credit card (automatic),70.7,140.7,Yes,0-12,70.35,1,1
Male,0,Yes,No,63,Yes,Yes,Fiber optic,Yes,No,No,Yes,No,No,Two year,Yes,Credit card (automatic),84.65,5377.8,No,60+,85.36190476190477,4,1
Male,1,Yes,No,7,Yes,Yes,Fiber optic,No,No,Yes,No,Yes,Yes,Month-to-month,Yes,Electronic check,99.25,665.45,Yes,0-12,95.06428571428572,5,1
Female,0,No,No,55,Yes,No,DSL,No,Yes,Yes,No,No,Yes,Two year,Yes,Mailed check,64.75,3617.1,No,49-60,65.76545454545455,4,1
Female,0,Yes,No,65,Yes,Yes,Fiber optic,Yes,Yes,No,Yes,Yes,No,One year,Yes,Bank transfer (automatic),100.15,6643.5,No,60+,102.20769230769233,6,1
Male,0,Yes,No,1,Yes,No,Fiber optic,No,No,No,Yes,Yes,No,Month-to-month,Yes,Electronic check,84.8,84.8,Yes,0-12,84.8,3,1
Male,0,No,No,63,Yes,Yes,No,No internet service,No internet service,No internet service,No internet service,No internet service,No internet service,Two year,No,Mailed check,25.25,1559.3,No,60+,24.75079365079365,2,0
Female,1,Yes,No,70,Yes,Yes,Fiber optic,Yes,Yes,Yes,Yes,Yes,Yes,Two year,Yes,Credit card (automatic),113.0,7987.6,No,60+,114.10857142857144,8,1
Female,0,Yes,Yes,36,No,No phone service,DSL,Yes,No,Yes,Yes,No,No,Two year,No,Credit card (automatic),40.65,1547.35,No,25-48,42.98194444444445,3,1
Male,0,No,No,52,Yes,No,Fiber optic,No,Yes,Yes,Yes,Yes,Yes,One year,Yes,Bank transfer (automatic),105.0,5426.85,Yes,49-60,104.3625,6,1
Male,0,No,No,22,Yes,Yes,DSL,Yes,No,No,No,No,No,Month-to-month,Yes,Electronic check,54.45,1127.35,Yes,13-24,51.24318181818182,3,1
Male,0,No,No,22,Yes,No,Fiber optic,No,Yes,Yes,Yes,No,Yes,Month-to-month,Yes,Bank transfer (automatic),94.95,2142.8,No,13-24,97.4,5,1
Female,1,No,No,5,Yes,No,DSL,Yes,Yes,No,Yes,No,No,Month-to-month,No,Credit card (automatic),59.9,287.85,No,0-12,57.57000000000001,4,1
Female,0,Yes,No,47,Yes,No,Fiber optic,No,No,Yes,No,No,Yes,Month-to-month,Yes,Electronic check,85.3,4045.65,Yes,25-48,86.07765957446809,3,1
Female,0,No,No,33,Yes,Yes,Fiber optic,No,No,No,No,No,Yes,Month-to-month,Yes,Electronic check,83.35,2757.85,Yes,25-48,83.57121212121211,3,1
Male,0,No,No,18,No,No phone service,DSL,No,Yes,Yes,No,No,No,Month-to-month,Yes,Credit card (automatic),33.5,600.0,Yes,13-24,33.333333333333336,2,1
Female,0,No,No,1,Yes,No,No,No internet service,No internet service,No internet service,No internet service,No internet service,No internet service,Month-to-month,No,Credit card (automatic),19.8,19.8,No,0-12,19.8,1,0
Male,0,No,No,56,Yes,No,DSL,No,Yes,Yes,Yes,Yes,Yes,Two year,Yes,Credit card (automatic),81.8,4534.45,No,49-60,80.97232142857142,6,1
Female,0,No,No,2,Yes,No,No,No internet service,No internet service,No internet service,No internet service,No internet service,No internet service,Month-to-month,Yes,Mailed check,20.0,40.9,No,0-12,20.45,1,0
Male,0,No,No,35,Yes,Yes,DSL,Yes,No,Yes,No,No,No,Month-to-month,Yes,Electronic check,59.6,2094.9,No,25-48,59.85428571428572,4,1
Female,0,Yes,No,64,Yes,Yes,No,No internet service,No internet service,No internet service,No internet service,No internet service,No internet service,Two year,No,Credit card (automatic),25.0,1584.8,No,60+,24.7625,2,0
Female,0,No,No,15,Yes,Yes,Fiber optic,Yes,No,Yes,No,No,No,Month-to-month,Yes,Credit card (automatic),84.35,1302.65,No,13-24,86.84333333333333,4,1
Male,0,No,No,24,Yes,No,Fiber optic,No,No,No,No,Yes,Yes,Month-to-month,Yes,Electronic check,90.35,2238.5,Yes,13-24,93.27083333333331,3,1
Male,0,No,No,1,Yes,No,DSL,No,No,No,No,No,Yes,Month-to-month,No,Mailed check,55.55,55.55,No,0-12,55.55,2,1
Female,0,Yes,Yes,70,Yes,No,DSL,Yes,No,No,Yes,Yes,Yes,Two year,No,Credit card (automatic),75.35,5437.75,No,60+,77.68214285714286,5,1
Male,0,Yes,No,1,Yes,No,Fiber optic,No,No,No,No,Yes,Yes,Month-to-month,Yes,Electronic check,90.75,90.75,Yes,0-12,90.75,3,1
Female,0,No,Yes,4,Yes,Yes,Fiber optic,No,Yes,No,No,Yes,No,Month-to-month,No,Mailed check,89.6,365.65,Yes,0-12,91.4125,4,1
Female,0,No,No,39,Yes,No,DSL,No,No,No,Yes,No,Yes,One year,No,Electronic check,59.3,2209.15,No,25-48,56.6448717948718,3,1
Female,0,No,No,29,Yes,Yes,DSL,Yes,No,No,No,No,Yes,Month-to-month,Yes,Electronic check,66.1,1912.15,No,25-48,65.93620689655172,4,1
Female,0,Yes,Yes,14,Yes,No,No,No internet service,No internet service,No internet service,No internet service,No internet service,No internet service,Two year,No,Mailed check,18.8,255.55,No,13-24,18.25357142857143,1,0
Female,0,No,No,61,Yes,Yes,DSL,Yes,No,Yes,Yes,Yes,Yes,Two year,No,Credit card (automatic),86.45,5175.3,No,60+,84.84098360655739,7,1
Male,0,No,Yes,13,Yes,No,DSL,Yes,No,No,No,No,No,Month-to-month,Yes,Credit card (automatic),52.1,670.65,No,13-24,51.58846153846154,2,1
Female,0,No,No,66,No,No phone service,DSL,Yes,Yes,Yes,Yes,No,No,Two year,Yes,Mailed check,47.4,3177.25,No,60+,48.14015151515152,4,1
Male,0,No,No,2,No,No phone service,DSL,No,No,Yes,No,Yes,Yes,Month-to-month,Yes,Electronic check,49.25,90.35,Yes,0-12,45.175,3,1
Female,0,Yes,No,59,Yes,Yes,Fiber optic,Yes,Yes,Yes,No,Yes,Yes,One year,Yes,Credit card (automatic),109.15,6557.75,No,49-60,111.14830508474576,7,1
Male,0,Yes,Yes,62,Yes,Yes,Fiber optic,Yes,Yes,No,No,Yes,No,One year,Yes,Credit card (automatic),94.95,5791.85,No,60+,93.41693548387096,5,1
Male,1,Yes,No,33,Yes,No,Fiber optic,Yes,Yes,No,Yes,No,Yes,One year,Yes,Electronic check,93.55,3055.5,No,25-48,92.5909090909091,5,1
Male,0,No,Yes,66,Yes,No,DSL,No,Yes,Yes,Yes,Yes,Yes,Two year,Yes,Credit card (automatic),79.5,5196.1,No,60+,78.72878787878788,6,1
Female,0,No,No,72,Yes,Yes,Fiber optic,Yes,Yes,Yes,Yes,Yes,Yes,Two year,No,Credit card (automatic),115.05,8405.0,No,60+,116.73611111111111,8,1
Male,0,No,Yes,1,Yes,No,No,No internet service,No internet service,No internet service,No internet service,No internet service,No internet service,Month-to-month,No,Mailed check,19.75,19.75,Yes,0-12,19.75,1,0
Female,0,No,No,19,Yes,Yes,Fiber optic,Yes,Yes,No,No,No,Yes,Month-to-month,Yes,Electronic check,95.15,1789.25,Yes,13-24,94.17105263157896,5,1
Female,0,Yes,Yes,51,Yes,Yes,Fiber optic,Yes,No,No,Yes,Yes,No,One year,Yes,Mailed check,95.15,5000.05,No,49-60,98.04019607843138,5,1
Male,0,No,No,63,Yes,Yes,Fiber optic,No,Yes,No,Yes,Yes,Yes,Month-to-month,No,Electronic check,105.4,6713.2,No,60+,106.55873015873016,6,1
Male,0,No,No,27,Yes,No,No,No internet service,No internet service,No internet service,No internet service,No internet service,No internet service,One year,No,Bank transfer (automatic),20.1,562.6,No,25-48,20.83703703703704,1,0
Male,0,No,No,22,Yes,Yes,Fiber optic,Yes,No,No,No,Yes,Yes,Month-to-month,Yes,Bank transfer (automatic),101.35,2317.1,Yes,13-24,105.32272727272726,5,1
Female,1,No,No,4,Yes,No,No,No internet service,No internet service,No internet service,No internet service,No internet service,No internet service,Month-to-month,No,Mailed check,20.05,91.45,No,0-12,22.8625,1,0
Male,0,Yes,Yes,42,Yes,No,No,No internet service,No internet service,No internet service,No internet service,No internet service,No internet service,Two year,No,Mailed check,20.7,828.85,No,25-48,19.73452380952381,1,0
Female,0,No,No,29,Yes,No,No,No internet service,No internet service,No internet service,No internet service,No internet service,No internet service,One year,No,Mailed check,20.35,617.35,No,25-48,21.28793103448276,1,0
Female,0,No,No,4,Yes,No,Fiber optic,No,No,No,No,No,No,Month-to-month,Yes,Credit card (automatic),70.05,266.9,Yes,0-12,66.725,1,1
Male,0,No,No,30,Yes,No,No,No internet service,No internet service,No internet service,No internet service,No internet service,No internet service,One year,No,Mailed check,19.7,625.05,No,25-48,20.835,1,0
Male,0,Yes,No,4,Yes,Yes,Fiber optic,No,No,No,No,No,No,Month-to-month,Yes,Electronic check,74.65,301.4,Yes,0-12,75.35,2,1
Male,0,Yes,Yes,71,Yes,No,DSL,Yes,Yes,Yes,Yes,Yes,Yes,Two year,No,Bank transfer (automatic),85.45,6029.9,No,60+,84.9281690140845,7,1
Male,0,Yes,No,46,No,No phone service,DSL,Yes,No,Yes,Yes,No,No,Two year,No,Credit card (automatic),40.4,1842.7,No,25-48,40.05869565217392,3,1
Male,0,No,No,4,Yes,Yes,DSL,No,No,No,No,No,No,Month-to-month,No,Mailed check,50.4,206.6,Yes,0-12,51.65,2,1
Female,0,No,No,7,Yes,Yes,Fiber optic,Yes,No,No,No,No,No,Month-to-month,Yes,Mailed check,79.65,604.7,Yes,0-12,86.38571428571429,3,1
Male,0,No,No,69,Yes,Yes,Fiber optic,No,Yes,No,Yes,Yes,Yes,One year,Yes,Bank transfer (automatic),105.2,7386.05,No,60+,107.04420289855072,6,1
Female,0,Yes,No,72,Yes,Yes,Fiber optic,Yes,Yes,Yes,No,Yes,No,Two year,No,Bank transfer (automatic),100.65,7334.05,No,60+,101.86180555555556,6,1
Male,1,No,No,19,Yes,Yes,Fiber optic,No,No,Yes,No,No,No,Month-to-month,Yes,Electronic check,79.85,1471.75,Yes,13-24,77.46052631578948,3,1
Male,0,No,No,28,Yes,No,Fiber optic,No,No,Yes,Yes,No,Yes,Month-to-month,No,Electronic check,91.0,2626.15,No,25-48,93.79107142857144,4,1
Male,0,Yes,No,5,Yes,Yes,Fiber optic,No,Yes,No,No,No,No,Month-to-month,Yes,Electronic check,78.75,412.1,Yes,0-12,82.42,3,1
Female,1,Yes,No,72,Yes,Yes,Fiber optic,Yes,Yes,Yes,Yes,Yes,Yes,Two year,Yes,Credit card (automatic),116.75,8277.05,No,60+,114.95902777777776,8,1
Male,1,Yes,Yes,8,Yes,No,Fiber optic,No,No,No,No,Yes,No,Month-to-month,Yes,Credit card (automatic),80.45,583.45,Yes,0-12,72.93125,2,1
Female,0,No,No,7,Yes,No,DSL,Yes,No,No,No,No,Yes,One year,Yes,Electronic check,59.1,369.25,No,0-12,52.75,3,1
Female,0,No,No,22,Yes,No,DSL,Yes,No,No,No,No,No,Month-to-month,Yes,Electronic check,49.8,1049.05,No,13-24,47.684090909090905,2,1
Male,0,No,No,72,Yes,No,No,No internet service,No internet service,No internet service,No internet service,No internet service,No internet service,Two year,No,Bank transfer (automatic),19.3,1414.8,No,60+,19.65,1,0
Male,0,Yes,Yes,8,Yes,No,No,No internet service,No internet service,No internet service,No internet service,No internet service,No internet service,Month-to-month,No,Credit card (automatic),19.65,169.75,No,0-12,21.21875,1,0
Male,0,Yes,No,52,Yes,Yes,DSL,Yes,Yes,Yes,Yes,No,Yes,One year,Yes,Credit card (automatic),81.4,4354.45,No,49-60,83.73942307692307,7,1
Female,0,No,No,68,No,No phone service,DSL,Yes,No,Yes,Yes,No,No,Two year,No,Mailed check,38.9,2719.2,No,60+,39.98823529411764,3,1
Female,0,Yes,No,71,Yes,Yes,DSL,Yes,Yes,Yes,Yes,Yes,Yes,Two year,No,Bank transfer (automatic),87.95,6365.35,No,60+,89.65281690140846,8,1
Male,0,No,No,2,Yes,No,No,No internet service,No internet service,No internet service,No internet service,No internet service,No internet service,Month-to-month,No,Mailed check,19.85,51.6,No,0-12,25.8,1,0
Female,1,No,No,34,Yes,Yes,Fiber optic,No,Yes,No,Yes,Yes,No,Month-to-month,Yes,Electronic check,96.35,3190.25,No,25-48,93.83088235294116,5,1
Female,0,No,No,35,No,No phone service,DSL,No,No,No,No,No,No,Month-to-month,No,Electronic check,24.15,812.5,No,25-48,23.214285714285715,0,1
Female,0,Yes,Yes,61,Yes,No,No,No internet service,No internet service,No internet service,No internet service,No internet service,No internet service,One year,No,Credit card (automatic),19.1,1143.8,No,60+,18.750819672131147,1,0
Male,0,No,No,1,Yes,No,DSL,No,No,No,No,No,No,Month-to-month,No,Electronic check,44.0,44.0,No,0-12,44.0,1,1
Female,0,No,No,1,Yes,Yes,DSL,No,No,No,No,No,No,Month-to-month,Yes,Mailed check,50.1,50.1,Yes,0-12,50.1,2,1
Female,0,Yes,Yes,53,Yes,No,DSL,No,No,Yes,No,No,Yes,One year,No,Credit card (automatic),60.6,3297.0,No,49-60,62.20754716981132,3,1
Female,0,Yes,No,72,Yes,Yes,No,No internet service,No internet service,No internet service,No internet service,No internet service,No internet service,Two year,No,Bank transfer (automatic),25.65,1887.0,No,60+,26.20833333333333,2,0
Male,0,Yes,No,2,Yes,No,Fiber optic,No,No,Yes,No,No,No,Month-to-month,No,Electronic check,76.4,151.8,Yes,0-12,75.9,2,1
Male,0,No,No,3,Yes,No,Fiber optic,No,No,Yes,Yes,Yes,Yes,Month-to-month,Yes,Electronic check,98.7,293.65,Yes,0-12,97.88333333333333,5,1
Female,1,No,No,13,Yes,Yes,Fiber optic,Yes,No,No,No,Yes,Yes,Month-to-month,Yes,Electronic check,100.8,1308.1,Yes,13-24,100.62307692307692,5,1
Male,1,Yes,No,41,No,No phone service,DSL,No,Yes,Yes,No,Yes,Yes,Month-to-month,Yes,Electronic check,53.95,2215.4,No,25-48,54.03414634146342,4,1
Female,0,Yes,No,24,Yes,No,No,No internet service,No internet service,No internet service,No internet service,No internet service,No internet service,One year,No,Credit card (automatic),20.4,482.8,No,13-24,20.116666666666667,1,0
Female,0,Yes,Yes,28,Yes,No,Fiber optic,No,No,No,No,Yes,Yes,One year,Yes,Bank transfer (automatic),90.1,2598.95,Yes,25-48,92.81964285714284,3,1
Male,0,No,No,8,No,No phone service,DSL,Yes,No,No,No,No,No,Month-to-month,No,Mailed check,29.35,216.45,No,0-12,27.05625,1,1
Male,0,No,No,1,Yes,No,No,No internet service,No internet service,No internet service,No internet service,No internet service,No internet service,Month-to-month,Yes,Mailed check,20.45,20.45,No,0-12,20.45,1,0
Female,0,No,No,54,Yes,Yes,Fiber optic,No,No,Yes,Yes,No,Yes,Two year,Yes,Bank transfer (automatic),95.1,5064.85,No,49-60,93.79351851851852,5,1
Male,0,No,No,41,Yes,Yes,No,No internet service,No internet service,No internet service,No internet service,No internet service,No internet service,Month-to-month,Yes,Bank transfer (automatic),25.25,996.45,No,25-48,24.303658536585367,2,0
Female,0,Yes,No,19,Yes,No,DSL,No,No,No,No,No,No,Month-to-month,No,Mailed check,44.9,839.65,No,13-24,44.19210526315789,1,1
Female,0,Yes,Yes,72,Yes,Yes,DSL,Yes,Yes,Yes,Yes,Yes,Yes,Two year,No,Bank transfer (automatic),92.65,6733.0,No,60+,93.51388888888889,8,1
Male,0,No,No,62,No,No phone service,DSL,Yes,Yes,Yes,Yes,No,No,Two year,Yes,Bank transfer (automatic),43.7,2618.3,No,60+,42.230645161290326,4,1
Female,1,Yes,Yes,56,Yes,No,DSL,Yes,No,No,Yes,Yes,Yes,Two year,Yes,Credit card (automatic),72.6,4084.35,No,49-60,72.93482142857142,5,1
Male,0,No,No,15,Yes,Yes,DSL,No,No,No,No,No,No,Month-to-month,No,Electronic check,51.55,765.5,Yes,13-24,51.03333333333333,2,1
Male,1,No,No,10,Yes,No,Fiber optic,No,No,No,No,No,Yes,Month-to-month,Yes,Electronic check,79.25,793.55,Yes,0-12,79.35499999999999,2,1
Male,0,Yes,Yes,32,Yes,No,No,No internet service,No internet service,No internet service,No internet service,No internet service,No internet service,Two year,No,Mailed check,18.95,613.95,No,25-48,19.1859375,1,0
Male,0,No,No,21,Yes,No,No,No internet service,No internet service,No internet service,No internet service,No internet service,No internet service,Month-to-month,No,Credit card (automatic),20.5,402.85,No,13-24,19.183333333333334,1,0
Male,0,Yes,Yes,62,Yes,No,No,No internet service,No internet service,No internet service,No internet service,No internet service,No internet service,One year,No,Bank transfer (automatic),19.95,1244.8,No,60+,20.07741935483871,1,0
Female,0,No,No,2,No,No phone service,DSL,No,No,No,No,No,No,Month-to-month,No,Electronic check,24.5,46.4,No,0-12,23.2,0,1
Male,0,No,Yes,27,Yes,No,No,No internet service,No internet service,No internet service,No internet service,No internet service,No internet service,Two year,No,Mailed check,20.6,581.85,No,25-48,21.55,1,0
Male,0,No,No,5,Yes,Yes,Fiber optic,No,No,No,No,Yes,Yes,Month-to-month,Yes,Bank transfer (automatic),94.85,462.8,Yes,0-12,92.56,4,1
Female,0,No,No,25,No,No phone service,DSL,Yes,Yes,Yes,No,Yes,Yes,One year,No,Electronic check,61.05,1540.2,No,25-48,61.608,5,1
Female,0,No,No,2,Yes,Yes,Fiber optic,No,No,No,No,No,Yes,Month-to-month,Yes,Electronic check,85.7,169.8,Yes,0-12,84.9,3,1
Male,0,No,No,49,Yes,Yes,Fiber optic,No,Yes,No,Yes,Yes,Yes,One year,Yes,Bank transfer (automatic),106.65,5168.1,No,49-60,105.47142857142858,6,1
Female,0,No,No,63,Yes,Yes,Fiber optic,Yes,Yes,Yes,No,Yes,Yes,Month-to-month,No,Credit card (automatic),108.25,6780.1,No,60+,107.62063492063491,7,1
Female,0,No,Yes,4,Yes,No,No,No internet service,No internet service,No internet service,No internet service,No internet service,No internet service,Month-to-month,No,Credit card (automatic),20.4,94.5,No,0-12,23.625,1,0
Female,0,Yes,No,1,Yes,No,DSL,No,No,No,No,Yes,No,Month-to-month,Yes,Mailed check,55.3,55.3,No,0-12,55.3,2,1
Male,0,No,No,11,Yes,No,No,No internet service,No internet service,No internet service,No internet service,No internet service,No internet service,Month-to-month,No,Mailed check,20.25,208.0,No,0-12,18.90909090909091,1,0
Male,1,No,No,52,Yes,Yes,Fiber optic,No,No,No,No,No,No,Month-to-month,Yes,Bank transfer (automatic),72.95,3829.75,No,49-60,73.64903846153847,2,1
Female,1,Yes,No,60,Yes,Yes,Fiber optic,No,Yes,No,No,No,Yes,Month-to-month,No,Electronic check,89.45,5294.6,No,49-60,88.24333333333334,4,1
Male,0,No,No,64,Yes,Yes,Fiber optic,No,No,Yes,Yes,Yes,Yes,One year,Yes,Credit card (automatic),104.65,6889.8,No,60+,107.653125,6,1
Female,0,Yes,Yes,43,Yes,No,DSL,Yes,No,Yes,No,Yes,Yes,Two year,No,Bank transfer (automatic),75.2,3254.35,No,25-48,75.68255813953488,5,1
Female,0,Yes,No,61,Yes,Yes,Fiber optic,No,No,No,Yes,Yes,Yes,One year,No,Bank transfer (automatic),101.15,6383.9,No,60+,104.65409836065574,5,1
Female,0,No,No,1,Yes,No,DSL,No,No,No,No,No,No,Month-to-month,No,Mailed check,44.4,44.4,Yes,0-12,44.4,1,1
Male,1,No,No,5,Yes,No,Fiber optic,No,No,No,No,Yes,Yes,Month-to-month,Yes,Electronic check,89.5,477.7,Yes,0-12,95.54,3,1
Male,0,No,No,66,Yes,Yes,DSL,Yes,Yes,Yes,Yes,No,No,Two year,No,Bank transfer (automatic),68.75,4447.55,No,60+,67.38712121212122,6,1
Male,0,Yes,No,67,Yes,No,Fiber optic,Yes,Yes,Yes,Yes,Yes,Yes,Two year,Yes,Electronic check,111.05,7321.05,No,60+,109.26940298507463,7,1
Female,0,Yes,No,42,Yes,No,Fiber optic,No,No,Yes,Yes,Yes,Yes,Two year,Yes,Credit card (automatic),99.0,4135.0,No,25-48,98.45238095238096,5,1
Male,1,Yes,No,1,Yes,Yes,Fiber optic,No,No,No,No,Yes,No,Month-to-month,Yes,Electronic check,86.05,86.05,Yes,0-12,86.05,3,1
Female,0,Yes,Yes,31,Yes,No,No,No internet service,No internet service,No internet service,No internet service,No internet service,No internet service,Two year,No,Mailed check,21.0,697.7,No,25-48,22.506451612903227,1,0
Male,0,No,No,7,Yes,No,No,No internet service,No internet service,No internet service,No internet service,No internet service,No internet service,Month-to-month,Yes,Mailed check,19.4,168.65,No,0-12,24.092857142857145,1,0
Male,0,No,No,4,No,No phone service,DSL,No,No,No,No,Yes,Yes,Month-to-month,Yes,Electronic check,44.55,174.3,Yes,0-12,43.575,2,1
Male,0,Yes,Yes,34,Yes,Yes,DSL,No,No,Yes,No,Yes,Yes,One year,No,Bank transfer (automatic),77.2,2753.8,No,25-48,80.99411764705883,5,1
Male,0,No,No,3,Yes,No,No,No internet service,No internet service,No internet service,No internet service,No internet service,No internet service,One year,Yes,Mailed check,19.45,69.25,No,0-12,23.08333333333333,1,0
Female,0,Yes,Yes,19,No,No phone service,DSL,No,No,No,No,No,No,Month-to-month,Yes,Mailed check,24.85,434.8,No,13-24,22.88421052631579,0,1
Male,0,Yes,Yes,31,No,No phone service,DSL,Yes,No,No,Yes,No,No,Month-to-month,No,Bank transfer (automatic),35.4,1077.5,Yes,25-48,34.75806451612903,2,1
Female,0,No,No,1,Yes,Yes,Fiber optic,No,No,No,No,Yes,Yes,Month-to-month,No,Mailed check,95.65,95.65,Yes,0-12,95.65,4,1
Male,0,No,No,3,No,No phone service,DSL,Yes,No,Yes,Yes,No,No,Month-to-month,No,Mailed check,41.35,107.25,No,0-12,35.75,3,1
Male,0,Yes,No,46,Yes,No,No,No internet service,No internet service,No internet service,No internet service,No internet service,No internet service,Month-to-month,No,Electronic check,19.6,851.2,No,25-48,18.50434782608696,1,0
Female,0,No,No,1,Yes,No,No,No internet service,No internet service,No internet service,No internet service,No internet service,No internet service,Month-to-month,No,Mailed check,20.95,20.95,Yes,0-12,20.95,1,0
Female,0,Yes,Yes,69,Yes,Yes,Fiber optic,Yes,No,Yes,No,No,No,One year,No,Bank transfer (automatic),84.45,5848.6,No,60+,84.76231884057971,4,1
Male,0,No,No,5,Yes,No,No,No internet service,No internet service,No internet service,No internet service,No internet service,No internet service,Month-to-month,No,Mailed check,20.25,109.8,No,0-12,21.96,1,0
Male,0,No,No,1,Yes,No,No,No internet service,No internet service,No internet service,No internet service,No internet service,No internet service,Month-to-month,No,Bank transfer (automatic),19.65,19.65,No,0-12,19.65,1,0
Male,0,No,No,26,Yes,No,No,No internet service,No internet service,No internet service,No internet service,No internet service,No internet service,One year,Yes,Credit card (automatic),20.65,595.5,No,25-48,22.903846153846157,1,0
Female,1,No,No,10,No,No phone service,DSL,No,No,No,No,No,Yes,Month-to-month,Yes,Electronic check,34.7,329.8,Yes,0-12,32.980000000000004,1,1
Male,0,No,No,25,Yes,No,Fiber optic,No,No,Yes,Yes,Yes,Yes,Two year,No,Bank transfer (automatic),99.3,2513.5,No,25-48,100.54,5,1
Male,0,Yes,Yes,64,Yes,No,Fiber optic,Yes,Yes,No,No,No,No,Month-to-month,No,Electronic check,81.05,5135.35,No,60+,80.23984375,3,1
Male,0,Yes,Yes,30,Yes,Yes,DSL,Yes,Yes,Yes,Yes,No,No,Month-to-month,No,Electronic check,67.6,2000.2,No,25-48,66.67333333333333,6,1
Male,0,No,No,13,Yes,No,Fiber optic,No,No,No,No,No,No,Month-to-month,Yes,Electronic check,70.15,931.75,No,13-24,71.67307692307692,1,1
Female,0,Yes,No,64,Yes,Yes,Fiber optic,Yes,Yes,Yes,Yes,Yes,Yes,One year,Yes,Electronic check,115.0,7396.15,No,60+,115.56484375,8,1
Female,0,No,Yes,46,Yes,Yes,Fiber optic,No,No,Yes,Yes,No,No,Month-to-month,Yes,Bank transfer (automatic),84.8,3958.85,No,25-48,86.06195652173913,4,1
Female,0,No,No,12,Yes,No,No,No internet service,No internet service,No internet service,No internet service,No internet service,No internet service,One year,No,Mailed check,19.7,260.9,No,0-12,21.741666666666664,1,0
Female,0,No,No,15,Yes,No,No,No internet service,No internet service,No internet service,No internet service,No internet service,No internet service,Month-to-month,No,Bank transfer (automatic),19.75,297.3,Yes,13-24,19.82,1,0
Male,0,Yes,Yes,17,Yes,Yes,Fiber optic,No,No,No,No,Yes,Yes,Month-to-month,Yes,Electronic check,92.55,1515.1,Yes,13-24,89.12352941176471,4,1
Female,0,Yes,Yes,13,Yes,No,DSL,Yes,No,Yes,No,No,Yes,Month-to-month,Yes,Mailed check,63.15,816.8,No,13-24,62.83076923076923,4,1
Female,0,Yes,Yes,67,Yes,Yes,DSL,Yes,Yes,No,Yes,Yes,No,Two year,No,Credit card (automatic),74.0,4868.4,No,60+,72.66268656716417,6,1
Male,0,Yes,No,24,No,No phone service,DSL,No,No,Yes,No,No,No,Month-to-month,No,Electronic check,29.1,688.0,No,13-24,28.666666666666668,1,1
Male,0,No,No,6,Yes,No,DSL,No,No,No,Yes,No,No,Month-to-month,No,Mailed check,50.05,288.35,No,0-12,48.05833333333334,2,1
Male,1,Yes,No,53,Yes,Yes,DSL,Yes,No,No,Yes,No,No,One year,Yes,Electronic check,60.05,3229.65,Yes,49-60,60.93679245283019,4,1
Male,1,Yes,No,16,Yes,No,Fiber optic,No,Yes,No,No,No,No,Month-to-month,Yes,Credit card (automatic),74.3,1178.25,Yes,13-24,73.640625,2,1
Male,0,No,No,10,Yes,No,No,No internet service,No internet service,No internet service,No internet service,No internet service,No internet service,Month-to-month,No,Electronic check,20.0,185.4,No,0-12,18.54,1,0
Female,0,No,No,13,Yes,No,Fiber optic,No,Yes,No,No,No,No,One year,Yes,Mailed check,74.65,966.25,No,13-24,74.32692307692308,2,1
Male,0,No,No,9,Yes,Yes,Fiber optic,No,No,No,No,Yes,No,Month-to-month,Yes,Electronic check,85.35,758.6,Yes,0-12,84.28888888888889,3,1
Female,0,No,No,25,Yes,No,DSL,Yes,Yes,Yes,Yes,Yes,No,One year,No,Mailed check,74.3,1863.8,Yes,25-48,74.55199999999999,6,1
Male,1,No,No,7,No,No phone service,DSL,No,Yes,No,Yes,No,Yes,Month-to-month,Yes,Electronic check,44.4,265.8,No,0-12,37.971428571428575,3,1
Male,0,Yes,Yes,38,Yes,Yes,DSL,Yes,No,Yes,Yes,Yes,Yes,Two year,Yes,Bank transfer (automatic),85.4,3297.0,No,25-48,86.76315789473684,7,1
Female,0,Yes,No,43,Yes,Yes,Fiber optic,Yes,Yes,No,No,No,Yes,Month-to-month,Yes,Electronic check,94.1,4107.3,No,25-48,95.5186046511628,5,1
Female,0,No,Yes,4,Yes,No,Fiber optic,No,No,Yes,Yes,Yes,Yes,Month-to-month,Yes,Bank transfer (automatic),98.1,396.3,Yes,0-12,99.075,5,1
Female,0,No,No,25,Yes,Yes,Fiber optic,No,Yes,Yes,Yes,Yes,Yes,Two year,No,Electronic check,108.9,2809.05,No,25-48,112.362,7,1
Male,0,No,Yes,27,Yes,No,DSL,Yes,Yes,No,No,No,No,One year,No,Mailed check,56.2,1567.55,No,25-48,58.0574074074074,3,1
Male,0,Yes,Yes,72,Yes,Yes,No,No internet service,No internet service,No internet service,No internet service,No internet service,No internet service,Two year,No,Mailed check,26.1,1851.45,No,60+,25.714583333333334,2,0
Male,0,No,Yes,71,Yes,Yes,Fiber optic,Yes,Yes,No,No,No,No,One year,Yes,Credit card (automatic),85.45,6028.95,No,60+,84.91478873239437,4,1
Female,0,No,No,24,Yes,Yes,Fiber optic,No,No,Yes,No,Yes,No,Month-to-month,Yes,Credit card (automatic),88.95,2072.75,No,13-24,86.36458333333333,4,1
Female,0,No,No,50,Yes,Yes,Fiber optic,Yes,Yes,No,Yes,Yes,Yes,Two year,Yes,Electronic check,109.65,5551.15,Yes,49-60,111.023,7,1
Male,0,No,No,57,Yes,No,DSL,Yes,No,Yes,No,Yes,Yes,Two year,Yes,Bank transfer (automatic),74.35,4317.35,No,49-60,75.74298245614035,5,1
Female,0,No,No,15,Yes,No,DSL,No,Yes,No,No,No,No,Month-to-month,No,Electronic check,48.85,736.8,No,13-24,49.12,2,1
Male,0,No,No,4,Yes,Yes,Fiber optic,Yes,No,No,No,No,No,Month-to-month,Yes,Electronic check,80.1,336.15,No,0-12,84.0375,3,1
Female,0,No,No,28,Yes,No,DSL,Yes,Yes,No,No,No,No,Month-to-month,No,Electronic check,56.05,1522.65,No,25-48,54.38035714285714,3,1
Female,1,No,No,9,Yes,Yes,Fiber optic,No,No,No,No,No,No,Month-to-month,Yes,Electronic check,74.55,622.9,Yes,0-12,69.21111111111111,2,1
Female,0,Yes,No,55,Yes,Yes,Fiber optic,Yes,No,No,No,Yes,No,Month-to-month,Yes,Bank transfer (automatic),89.8,4959.6,No,49-60,90.17454545454548,4,1
Male,0,No,No,3,Yes,Yes,Fiber optic,No,No,Yes,No,Yes,Yes,Month-to-month,Yes,Electronic check,100.95,329.95,Yes,0-12,109.98333333333332,5,1
Male,0,No,No,10,Yes,No,Fiber optic,No,No,Yes,No,Yes,Yes,Month-to-month,Yes,Electronic check,94.9,1048.85,Yes,0-12,104.885,4,1
Male,0,No,Yes,55,Yes,No,No,No internet service,No internet service,No internet service,No internet service,No internet service,No internet service,One year,No,Bank transfer (automatic),19.1,1001.5,No,49-60,18.20909090909091,1,0
Female,0,Yes,Yes,20,Yes,No,No,No internet service,No internet service,No internet service,No internet service,No internet service,No internet service,Month-to-month,No,Mailed check,20.35,442.6,No,13-24,22.130000000000003,1,0
Female,0,Yes,Yes,62,Yes,Yes,Fiber optic,No,Yes,No,Yes,Yes,Yes,One year,Yes,Credit card (automatic),106.05,6703.5,No,60+,108.12096774193547,6,1
Male,1,Yes,No,32,Yes,Yes,Fiber optic,No,No,Yes,Yes,Yes,Yes,Month-to-month,Yes,Electronic check,104.9,3351.55,Yes,25-48,104.7359375,6,1
Female,0,No,No,43,Yes,No,No,No internet service,No internet service,No internet service,No internet service,No internet service,No internet service,Two year,Yes,Bank transfer (automatic),19.65,779.25,No,25-48,18.12209302325581,1,0
Male,0,Yes,No,9,No,No phone service,DSL,No,No,No,No,No,No,One year,No,Bank transfer (automatic),24.1,259.8,Yes,0-12,28.866666666666667,0,1
Female,0,Yes,No,60,Yes,No,DSL,Yes,Yes,No,Yes,No,No,Two year,No,Bank transfer (automatic),59.85,3483.45,No,49-60,58.0575,4,1
Male,0,Yes,No,58,Yes,Yes,DSL,Yes,Yes,Yes,No,Yes,Yes,Two year,Yes,Electronic check,86.1,4890.5,No,49-60,84.31896551724138,7,1
Male,0,No,Yes,7,Yes,No,No,No internet service,No internet service,No internet service,No internet service,No internet service,No internet service,One year,No,Mailed check,19.45,136.75,No,0-12,19.535714285714285,1,0
Male,0,Yes,Yes,2,Yes,No,Fiber optic,Yes,No,No,No,Yes,Yes,Month-to-month,No,Electronic check,97.1,184.15,No,0-12,92.075,4,1
Male,1,No,No,37,No,No phone service,DSL,No,Yes,Yes,No,No,No,Month-to-month,No,Electronic check,36.65,1315.0,No,25-48,35.54054054054054,2,1
Female,1,Yes,Yes,65,Yes,Yes,Fiber optic,No,No,Yes,Yes,Yes,Yes,One year,Yes,Bank transfer (automatic),103.9,6767.1,No,60+,104.10923076923078,6,1
Female,0,Yes,Yes,39,Yes,No,No,No internet service,No internet service,No internet service,No internet service,No internet service,No internet service,Two year,No,Mailed check,19.75,757.95,No,25-48,19.434615384615388,1,0
Male,0,Yes,No,66,Yes,Yes,Fiber optic,No,Yes,No,Yes,Yes,Yes,One year,Yes,Electronic check,104.05,6890.0,Yes,60+,104.3939393939394,6,1
Male,0,No,No,68,Yes,Yes,No,No internet service,No internet service,No internet service,No internet service,No internet service,No internet service,Two year,No,Mailed check,24.55,1657.4,No,60+,24.373529411764707,2,0
Female,0,Yes,Yes,62,No,No phone service,DSL,Yes,Yes,No,Yes,Yes,No,Two year,No,Bank transfer (automatic),48.7,3008.55,No,60+,48.525000000000006,4,1
Male,0,No,No,3,Yes,No,Fiber optic,No,No,Yes,Yes,Yes,No,Month-to-month,Yes,Mailed check,88.35,262.05,Yes,0-12,87.35000000000001,4,1
Female,0,Yes,No,72,Yes,Yes,Fiber optic,Yes,Yes,Yes,No,Yes,Yes,Two year,Yes,Electronic check,109.55,8165.1,No,60+,113.40416666666668,7,1
Female,0,Yes,No,41,Yes,No,No,No internet service,No internet service,No internet service,No internet service,No internet service,No internet service,Two year,No,Credit card (automatic),20.65,875.55,No,25-48,21.35487804878049,1,0
Male,0,Yes,Yes,29,Yes,No,Fiber optic,Yes,No,No,No,Yes,Yes,Month-to-month,No,Credit card (automatic),94.65,2649.15,Yes,25-48,91.35,4,1
Female,0,No,No,4,Yes,No,DSL,Yes,Yes,No,No,No,No,Month-to-month,No,Electronic check,55.2,220.65,No,0-12,55.1625,3,1
Male,0,No,No,53,Yes,Yes,No,No internet service,No internet service,No internet service,No internet service,No internet service,No internet service,One year,No,Bank transfer (automatic),24.05,1301.9,No,49-60,24.56415094339623,2,0
Male,1,Yes,No,1,Yes,Yes,Fiber optic,No,No,No,No,No,No,Month-to-month,Yes,Electronic check,74.4,74.4,Yes,0-12,74.4,2,1
Female,0,Yes,Yes,41,Yes,Yes,DSL,Yes,Yes,Yes,Yes,No,Yes,Month-to-month,No,Credit card (automatic),79.9,3326.2,Yes,25-48,81.12682926829268,7,1
Male,0,Yes,No,39,Yes,No,No,No internet service,No internet service,No internet service,No internet service,No internet service,No internet service,Two year,Yes,Bank transfer (automatic),20.45,790.0,No,25-48,20.256410256410252,1,0
Male,0,Yes,No,63,Yes,No,No,No internet service,No internet service,No internet service,No internet service,No internet service,No internet service,Two year,No,Mailed check,19.25,1237.65,No,60+,19.645238095238096,1,0
Male,0,No,No,15,Yes,Yes,No,No internet service,No internet service,No internet service,No internet service,No internet service,No internet service,Month-to-month,Yes,Electronic check,26.35,378.6,No,13-24,25.24,2,0
Female,0,Yes,No,13,Yes,No,DSL,No,No,No,No,No,No,One year,No,Electronic check,43.8,592.65,No,13-24,45.58846153846154,1,1
Male,0,No,No,1,Yes,No,DSL,No,Yes,No,No,No,No,Month-to-month,Yes,Mailed check,50.15,50.15,No,0-12,50.15,2,1
Male,0,No,No,1,Yes,No,No,No internet service,No internet service,No internet service,No internet service,No internet service,No internet service,Two year,No,Mailed check,20.45,20.45,No,0-12,20.45,1,0
Male,1,No,No,8,Yes,No,Fiber optic,No,No,No,No,No,No,Month-to-month,Yes,Electronic check,69.7,560.85,Yes,0-12,70.10625,1,1
Male,0,No,No,60,Yes,No,DSL,Yes,Yes,Yes,No,No,No,Two year,No,Electronic check,61.4,3638.25,No,49-60,60.6375,4,1
Female,1,Yes,No,12,Yes,Yes,Fiber optic,No,Yes,Yes,No,Yes,No,Month-to-month,Yes,Electronic check,98.1,1060.2,Yes,0-12,88.35000000000001,5,1
Male,0,Yes,No,40,Yes,Yes,DSL,No,Yes,No,Yes,Yes,No,One year,No,Credit card (automatic),70.75,2921.75,No,25-48,73.04375,5,1
Female,0,No,No,66,Yes,No,DSL,Yes,Yes,Yes,No,No,No,Two year,Yes,Bank transfer (automatic),61.15,4017.45,No,60+,60.87045454545454,4,1
Male,0,Yes,Yes,42,Yes,No,No,No internet service,No internet service,No internet service,No internet service,No internet service,No internet service,One year,No,Mailed check,20.25,854.9,No,25-48,20.354761904761904,1,0
Female,1,No,No,66,Yes,Yes,DSL,Yes,Yes,No,Yes,No,No,One year,Yes,Credit card (automatic),63.85,4174.35,No,60+,63.24772727272728,5,1
Male,0,No,No,49,Yes,Yes,Fiber optic,No,Yes,No,No,Yes,Yes,Month-to-month,No,Electronic check,98.7,4920.55,No,49-60,100.41938775510204,5,1
Female,0,No,No,1,Yes,No,No,No internet service,No internet service,No internet service,No internet service,No internet service,No internet service,Month-to-month,No,Mailed check,20.5,20.5,Yes,0-12,20.5,1,0
Female,0,No,No,41,Yes,No,No,No internet service,No internet service,No internet service,No internet service,No internet service,No internet service,Two year,No,Mailed check,20.0,810.3,No,25-48,19.76341463414634,1,0
Female,0,Yes,Yes,41,Yes,No,No,No internet service,No internet service,No internet service,No internet service,No internet service,No internet service,Two year,No,Bank transfer (automatic),19.3,772.4,No,25-48,18.839024390243903,1,0
Female,0,Yes,Yes,23,Yes,No,Fiber optic,Yes,Yes,No,Yes,No,No,Month-to-month,No,Mailed check,84.4,1936.85,No,13-24,84.2108695652174,4,1
Male,0,No,No,3,No,No phone service,DSL,No,No,No,No,No,No,Month-to-month,No,Electronic check,25.1,79.8,No,0-12,26.6,0,1
Female,0,No,No,4,No,No phone service,DSL,Yes,No,Yes,Yes,No,Yes,Month-to-month,No,Mailed check,48.25,202.25,No,0-12,50.5625,4,1
Female,0,Yes,Yes,52,Yes,No,No,No internet service,No internet service,No internet service,No internet service,No internet service,No internet service,Two year,No,Mailed check,19.85,1070.5,No,49-60,20.58653846153846,1,0
Female,1,Yes,No,4,Yes,Yes,Fiber optic,Yes,No,No,No,Yes,Yes,Month-to-month,Yes,Electronic check,99.6,347.65,Yes,0-12,86.9125,5,1
Female,0,No,No,11,Yes,No,Fiber optic,No,Yes,Yes,Yes,No,Yes,Month-to-month,Yes,Electronic check,94.2,999.9,No,0-12,90.9,5,1
Female,0,Yes,No,2,Yes,No,DSL,Yes,No,No,No,No,Yes,Month-to-month,Yes,Mailed check,62.15,113.1,No,0-12,56.55,3,1
Female,0,Yes,No,26,Yes,Yes,Fiber optic,No,Yes,No,No,No,No,Month-to-month,No,Bank transfer (automatic),79.3,2015.8,No,25-48,77.53076923076922,3,1
Male,0,Yes,Yes,24,Yes,No,DSL,Yes,No,Yes,No,No,No,One year,Yes,Credit card (automatic),56.25,1454.25,No,13-24,60.59375,3,1
Female,0,No,No,12,Yes,No,No,No internet service,No internet service,No internet service,No internet service,No internet service,No internet service,Month-to-month,No,Mailed check,20.3,246.7,No,0-12,20.558333333333334,1,0
Male,1,Yes,No,60,Yes,Yes,Fiber optic,No,No,No,Yes,Yes,Yes,Month-to-month,Yes,Electronic check,99.0,6017.9,No,49-60,100.29833333333332,5,1
Female,0,Yes,Yes,64,Yes,Yes,DSL,Yes,Yes,Yes,Yes,Yes,Yes,Two year,Yes,Mailed check,90.6,5817.45,No,60+,90.89765625,8,1
Male,0,Yes,No,66,Yes,No,DSL,Yes,Yes,Yes,Yes,Yes,Yes,Two year,Yes,Bank transfer (automatic),85.9,5595.3,No,60+,84.77727272727273,7,1
Female,0,No,No,60,Yes,Yes,Fiber optic,No,No,Yes,No,No,No,One year,Yes,Bank transfer (automatic),79.2,4765.0,No,49-60,79.41666666666667,3,1
Male,0,Yes,Yes,17,Yes,Yes,DSL,Yes,No,Yes,No,Yes,No,One year,Yes,Bank transfer (automatic),70.35,1201.65,No,13-24,70.68529411764706,5,1
Male,0,Yes,Yes,42,Yes,No,No,No internet service,No internet service,No internet service,No internet service,No internet service,No internet service,Two year,No,Mailed check,19.35,867.3,No,25-48,20.65,1,0
Male,0,No,No,1,Yes,Yes,DSL,No,No,No,No,No,No,Month-to-month,Yes,Electronic check,50.15,50.15,No,0-12,50.15,2,1
Female,0,Yes,Yes,47,Yes,No,DSL,No,Yes,No,Yes,No,Yes,Two year,No,Bank transfer (automatic),63.8,3007.25,No,25-48,63.984042553191486,4,1
Female,0,Yes,No,10,Yes,No,No,No internet service,No internet service,No internet service,No internet service,No internet service,No internet service,Month-to-month,Yes,Mailed check,20.55,252.75,No,0-12,25.275,1,0
Male,1,Yes,No,70,Yes,Yes,DSL,Yes,Yes,Yes,Yes,Yes,Yes,Two year,Yes,Credit card (automatic),88.55,6306.5,No,60+,90.09285714285714,8,1
Male,1,No,No,67,Yes,Yes,Fiber optic,No,No,Yes,No,Yes,Yes,Month-to-month,Yes,Credit card (automatic),101.4,6841.05,No,60+,102.10522388059702,5,1
Female,0,No,No,1,Yes,No,Fiber optic,No,No,No,No,No,Yes,Month-to-month,Yes,Electronic check,81.95,81.95,Yes,0-12,81.95,2,1
Male,0,Yes,No,7,Yes,No,Fiber optic,No,No,No,No,No,No,Month-to-month,Yes,Electronic check,69.35,451.1,Yes,0-12,64.44285714285715,1,1
Male,0,No,No,1,Yes,No,DSL,No,No,No,No,No,No,Month-to-month,No,Mailed check,44.6,44.6,No,0-12,44.6,1,1
Male,0,No,No,4,Yes,No,DSL,No,Yes,No,Yes,Yes,No,Month-to-month,Yes,Bank transfer (automatic),63.75,226.2,No,0-12,56.55,4,1
Female,0,Yes,Yes,66,Yes,Yes,Fiber optic,Yes,Yes,Yes,No,Yes,Yes,Two year,No,Bank transfer (automatic),109.25,7082.5,No,60+,107.31060606060606,7,1
Female,0,No,No,12,Yes,No,Fiber optic,No,Yes,No,No,No,Yes,Month-to-month,Yes,Electronic check,84.6,1017.35,No,0-12,84.77916666666667,3,1
Female,0,No,No,24,Yes,No,No,No internet service,No internet service,No internet service,No internet service,No internet service,No internet service,One year,No,Credit card (automatic),20.45,527.35,No,13-24,21.972916666666663,1,0
Male,0,No,No,26,Yes,No,Fiber optic,No,Yes,No,No,Yes,No,Month-to-month,Yes,Electronic check,85.75,2146.5,No,25-48,82.5576923076923,3,1
Female,0,No,No,6,Yes,No,Fiber optic,No,No,No,No,Yes,Yes,Month-to-month,Yes,Electronic check,91.1,455.3,Yes,0-12,75.88333333333334,3,1
Male,0,Yes,No,57,Yes,Yes,Fiber optic,No,No,Yes,Yes,Yes,Yes,Two year,No,Electronic check,107.95,5969.85,No,49-60,104.7342105263158,6,1
Male,0,Yes,No,14,Yes,Yes,Fiber optic,No,No,No,No,Yes,No,Month-to-month,Yes,Electronic check,86.1,1235.55,Yes,13-24,88.25357142857142,3,1
Female,0,Yes,Yes,42,Yes,Yes,No,No internet service,No internet service,No internet service,No internet service,No internet service,No internet service,Two year,No,Electronic check,22.95,1014.25,No,25-48,24.14880952380953,2,0
Male,0,No,No,25,Yes,Yes,Fiber optic,No,No,No,No,Yes,Yes,Month-to-month,Yes,Bank transfer (automatic),94.7,2362.1,Yes,25-48,94.484,4,1
Female,0,Yes,No,64,Yes,No,No,No internet service,No internet service,No internet service,No internet service,No internet service,No internet service,Two year,No,Credit card (automatic),19.45,1225.65,No,60+,19.15078125,1,0
Male,0,Yes,No,22,Yes,Yes,Fiber optic,No,No,No,No,No,Yes,Month-to-month,Yes,Electronic check,85.1,1873.7,Yes,13-24,85.16818181818182,3,1
Male,0,No,No,19,Yes,No,No,No internet service,No internet service,No internet service,No internet service,No internet service,No internet service,One year,Yes,Credit card (automatic),19.7,386.5,No,13-24,20.34210526315789,1,0
Female,0,Yes,Yes,61,Yes,Yes,Fiber optic,No,Yes,No,No,Yes,Yes,Month-to-month,Yes,Electronic check,99.15,6010.05,Yes,60+,98.52540983606558,5,1
Male,0,Yes,No,22,Yes,No,Fiber optic,No,No,Yes,No,Yes,No,Month-to-month,Yes,Bank transfer (automatic),87.0,1850.65,No,13-24,84.12045454545455,3,1
Male,1,Yes,No,70,Yes,Yes,Fiber optic,No,Yes,Yes,No,Yes,Yes,Month-to-month,Yes,Electronic check,102.95,7101.5,Yes,60+,101.45,6,1
Male,0,No,No,12,Yes,No,Fiber optic,No,No,No,No,No,Yes,Month-to-month,Yes,Bank transfer (automatic),79.95,1043.4,No,0-12,86.95,2,1
Female,0,Yes,No,31,Yes,No,DSL,Yes,No,No,Yes,No,Yes,One year,Yes,Electronic check,64.0,1910.75,No,25-48,61.63709677419355,4,1
Female,0,No,No,11,Yes,No,DSL,No,No,No,No,Yes,Yes,Month-to-month,Yes,Electronic check,64.9,716.1,No,0-12,65.10000000000001,3,1
Male,0,Yes,Yes,68,Yes,Yes,No,No internet service,No internet service,No internet service,No internet service,No internet service,No internet service,Two year,No,Mailed check,25.75,1686.15,No,60+,24.796323529411765,2,0
Female,1,Yes,Yes,72,Yes,Yes,DSL,Yes,Yes,Yes,Yes,Yes,Yes,Two year,Yes,Bank transfer (automatic),90.15,6716.45,No,60+,93.28402777777778,8,1
Male,1,No,No,67,Yes,Yes,Fiber optic,Yes,Yes,Yes,Yes,Yes,Yes,Two year,Yes,Credit card (automatic),116.1,7839.85,No,60+,117.01268656716418,8,1
Female,0,No,No,60,Yes,No,Fiber optic,Yes,No,Yes,Yes,Yes,Yes,Month-to-month,Yes,Bank transfer (automatic),104.95,6236.75,No,49-60,103.94583333333334,6,1
Male,0,No,No,1,Yes,No,DSL,No,No,No,No,No,No,Month-to-month,Yes,Mailed check,45.05,45.05,Yes,0-12,45.05,1,1
Female,1,No,Yes,1,Yes,No,Fiber optic,No,No,No,No,No,No,Month-to-month,Yes,Electronic check,71.0,71.0,Yes,0-12,71.0,1,1
Male,0,Yes,Yes,58,No,No phone service,DSL,Yes,Yes,Yes,No,Yes,No,One year,No,Mailed check,50.0,2919.85,No,49-60,50.34224137931034,4,1
Female,1,Yes,Yes,47,Yes,No,Fiber optic,No,No,No,No,No,No,Month-to-month,No,Bank transfer (automatic),70.55,3309.25,Yes,25-48,70.40957446808511,1,1
Female,0,No,No,1,Yes,No,Fiber optic,No,No,No,No,No,Yes,Month-to-month,Yes,Electronic check,79.7,79.7,Yes,0-12,79.7,2,1
Male,0,No,No,1,Yes,No,No,No internet service,No internet service,No internet service,No internet service,No internet service,No internet service,Month-to-month,No,Mailed check,20.45,20.45,No,0-12,20.45,1,0
Male,0,No,No,22,Yes,Yes,DSL,Yes,Yes,No,No,No,No,Month-to-month,No,Electronic check,59.0,1254.7,Yes,13-24,57.03181818181818,4,1
Female,0,No,No,48,Yes,No,DSL,Yes,No,Yes,Yes,No,No,One year,Yes,Credit card (automatic),60.35,2896.4,Yes,25-48,60.34166666666667,4,1
Female,0,Yes,No,37,Yes,No,No,No internet service,No internet service,No internet service,No internet service,No internet service,No internet service,One year,Yes,Bank transfer (automatic),19.85,717.5,No,25-48,19.39189189189189,1,0
Male,0,No,No,13,Yes,No,No,No internet service,No internet service,No internet service,No internet service,No internet service,No internet service,One year,Yes,Electronic check,19.95,253.8,No,13-24,19.523076923076925,1,0
Male,0,No,No,43,Yes,Yes,No,No internet service,No internet service,No internet service,No internet service,No internet service,No internet service,Two year,No,Bank transfer (automatic),26.45,1110.05,No,25-48,25.81511627906977,2,0
Female,0,No,No,6,No,No phone service,DSL,Yes,Yes,Yes,Yes,Yes,Yes,Two year,Yes,Mailed check,63.4,348.8,No,0-12,58.13333333333333,6,1
Male,0,No,No,71,No,No phone service,DSL,Yes,Yes,Yes,Yes,Yes,No,Two year,No,Bank transfer (automatic),53.95,3888.65,No,60+,54.76971830985916,5,1
Female,1,Yes,Yes,1,Yes,No,Fiber optic,No,No,No,No,No,No,Month-to-month,Yes,Electronic check,69.25,69.25,Yes,0-12,69.25,1,1
Female,0,Yes,Yes,72,Yes,Yes,Fiber optic,Yes,Yes,No,No,Yes,No,Two year,Yes,Electronic check,95.1,6843.15,No,60+,95.04375,5,1
Female,1,No,No,6,Yes,No,Fiber optic,Yes,No,No,No,No,No,Month-to-month,Yes,Electronic check,74.1,450.9,No,0-12,75.14999999999999,2,1
Male,0,Yes,Yes,12,No,No phone service,DSL,No,Yes,No,Yes,No,No,Month-to-month,No,Mailed check,35.5,432.25,No,0-12,36.020833333333336,2,1
Male,0,No,No,25,Yes,No,Fiber optic,No,No,No,No,No,No,Month-to-month,No,Mailed check,70.95,1767.35,Yes,25-48,70.694,1,1
Female,0,Yes,No,21,Yes,No,Fiber optic,No,No,Yes,Yes,No,No,One year,No,Electronic check,79.2,1742.45,No,13-24,82.97380952380952,3,1
Female,0,Yes,Yes,6,Yes,No,DSL,No,No,No,Yes,No,No,Month-to-month,Yes,Mailed check,48.8,297.35,No,0-12,49.55833333333334,2,1
Male,0,Yes,No,20,Yes,No,Fiber optic,No,No,No,No,Yes,Yes,Month-to-month,Yes,Mailed check,89.0,1820.45,Yes,13-24,91.0225,3,1
Male,0,Yes,No,18,Yes,Yes,Fiber optic,Yes,No,No,No,Yes,Yes,Month-to-month,Yes,Electronic check,99.4,1742.95,Yes,13-24,96.83055555555556,5,1
Female,0,No,No,43,Yes,No,DSL,No,Yes,No,Yes,No,No,One year,No,Electronic check,55.45,2444.25,No,25-48,56.843023255813954,3,1
Female,0,Yes,Yes,35,Yes,Yes,No,No internet service,No internet service,No internet service,No internet service,No internet service,No internet service,Two year,Yes,Credit card (automatic),25.4,949.8,No,25-48,27.13714285714285,2,0
Female,0,No,No,1,Yes,No,Fiber optic,No,No,Yes,No,No,No,Month-to-month,No,Bank transfer (automatic),73.5,73.5,Yes,0-12,73.5,2,1
Male,1,Yes,No,32,Yes,Yes,Fiber optic,No,Yes,Yes,No,No,Yes,Month-to-month,Yes,Electronic check,93.5,2970.8,No,25-48,92.8375,5,1
Male,0,No,No,52,No,No phone service,DSL,Yes,Yes,Yes,Yes,Yes,Yes,Two year,No,Credit card (automatic),63.9,3334.95,No,49-60,64.13365384615385,6,1
Male,0,No,No,32,Yes,No,DSL,No,No,No,No,Yes,Yes,One year,Yes,Bank transfer (automatic),64.85,2010.95,No,25-48,62.8421875,3,1
Female,0,Yes,Yes,72,No,No phone service,DSL,Yes,Yes,Yes,Yes,Yes,Yes,Two year,Yes,Bank transfer (automatic),63.8,4684.3,No,60+,65.05972222222222,6,1
Male,0,No,No,51,No,No phone service,DSL,Yes,No,No,Yes,No,Yes,Month-to-month,Yes,Credit card (automatic),44.45,2181.55,No,49-60,42.77549019607844,3,1
Male,0,Yes,Yes,68,Yes,No,No,No internet service,No internet service,No internet service,No internet service,No internet service,No internet service,Two year,Yes,Bank transfer (automatic),19.95,1303.25,No,60+,19.165441176470587,1,0
Male,1,Yes,No,8,No,No phone service,DSL,No,Yes,Yes,No,No,Yes,Month-to-month,Yes,Mailed check,43.35,371.4,No,0-12,46.425,3,1
Male,0,Yes,No,49,No,No phone service,DSL,No,Yes,No,No,Yes,Yes,Two year,No,Credit card (automatic),49.65,2409.9,No,49-60,49.18163265306123,3,1
Female,0,Yes,No,72,Yes,No,DSL,Yes,Yes,Yes,Yes,Yes,Yes,Two year,No,Mailed check,85.1,6155.4,No,60+,85.49166666666666,7,1
Male,0,No,No,9,Yes,Yes,Fiber optic,No,No,No,No,Yes,Yes,Month-to-month,Yes,Electronic check,95.5,829.1,Yes,0-12,92.12222222222222,4,1
Female,0,Yes,No,28,Yes,No,Fiber optic,Yes,No,No,No,Yes,Yes,Month-to-month,Yes,Mailed check,92.35,2602.9,Yes,25-48,92.96071428571427,4,1
Male,0,No,No,54,Yes,No,Fiber optic,Yes,No,Yes,No,Yes,No,Month-to-month,No,Mailed check,89.8,4667.0,No,49-60,86.42592592592592,4,1
Male,0,No,No,11,Yes,No,Fiber optic,No,Yes,No,No,No,No,Month-to-month,Yes,Electronic check,74.55,824.75,Yes,0-12,74.97727272727273,2,1
Female,0,Yes,Yes,50,Yes,No,Fiber optic,No,No,Yes,Yes,Yes,Yes,One year,No,Mailed check,103.05,5153.5,No,49-60,103.07,5,1
Female,0,Yes,No,69,Yes,Yes,Fiber optic,Yes,Yes,Yes,Yes,Yes,Yes,Two year,Yes,Electronic check,116.0,8182.85,No,60+,118.59202898550726,8,1
Male,0,No,No,1,Yes,No,Fiber optic,No,No,No,No,No,No,Month-to-month,Yes,Electronic check,69.9,69.9,No,0-12,69.9,1,1
Male,0,Yes,Yes,68,Yes,No,Fiber optic,Yes,Yes,No,Yes,No,Yes,Two year,No,Bank transfer (automatic),95.1,6683.4,No,60+,98.28529411764706,5,1
Male,0,No,Yes,40,No,No phone service,DSL,Yes,Yes,No,Yes,No,No,One year,No,Mailed check,40.25,1564.05,No,25-48,39.10125,3,1
Male,0,Yes,Yes,31,Yes,Yes,No,No internet service,No internet service,No internet service,No internet service,No internet service,No internet service,Two year,No,Mailed check,25.75,755.6,No,25-48,24.374193548387098,2,0
Female,1,No,Yes,33,Yes,Yes,Fiber optic,No,Yes,Yes,No,Yes,Yes,Month-to-month,Yes,Bank transfer (automatic),105.35,3465.05,No,25-48,105.00151515151516,6,1
Male,1,Yes,No,55,Yes,Yes,Fiber optic,No,Yes,Yes,Yes,Yes,Yes,Two year,Yes,Electronic check,113.6,6292.7,No,49-60,114.41272727272728,7,1
Male,0,Yes,Yes,68,Yes,Yes,No,No internet service,No internet service,No internet service,No internet service,No internet service,No internet service,Two year,Yes,Bank transfer (automatic),24.0,1664.3,No,60+,24.475,2,0
Female,0,Yes,Yes,12,Yes,No,No,No internet service,No internet service,No internet service,No internet service,No internet service,No internet service,Month-to-month,No,Bank transfer (automatic),19.4,198.1,No,0-12,16.508333333333333,1,0
Male,0,Yes,No,71,Yes,No,DSL,Yes,Yes,Yes,Yes,Yes,Yes,Two year,Yes,Bank transfer (automatic),86.1,6045.9,No,60+,85.15352112676055,7,1
Male,0,No,No,40,Yes,Yes,Fiber optic,No,Yes,Yes,No,Yes,Yes,Month-to-month,Yes,Mailed check,102.65,4108.15,No,25-48,102.70375,6,1
Female,0,Yes,Yes,64,Yes,Yes,Fiber optic,No,Yes,Yes,No,No,Yes,One year,Yes,Electronic check,92.85,5980.75,No,60+,93.44921875,5,1
Male,0,Yes,No,53,Yes,Yes,Fiber optic,No,Yes,No,Yes,No,Yes,One year,No,Bank transfer (automatic),97.75,5043.2,No,49-60,95.15471698113208,5,1
Male,1,No,No,12,Yes,No,Fiber optic,No,Yes,Yes,Yes,No,No,Month-to-month,Yes,Mailed check,83.8,1029.75,Yes,0-12,85.8125,4,1
Male,1,No,No,53,No,No phone service,DSL,No,Yes,Yes,No,Yes,Yes,Month-to-month,Yes,Electronic check,54.45,2854.55,Yes,49-60,53.85943396226416,4,1
Male,0,Yes,No,72,Yes,Yes,Fiber optic,Yes,Yes,Yes,No,Yes,No,Two year,Yes,Credit card (automatic),97.95,7114.25,No,60+,98.80902777777776,6,1
Male,0,No,No,46,Yes,No,No,No internet service,No internet service,No internet service,No internet service,No internet service,No internet service,Two year,No,Electronic check,19.95,907.05,No,25-48,19.718478260869563,1,0
Male,0,No,No,40,Yes,Yes,No,No internet service,No internet service,No internet service,No internet service,No internet service,No internet service,Two year,Yes,Mailed check,24.6,973.95,No,25-48,24.348750000000003,2,0
Male,0,No,No,12,No,No phone service,DSL,Yes,Yes,No,Yes,Yes,No,Month-to-month,Yes,Bank transfer (automatic),50.95,605.75,No,0-12,50.47916666666666,4,1
Male,0,No,No,9,Yes,No,Fiber optic,Yes,No,No,No,No,No,Month-to-month,No,Electronic check,75.6,661.55,No,0-12,73.50555555555555,2,1
Female,0,Yes,Yes,51,Yes,Yes,Fiber optic,No,No,No,Yes,No,No,Month-to-month,Yes,Electronic check,80.75,4116.9,No,49-60,80.7235294117647,3,1
Male,0,Yes,Yes,49,Yes,No,Fiber optic,No,Yes,Yes,No,Yes,No,Month-to-month,Yes,Credit card (automatic),90.4,4494.65,No,49-60,91.72755102040816,4,1
Male,1,Yes,No,41,Yes,Yes,Fiber optic,No,No,Yes,No,Yes,Yes,Month-to-month,Yes,Electronic check,99.8,4259.3,Yes,25-48,103.88536585365854,5,1
Female,0,No,No,56,Yes,No,DSL,Yes,No,Yes,Yes,No,No,One year,Yes,Credit card (automatic),60.25,3282.75,No,49-60,58.62053571428572,4,1
Male,0,No,No,4,Yes,No,No,No internet service,No internet service,No internet service,No internet service,No internet service,No internet service,Month-to-month,Yes,Electronic check,20.2,55.7,No,0-12,13.925,1,0
Male,0,Yes,No,20,Yes,No,DSL,Yes,No,No,Yes,No,Yes,One year,Yes,Mailed check,64.15,1274.45,No,13-24,63.7225,4,1
Female,0,Yes,Yes,26,Yes,No,No,No internet service,No internet service,No internet service,No internet service,No internet service,No internet service,Month-to-month,Yes,Credit card (automatic),20.25,493.95,No,25-48,18.998076923076923,1,0
Female,0,Yes,Yes,20,Yes,Yes,Fiber optic,No,Yes,Yes,No,Yes,Yes,Month-to-month,Yes,Bank transfer (automatic),105.85,2239.65,Yes,13-24,111.9825,6,1
Female,0,No,No,7,Yes,Yes,Fiber optic,No,No,No,No,No,No,Month-to-month,No,Mailed check,75.45,480.75,Yes,0-12,68.67857142857143,2,1
Male,0,No,No,7,Yes,Yes,Fiber optic,No,No,No,No,Yes,Yes,Month-to-month,Yes,Electronic check,93.85,635.6,Yes,0-12,90.8,4,1
Male,0,No,No,51,Yes,No,Fiber optic,No,Yes,Yes,No,Yes,Yes,Month-to-month,Yes,Electronic check,99.0,5038.15,No,49-60,98.78725490196078,5,1
Female,0,No,No,4,Yes,Yes,Fiber optic,No,Yes,No,No,No,No,Month-to-month,Yes,Mailed check,80.3,324.2,No,0-12,81.05,3,1
Female,0,No,No,1,Yes,No,No,No internet service,No internet service,No internet service,No internet service,No internet service,No internet service,Month-to-month,No,Credit card (automatic),19.55,19.55,No,0-12,19.55,1,0
Male,0,Yes,Yes,27,Yes,Yes,Fiber optic,Yes,Yes,No,Yes,Yes,No,Month-to-month,No,Electronic check,100.75,2793.55,No,25-48,103.46481481481482,6,1
Male,0,No,No,22,Yes,Yes,Fiber optic,Yes,No,No,No,Yes,Yes,Month-to-month,Yes,Electronic check,100.75,2095.0,Yes,13-24,95.22727272727272,5,1
Male,0,No,No,12,Yes,No,DSL,No,Yes,No,Yes,No,No,Month-to-month,Yes,Mailed check,53.75,648.65,No,0-12,54.05416666666667,3,1
Female,0,Yes,Yes,3,No,No phone service,DSL,No,No,No,Yes,No,No,Month-to-month,Yes,Mailed check,31.0,95.05,Yes,0-12,31.683333333333334,1,1
Female,0,Yes,Yes,34,Yes,Yes,No,No internet service,No internet service,No internet service,No internet service,No internet service,No internet service,One year,Yes,Credit card (automatic),25.6,917.15,No,25-48,26.975,2,0
Male,0,Yes,No,24,Yes,Yes,DSL,Yes,No,No,Yes,No,No,One year,Yes,Electronic check,58.35,1346.9,No,13-24,56.12083333333334,4,1
Male,0,No,No,51,Yes,Yes,Fiber optic,No,No,Yes,No,No,No,Month-to-month,No,Credit card (automatic),80.0,4242.35,Yes,49-60,83.18333333333334,3,1
Female,1,No,No,14,No,No phone service,DSL,No,No,No,No,Yes,Yes,Month-to-month,Yes,Electronic check,46.35,672.7,No,13-24,48.05,2,1
Male,0,Yes,No,59,Yes,Yes,Fiber optic,Yes,Yes,Yes,Yes,Yes,Yes,Two year,No,Electronic check,113.75,6561.25,No,49-60,111.20762711864408,8,1
Male,0,No,No,3,Yes,No,Fiber optic,No,Yes,Yes,No,No,Yes,Month-to-month,No,Electronic check,90.4,268.45,No,0-12,89.48333333333333,4,1
Female,0,Yes,Yes,65,Yes,Yes,Fiber optic,Yes,No,Yes,Yes,Yes,Yes,Two year,No,Electronic check,109.3,7337.55,No,60+,112.88538461538462,7,1
Male,1,No,No,5,Yes,No,Fiber optic,No,No,No,No,No,No,Month-to-month,Yes,Mailed check,70.25,331.9,Yes,0-12,66.38,1,1
Female,0,Yes,Yes,59,Yes,Yes,DSL,Yes,Yes,Yes,Yes,Yes,Yes,Two year,No,Credit card (automatic),90.3,5194.05,No,49-60,88.03474576271186,8,1
Male,0,Yes,Yes,72,No,No phone service,DSL,Yes,Yes,Yes,Yes,Yes,Yes,Two year,Yes,Credit card (automatic),65.25,4478.85,No,60+,62.20625,6,1
Female,0,Yes,Yes,62,Yes,No,Fiber optic,No,Yes,Yes,No,Yes,Yes,Month-to-month,Yes,Electronic check,100.15,6283.3,Yes,60+,101.34354838709676,5,1
Male,0,No,No,28,Yes,Yes,Fiber optic,Yes,Yes,No,No,No,Yes,Month-to-month,Yes,Credit card (automatic),94.5,2659.4,Yes,25-48,94.97857142857144,5,1
Male,0,No,No,3,Yes,No,DSL,No,No,No,Yes,No,Yes,Month-to-month,No,Mailed check,60.65,196.9,No,0-12,65.63333333333334,3,1
Male,0,No,Yes,19,Yes,Yes,No,No internet service,No internet service,No internet service,No internet service,No internet service,No internet service,Month-to-month,Yes,Credit card (automatic),24.1,439.2,No,13-24,23.11578947368421,2,0
Male,0,No,No,1,Yes,No,No,No internet service,No internet service,No internet service,No internet service,No internet service,No internet service,Month-to-month,Yes,Mailed check,19.5,19.5,No,0-12,19.5,1,0
Male,0,No,No,24,Yes,No,Fiber optic,No,Yes,Yes,Yes,No,No,Month-to-month,Yes,Electronic check,85.95,2107.15,No,13-24,87.79791666666667,4,1
Male,1,No,No,57,Yes,No,DSL,No,No,Yes,Yes,No,No,One year,Yes,Electronic check,53.5,3035.8,No,49-60,53.25964912280702,3,1
Female,0,No,No,72,Yes,Yes,No,No internet service,No internet service,No internet service,No internet service,No internet service,No internet service,Two year,No,Credit card (automatic),25.45,1866.45,No,60+,25.922916666666666,2,0
Male,0,No,No,67,Yes,No,No,No internet service,No internet service,No internet service,No internet service,No internet service,No internet service,Two year,No,Bank transfer (automatic),20.5,1430.95,No,60+,21.357462686567164,1,0
Male,0,Yes,Yes,52,Yes,No,No,No internet service,No internet service,No internet service,No internet service,No internet service,No internet service,One year,Yes,Credit card (automatic),20.85,1071.6,No,49-60,20.607692307692307,1,0
Male,0,Yes,Yes,71,Yes,Yes,DSL,Yes,Yes,Yes,Yes,Yes,Yes,Two year,No,Credit card (automatic),89.9,6457.15,No,60+,90.94577464788732,8,1
Female,0,Yes,No,26,Yes,Yes,No,No internet service,No internet service,No internet service,No internet service,No internet service,No internet service,One year,No,Mailed check,26.0,684.05,No,25-48,26.309615384615384,2,0
Female,0,No,No,35,Yes,Yes,Fiber optic,Yes,Yes,Yes,Yes,Yes,Yes,Two year,Yes,Mailed check,113.2,3914.05,No,25-48,111.83,8,1
Female,0,Yes,Yes,55,Yes,No,Fiber optic,No,No,No,No,No,No,Two year,Yes,Credit card (automatic),69.05,3842.6,No,49-60,69.86545454545454,1,1
Female,0,Yes,Yes,33,Yes,No,No,No internet service,No internet service,No internet service,No internet service,No internet service,No internet service,Two year,No,Mailed check,20.1,670.35,No,25-48,20.313636363636363,1,0
Male,0,Yes,No,72,Yes,Yes,Fiber optic,Yes,Yes,Yes,No,Yes,Yes,Two year,Yes,Electronic check,109.65,7880.25,No,60+,109.44791666666669,7,1
Male,0,No,Yes,1,Yes,No,No,No internet service,No internet service,No internet service,No internet service,No internet service,No internet service,Month-to-month,Yes,Mailed check,19.2,19.2,No,0-12,19.2,1,0
Male,0,No,No,10,No,No phone service,DSL,No,No,No,No,No,Yes,Month-to-month,Yes,Mailed check,33.9,298.45,Yes,0-12,29.845,1,1
Female,1,Yes,No,37,Yes,No,Fiber optic,No,No,Yes,Yes,Yes,No,Month-to-month,No,Electronic check,90.0,3371.75,No,25-48,91.12837837837836,4,1
Male,0,No,No,12,No,No phone service,DSL,No,Yes,No,Yes,No,No,Month-to-month,No,Mailed check,34.0,442.45,No,0-12,36.87083333333333,2,1
Male,0,Yes,Yes,1,Yes,No,No,No internet service,No internet service,No internet service,No internet service,No internet service,No internet service,One year,No,Mailed check,20.4,20.4,No,0-12,20.4,1,0
Male,0,Yes,No,62,No,No phone service,DSL,Yes,Yes,No,Yes,No,No,Two year,Yes,Credit card (automatic),38.6,2345.55,No,60+,37.83145161290323,3,1
Female,0,No,No,1,No,No phone service,DSL,No,No,No,No,No,No,Month-to-month,No,Bank transfer (automatic),25.25,25.25,No,0-12,25.25,0,1
Female,0,No,No,18,Yes,Yes,DSL,Yes,No,Yes,No,No,No,Month-to-month,Yes,Mailed check,60.6,1156.35,No,13-24,64.24166666666666,4,1
Male,1,Yes,No,69,Yes,Yes,Fiber optic,No,Yes,No,No,Yes,No,Month-to-month,Yes,Electronic check,89.95,6143.15,Yes,60+,89.03115942028985,4,1
Male,0,No,No,2,Yes,No,Fiber optic,No,Yes,No,No,No,No,Month-to-month,Yes,Electronic check,74.75,144.8,No,0-12,72.4,2,1
Male,0,Yes,Yes,19,Yes,No,No,No internet service,No internet service,No internet service,No internet service,No internet service,No internet service,Month-to-month,No,Mailed check,20.6,414.95,No,13-24,21.839473684210525,1,0
Male,0,No,No,12,Yes,Yes,Fiber optic,No,No,No,No,Yes,No,Month-to-month,Yes,Electronic check,84.45,1059.55,Yes,0-12,88.29583333333333,3,1
Male,0,No,No,9,Yes,No,No,No internet service,No internet service,No internet service,No internet service,No internet service,No internet service,Month-to-month,No,Mailed check,20.4,181.8,No,0-12,20.200000000000003,1,0
Male,0,No,No,27,Yes,No,DSL,Yes,No,Yes,Yes,Yes,Yes,One year,No,Electronic check,81.7,2212.55,No,25-48,81.9462962962963,6,1
Male,0,No,Yes,27,Yes,Yes,Fiber optic,No,No,No,Yes,No,No,Month-to-month,Yes,Electronic check,79.5,2180.55,Yes,25-48,80.76111111111112,3,1
Male,0,Yes,Yes,1,Yes,No,Fiber optic,No,No,No,No,Yes,Yes,Month-to-month,No,Mailed check,89.15,89.15,Yes,0-12,89.15,3,1
Female,1,No,No,24,Yes,No,No,No internet service,No internet service,No internet service,No internet service,No internet service,No internet service,Month-to-month,Yes,Mailed check,20.3,459.95,No,13-24,19.164583333333333,1,0
Male,1,No,No,14,Yes,Yes,Fiber optic,No,No,No,No,No,No,Month-to-month,Yes,Electronic check,74.95,1036.75,Yes,13-24,74.05357142857143,2,1
Female,1,No,No,32,Yes,No,Fiber optic,No,Yes,No,No,No,No,Month-to-month,Yes,Electronic check,74.4,2276.95,Yes,25-48,71.1546875,2,1
Female,0,No,No,11,Yes,No,No,No internet service,No internet service,No internet service,No internet service,No internet service,No internet service,One year,No,Mailed check,20.0,211.95,No,0-12,19.268181818181816,1,0
Male,0,No,No,1,Yes,Yes,No,No internet service,No internet service,No internet service,No internet service,No internet service,No internet service,Month-to-month,Yes,Mailed check,25.0,25.0,No,0-12,25.0,2,0
Male,1,No,Yes,38,Yes,Yes,Fiber optic,Yes,No,No,No,No,No,Month-to-month,Yes,Mailed check,80.45,3162.65,No,25-48,83.22763157894737,3,1
Female,0,Yes,Yes,9,Yes,No,No,No internet service,No internet service,No internet service,No internet service,No internet service,No internet service,Two year,No,Mailed check,19.75,210.65,No,0-12,23.405555555555555,1,0
Male,0,Yes,Yes,54,Yes,Yes,DSL,Yes,Yes,No,Yes,No,No,Two year,Yes,Credit card (automatic),65.65,3566.7,No,49-60,66.05,5,1
Female,0,No,No,29,Yes,Yes,DSL,No,No,No,No,Yes,Yes,One year,Yes,Credit card (automatic),71.0,2080.1,No,25-48,71.72758620689655,4,1
Male,1,Yes,No,44,Yes,Yes,Fiber optic,No,No,Yes,No,Yes,No,Month-to-month,Yes,Electronic check,89.2,4040.2,No,25-48,91.82272727272726,4,1
Male,0,Yes,Yes,59,Yes,No,DSL,Yes,Yes,Yes,Yes,Yes,Yes,Two year,Yes,Electronic check,86.75,5186.0,No,49-60,87.89830508474576,7,1
Female,0,No,No,3,Yes,No,DSL,No,No,No,No,No,Yes,Month-to-month,Yes,Electronic check,55.3,196.15,Yes,0-12,65.38333333333334,2,1
Female,0,Yes,Yes,18,Yes,No,DSL,Yes,Yes,No,Yes,No,No,One year,Yes,Mailed check,61.5,1087.45,No,13-24,60.41388888888889,4,1
Male,1,No,No,67,Yes,Yes,No,No internet service,No internet service,No internet service,No internet service,No internet service,No internet service,Two year,No,Credit card (automatic),25.1,1672.15,No,60+,24.957462686567165,2,0
Female,0,Yes,Yes,22,Yes,No,DSL,No,Yes,No,Yes,No,No,Month-to-month,No,Electronic check,55.15,1206.05,Yes,13-24,54.82045454545455,3,1
Male,0,No,Yes,33,No,No phone service,DSL,Yes,No,No,Yes,No,No,One year,No,Credit card (automatic),34.05,1113.95,No,25-48,33.75606060606061,2,1
Male,0,No,No,5,Yes,No,No,No internet service,No internet service,No internet service,No internet service,No internet service,No internet service,Month-to-month,No,Mailed check,19.95,107.05,No,0-12,21.41,1,0
Female,0,No,No,2,Yes,No,No,No internet service,No internet service,No internet service,No internet service,No internet service,No internet service,Month-to-month,No,Mailed check,19.95,38.15,No,0-12,19.075,1,0
Male,0,Yes,Yes,72,Yes,Yes,DSL,Yes,Yes,Yes,Yes,Yes,Yes,Two year,No,Credit card (automatic),89.7,6339.3,No,60+,88.04583333333333,8,1
Male,0,No,Yes,9,Yes,No,No,No internet service,No internet service,No internet service,No internet service,No internet service,No internet service,Month-to-month,No,Mailed check,20.4,184.1,No,0-12,20.45555555555556,1,0
Male,0,Yes,Yes,67,Yes,Yes,No,No internet service,No internet service,No internet service,No internet service,No internet service,No internet service,Two year,No,Mailed check,26.3,1688.9,No,60+,25.207462686567165,2,0
Female,0,Yes,No,16,Yes,Yes,Fiber optic,No,No,No,No,Yes,No,Month-to-month,Yes,Electronic check,84.95,1378.25,Yes,13-24,86.140625,3,1
Female,0,No,No,8,Yes,No,No,No internet service,No internet service,No internet service,No internet service,No internet service,No internet service,Month-to-month,Yes,Mailed check,20.7,137.6,No,0-12,17.2,1,0
Male,0,No,No,5,No,No phone service,DSL,Yes,Yes,Yes,Yes,No,No,Month-to-month,Yes,Mailed check,43.25,219.0,Yes,0-12,43.8,4,1
Male,0,Yes,Yes,23,Yes,Yes,DSL,No,No,No,No,No,No,One year,Yes,Credit card (automatic),48.35,1067.15,Yes,13-24,46.39782608695653,2,1
Male,0,No,No,1,Yes,No,Fiber optic,No,No,No,No,Yes,No,Month-to-month,Yes,Electronic check,79.55,79.55,Yes,0-12,79.55,2,1
Female,1,Yes,No,50,Yes,No,Fiber optic,No,No,No,No,No,No,Month-to-month,Yes,Electronic check,71.05,3444.85,Yes,49-60,68.89699999999999,1,1
Male,0,No,No,17,Yes,No,No,No internet service,No internet service,No internet service,No internet service,No internet service,No internet service,Two year,No,Credit card (automatic),19.45,369.05,No,13-24,21.708823529411767,1,0
Female,0,Yes,No,68,Yes,Yes,Fiber optic,Yes,Yes,Yes,No,Yes,Yes,Two year,Yes,Bank transfer (automatic),110.8,7553.6,No,60+,111.08235294117648,7,1
Male,0,No,No,1,Yes,Yes,Fiber optic,No,No,No,No,Yes,No,Month-to-month,No,Electronic check,84.5,84.5,Yes,0-12,84.5,3,1
Female,1,Yes,No,25,Yes,No,Fiber optic,No,No,No,No,No,No,Month-to-month,Yes,Electronic check,69.3,1813.1,No,25-48,72.524,1,1
Male,0,No,No,67,No,No phone service,DSL,Yes,No,Yes,Yes,Yes,No,One year,Yes,Bank transfer (automatic),49.35,3321.35,No,60+,49.57238805970149,4,1
Male,0,No,No,32,Yes,No,No,No internet service,No internet service,No internet service,No internet service,No internet service,No internet service,One year,No,Credit card (automatic),20.35,707.5,No,25-48,22.109375,1,0
Female,1,Yes,No,67,Yes,Yes,Fiber optic,Yes,Yes,No,No,Yes,Yes,One year,Yes,Electronic check,105.6,7112.15,No,60+,106.15149253731344,6,1
Male,1,Yes,No,72,No,No phone service,DSL,Yes,Yes,Yes,Yes,Yes,Yes,Two year,Yes,Credit card (automatic),64.45,4641.1,No,60+,64.45972222222223,6,1
Male,0,Yes,No,71,Yes,Yes,Fiber optic,No,Yes,Yes,Yes,Yes,Yes,Two year,Yes,Credit card (automatic),108.6,7690.9,Yes,60+,108.3225352112676,7,1
Male,0,No,Yes,1,Yes,No,DSL,No,Yes,No,No,No,No,Month-to-month,Yes,Electronic check,49.9,49.9,No,0-12,49.9,2,1
Male,0,No,No,46,No,No phone service,DSL,No,Yes,No,No,No,No,Month-to-month,No,Bank transfer (automatic),30.3,1380.1,Yes,25-48,30.002173913043475,1,1
Female,1,No,No,2,No,No phone service,DSL,No,No,Yes,No,No,No,Month-to-month,Yes,Electronic check,30.4,78.65,Yes,0-12,39.325,1,1
Female,0,No,No,1,Yes,No,DSL,No,No,No,No,No,No,Month-to-month,Yes,Mailed check,45.4,45.4,Yes,0-12,45.4,1,1
Female,0,Yes,No,48,Yes,No,DSL,No,Yes,Yes,No,No,Yes,One year,Yes,Electronic check,65.65,3094.65,No,25-48,64.471875,4,1
Female,0,Yes,No,61,Yes,Yes,Fiber optic,No,No,Yes,Yes,Yes,Yes,One year,Yes,Bank transfer (automatic),103.3,6518.35,No,60+,106.85819672131149,6,1
Female,0,Yes,No,32,Yes,No,Fiber optic,No,Yes,No,No,No,Yes,Month-to-month,No,Bank transfer (automatic),84.15,2585.95,Yes,25-48,80.8109375,3,1
Female,0,No,No,2,Yes,No,DSL,No,No,No,No,No,No,Month-to-month,No,Electronic check,44.45,82.7,No,0-12,41.35,1,1
Female,0,No,No,3,Yes,No,No,No internet service,No internet service,No internet service,No internet service,No internet service,No internet service,Month-to-month,No,Electronic check,19.75,58.85,Yes,0-12,19.616666666666667,1,0
Female,0,No,No,5,Yes,No,Fiber optic,No,No,No,Yes,No,Yes,Month-to-month,Yes,Credit card (automatic),85.4,425.9,Yes,0-12,85.17999999999999,3,1
Female,0,Yes,Yes,71,Yes,Yes,DSL,Yes,Yes,Yes,Yes,Yes,Yes,Two year,No,Bank transfer (automatic),89.9,6342.7,No,60+,89.33380281690141,8,1
Male,0,Yes,No,37,Yes,Yes,DSL,Yes,No,No,No,No,No,Month-to-month,Yes,Mailed check,55.05,2030.75,No,25-48,54.88513513513514,3,1
Male,0,Yes,Yes,65,Yes,Yes,Fiber optic,No,No,Yes,Yes,Yes,Yes,Two year,Yes,Bank transfer (automatic),104.1,6700.05,No,60+,103.07769230769232,6,1
Female,0,No,Yes,67,Yes,Yes,Fiber optic,No,Yes,No,Yes,Yes,Yes,One year,Yes,Bank transfer (automatic),106.6,7244.7,No,60+,108.12985074626866,6,1
Male,0,No,Yes,49,Yes,Yes,Fiber optic,No,No,No,No,No,No,Month-to-month,No,Credit card (automatic),75.2,3678.3,Yes,49-60,75.06734693877551,2,1
Male,0,Yes,Yes,50,Yes,Yes,DSL,Yes,No,No,Yes,Yes,No,Two year,Yes,Credit card (automatic),70.5,3486.65,No,49-60,69.733,5,1
Male,0,Yes,Yes,25,Yes,No,No,No internet service,No internet service,No internet service,No internet service,No internet service,No internet service,One year,No,Electronic check,19.6,411.15,No,25-48,16.445999999999998,1,0
Female,0,No,Yes,17,Yes,Yes,DSL,No,No,Yes,No,No,No,One year,Yes,Mailed check,55.85,937.5,Yes,13-24,55.14705882352941,3,1
Female,0,Yes,Yes,64,Yes,Yes,No,No internet service,No internet service,No internet service,No internet service,No internet service,No internet service,Two year,Yes,Mailed check,24.05,1559.15,No,60+,24.36171875,2,0
Male,0,Yes,No,25,No,No phone service,DSL,No,No,Yes,No,Yes,No,One year,Yes,Credit card (automatic),38.1,970.4,No,25-48,38.816,2,1
Male,1,No,No,23,Yes,Yes,Fiber optic,No,Yes,Yes,No,Yes,Yes,Month-to-month,Yes,Electronic check,106.4,2483.5,Yes,13-24,107.97826086956522,6,1
Male,1,Yes,No,24,No,No phone service,DSL,No,No,Yes,Yes,No,No,Month-to-month,No,Mailed check,34.25,828.2,No,13-24,34.50833333333333,2,1
Female,0,No,No,37,Yes,Yes,Fiber optic,No,No,Yes,No,Yes,Yes,Month-to-month,Yes,Electronic check,100.05,3810.55,No,25-48,102.98783783783784,5,1
Female,0,No,No,21,Yes,No,Fiber optic,No,No,No,No,No,No,Month-to-month,Yes,Electronic check,68.65,1493.2,No,13-24,71.1047619047619,1,1
Male,0,No,No,1,Yes,No,DSL,No,No,No,No,No,No,Month-to-month,Yes,Mailed check,45.8,45.8,No,0-12,45.8,1,1
Female,0,No,No,10,Yes,Yes,Fiber optic,No,No,No,No,No,No,Month-to-month,Yes,Mailed check,75.75,777.3,No,0-12,77.72999999999999,2,1
Male,0,No,No,6,Yes,No,Fiber optic,No,Yes,No,No,No,Yes,Month-to-month,Yes,Electronic check,84.4,556.35,Yes,0-12,92.725,3,1
Male,0,Yes,No,51,Yes,Yes,Fiber optic,Yes,Yes,No,No,No,Yes,One year,Yes,Credit card (automatic),96.4,4911.05,No,49-60,96.29509803921567,5,1
Female,0,No,No,10,Yes,No,No,No internet service,No internet service,No internet service,No internet service,No internet service,No internet service,Month-to-month,Yes,Mailed check,20.55,187.35,No,0-12,18.735,1,0
Female,0,No,No,6,No,No phone service,DSL,Yes,Yes,No,Yes,No,Yes,Month-to-month,No,Credit card (automatic),50.95,307.6,No,0-12,51.26666666666667,4,1
Male,0,Yes,Yes,47,Yes,Yes,DSL,Yes,Yes,Yes,Yes,Yes,Yes,Two year,Yes,Mailed check,90.5,4318.35,No,25-48,91.87978723404257,8,1
Female,0,Yes,Yes,61,Yes,Yes,DSL,Yes,Yes,Yes,Yes,No,Yes,One year,Yes,Electronic check,79.4,4820.55,No,60+,79.02540983606558,7,1
Female,0,No,No,52,No,No phone service,DSL,Yes,Yes,Yes,No,Yes,Yes,Two year,Yes,Bank transfer (automatic),58.75,3038.55,No,49-60,58.43365384615385,5,1
Female,0,Yes,Yes,35,Yes,Yes,DSL,Yes,Yes,No,No,No,No,Month-to-month,Yes,Credit card (automatic),59.45,2136.9,No,25-48,61.05428571428572,4,1
Male,0,Yes,No,71,Yes,Yes,Fiber optic,No,Yes,Yes,No,Yes,Yes,One year,Yes,Bank transfer (automatic),105.7,7472.15,No,60+,105.24154929577465,6,1
Female,0,No,No,6,Yes,No,DSL,Yes,Yes,No,No,No,No,Month-to-month,No,Electronic check,56.25,389.1,Yes,0-12,64.85000000000001,3,1
Male,0,Yes,No,45,Yes,No,DSL,Yes,No,Yes,No,No,No,Two year,No,Credit card (automatic),53.3,2296.25,No,25-48,51.02777777777778,3,1
Female,1,No,No,2,Yes,Yes,Fiber optic,No,No,No,No,Yes,No,Month-to-month,Yes,Electronic check,85.55,187.45,Yes,0-12,93.725,3,1
Female,0,No,No,4,Yes,No,DSL,No,Yes,No,No,Yes,Yes,Month-to-month,Yes,Bank transfer (automatic),68.65,261.25,Yes,0-12,65.3125,4,1
Male,0,No,No,2,No,No phone service,DSL,No,No,No,No,No,No,Month-to-month,No,Mailed check,24.3,38.45,No,0-12,19.225,0,1
Male,0,No,No,4,Yes,No,Fiber optic,No,No,No,No,Yes,No,Month-to-month,No,Electronic check,77.85,299.2,Yes,0-12,74.8,2,1
Male,0,No,No,51,Yes,Yes,DSL,Yes,No,No,Yes,No,No,One year,No,Credit card (automatic),59.9,3043.6,No,49-60,59.67843137254902,4,1
Male,0,Yes,Yes,60,Yes,Yes,No,No internet service,No internet service,No internet service,No internet service,No internet service,No internet service,One year,No,Credit card (automatic),23.95,1506.4,No,49-60,25.10666666666667,2,0
Male,0,No,No,9,Yes,No,No,No internet service,No internet service,No internet service,No internet service,No internet service,No internet service,One year,Yes,Mailed check,20.15,163.7,No,0-12,18.188888888888886,1,0
Male,0,No,No,3,Yes,Yes,Fiber optic,No,Yes,Yes,No,Yes,Yes,Month-to-month,Yes,Bank transfer (automatic),105.35,323.25,Yes,0-12,107.75,6,1
Male,0,No,No,17,Yes,Yes,Fiber optic,No,No,Yes,Yes,No,Yes,Month-to-month,Yes,Bank transfer (automatic),95.65,1640.0,No,13-24,96.47058823529412,5,1
Female,0,No,No,8,Yes,Yes,Fiber optic,No,No,No,No,Yes,No,Month-to-month,Yes,Electronic check,87.05,762.1,Yes,0-12,95.2625,3,1
Male,0,Yes,Yes,46,Yes,No,DSL,Yes,No,Yes,Yes,Yes,Yes,Two year,No,Mailed check,81.0,3846.35,No,25-48,83.61630434782609,6,1
Female,0,No,No,68,Yes,No,DSL,Yes,Yes,Yes,Yes,Yes,Yes,Two year,Yes,Credit card (automatic),82.45,5646.6,No,60+,83.03823529411765,7,1
Male,0,No,No,1,Yes,No,DSL,No,No,No,No,Yes,No,Month-to-month,Yes,Mailed check,53.5,53.5,Yes,0-12,53.5,2,1
Female,0,Yes,No,4,Yes,No,No,No internet service,No internet service,No internet service,No internet service,No internet service,No internet service,One year,No,Bank transfer (automatic),20.5,79.05,No,0-12,19.7625,1,0
Female,0,No,No,1,No,No phone service,DSL,No,No,No,No,No,No,Month-to-month,Yes,Mailed check,25.1,25.1,Yes,0-12,25.1,0,1
Male,0,No,Yes,28,Yes,No,DSL,No,Yes,No,Yes,No,No,One year,Yes,Credit card (automatic),54.4,1516.6,No,25-48,54.16428571428571,3,1
Female,0,No,No,39,Yes,No,DSL,No,Yes,No,No,Yes,No,One year,Yes,Credit card (automatic),58.6,2224.5,No,25-48,57.03846153846154,3,1
Male,0,No,No,11,Yes,No,Fiber optic,No,No,Yes,No,No,Yes,Month-to-month,No,Electronic check,84.8,888.75,No,0-12,80.79545454545455,3,1
Female,0,Yes,No,71,No,No phone service,DSL,No,Yes,Yes,Yes,Yes,Yes,Two year,Yes,Credit card (automatic),61.4,4310.35,No,60+,60.70915492957747,5,1
Male,0,No,Yes,2,Yes,No,No,No internet service,No internet service,No internet service,No internet service,No internet service,No internet service,Month-to-month,No,Mailed check,20.4,42.9,No,0-12,21.45,1,0
Male,1,Yes,No,30,Yes,No,Fiber optic,No,Yes,Yes,No,No,No,Month-to-month,Yes,Mailed check,79.65,2365.15,Yes,25-48,78.83833333333334,3,1
Female,0,No,No,17,Yes,No,No,No internet service,No internet service,No internet service,No internet service,No internet service,No internet service,One year,No,Mailed check,20.15,353.65,No,13-24,20.802941176470583,1,0
Female,0,Yes,No,55,Yes,Yes,Fiber optic,No,Yes,Yes,No,Yes,No,Month-to-month,Yes,Credit card (automatic),94.45,5073.1,No,49-60,92.23818181818184,5,1
Female,0,No,No,58,Yes,Yes,Fiber optic,Yes,No,No,No,No,No,Month-to-month,Yes,Bank transfer (automatic),79.8,4526.85,No,49-60,78.0491379310345,3,1
Female,0,No,No,5,Yes,No,DSL,Yes,No,No,Yes,No,No,Month-to-month,No,Electronic check,54.2,308.25,Yes,0-12,61.65,3,1
Female,1,No,No,1,Yes,No,No,No internet service,No internet service,No internet service,No internet service,No internet service,No internet service,Month-to-month,Yes,Electronic check,19.45,19.45,Yes,0-12,19.45,1,0
Male,1,No,No,9,Yes,Yes,Fiber optic,No,No,No,No,No,No,Month-to-month,Yes,Electronic check,74.05,678.45,No,0-12,75.38333333333334,2,1
Male,0,No,No,26,Yes,No,DSL,No,No,No,Yes,No,No,Month-to-month,No,Bank transfer (automatic),49.15,1237.3,No,25-48,47.58846153846154,2,1
Female,0,No,No,50,Yes,No,No,No internet service,No internet service,No internet service,No internet service,No internet service,No internet service,Two year,No,Credit card (automatic),19.4,1023.95,No,49-60,20.479,1,0
Female,0,Yes,No,72,Yes,Yes,Fiber optic,Yes,Yes,Yes,Yes,Yes,Yes,Two year,Yes,Bank transfer (automatic),113.65,8182.75,No,60+,113.64930555555556,8,1
Female,0,No,Yes,43,Yes,No,Fiber optic,Yes,Yes,No,Yes,Yes,Yes,One year,Yes,Credit card (automatic),106.0,4532.3,No,25-48,105.40232558139536,6,1
Male,0,No,No,56,Yes,Yes,No,No internet service,No internet service,No internet service,No internet service,No internet service,No internet service,Two year,Yes,Bank transfer (automatic),25.95,1444.05,No,49-60,25.786607142857143,2,0
Female,0,No,No,1,Yes,No,No,No internet service,No internet service,No internet service,No internet service,No internet service,No internet service,Month-to-month,No,Mailed check,19.1,19.1,No,0-12,19.1,1,0
Male,0,Yes,Yes,72,Yes,Yes,Fiber optic,No,Yes,Yes,No,Yes,Yes,Two year,Yes,Electronic check,103.4,7372.65,Yes,60+,102.39791666666666,6,1
Male,0,Yes,No,72,Yes,Yes,Fiber optic,Yes,Yes,No,Yes,No,Yes,Two year,Yes,Bank transfer (automatic),100.55,7325.1,No,60+,101.7375,6,1
Male,0,Yes,No,36,Yes,Yes,Fiber optic,No,No,No,No,Yes,Yes,Month-to-month,Yes,Electronic check,95.4,3474.2,No,25-48,96.50555555555556,4,1
Male,0,No,No,5,Yes,No,DSL,No,No,Yes,Yes,Yes,Yes,Month-to-month,No,Bank transfer (automatic),75.15,392.65,No,0-12,78.53,5,1
Female,0,No,No,13,Yes,Yes,Fiber optic,No,Yes,Yes,No,No,No,Month-to-month,Yes,Electronic check,84.45,1058.6,Yes,13-24,81.43076923076923,4,1
Female,1,No,No,44,Yes,No,Fiber optic,No,Yes,Yes,No,No,Yes,One year,No,Credit card (automatic),89.15,3990.75,No,25-48,90.69886363636364,4,1
Female,1,Yes,Yes,70,Yes,Yes,Fiber optic,No,Yes,Yes,Yes,Yes,Yes,One year,Yes,Electronic check,107.9,7475.85,No,60+,106.79785714285715,7,1
Male,0,No,No,44,Yes,No,No,No internet service,No internet service,No internet service,No internet service,No internet service,No internet service,One year,No,Credit card (automatic),19.5,835.5,No,25-48,18.988636363636363,1,0
Female,1,Yes,No,32,Yes,Yes,Fiber optic,No,No,No,No,Yes,No,Month-to-month,Yes,Credit card (automatic),85.95,2628.6,Yes,25-48,82.14375,3,1
Female,0,Yes,No,69,Yes,Yes,No,No internet service,No internet service,No internet service,No internet service,No internet service,No internet service,Two year,Yes,Credit card (automatic),24.95,1718.35,No,60+,24.903623188405795,2,0
Female,1,No,No,16,Yes,No,DSL,No,No,No,Yes,Yes,No,Month-to-month,No,Electronic check,59.4,1023.9,Yes,13-24,63.99375,3,1
Male,1,Yes,Yes,68,Yes,No,No,No internet service,No internet service,No internet service,No internet service,No internet service,No internet service,One year,No,Bank transfer (automatic),19.5,1193.55,No,60+,17.55220588235294,1,0
Male,0,No,No,16,Yes,No,Fiber optic,No,No,No,No,No,No,Month-to-month,Yes,Credit card (automatic),69.95,1205.5,No,13-24,75.34375,1,1
Male,0,Yes,Yes,68,Yes,No,DSL,Yes,Yes,No,Yes,Yes,Yes,Two year,No,Bank transfer (automatic),82.85,5776.45,No,60+,84.94779411764705,6,1
Male,0,No,No,4,Yes,No,No,No internet service,No internet service,No internet service,No internet service,No internet service,No internet service,Month-to-month,No,Mailed check,19.0,78.9,No,0-12,19.725,1,0
Female,0,Yes,Yes,26,No,No phone service,DSL,Yes,Yes,No,Yes,No,No,Month-to-month,No,Credit card (automatic),38.85,1025.15,No,25-48,39.42884615384616,3,1
Female,0,No,No,29,No,No phone service,DSL,No,Yes,No,No,No,No,Month-to-month,Yes,Electronic check,30.6,856.35,Yes,25-48,29.529310344827586,1,1
Male,0,No,Yes,5,Yes,No,No,No internet service,No internet service,No internet service,No internet service,No internet service,No internet service,Month-to-month,No,Credit card (automatic),20.35,122.0,No,0-12,24.4,1,0
Male,0,Yes,No,70,Yes,Yes,Fiber optic,No,Yes,Yes,No,Yes,No,One year,Yes,Bank transfer (automatic),95.0,6602.9,No,60+,94.32714285714285,5,1
Male,0,Yes,No,24,Yes,No,DSL,Yes,No,No,Yes,Yes,Yes,One year,No,Bank transfer (automatic),74.4,1712.9,No,13-24,71.37083333333334,5,1
Female,1,Yes,No,72,Yes,Yes,DSL,Yes,Yes,Yes,Yes,No,Yes,Two year,No,Bank transfer (automatic),78.45,5682.25,No,60+,78.92013888888889,7,1
Male,0,No,No,1,Yes,No,Fiber optic,No,No,No,Yes,No,No,Month-to-month,Yes,Mailed check,74.3,74.3,No,0-12,74.3,2,1
Male,0,Yes,No,70,No,No phone service,DSL,No,Yes,Yes,Yes,No,Yes,One year,Yes,Bank transfer (automatic),51.05,3635.15,No,60+,51.93071428571429,4,1
Female,0,Yes,Yes,36,Yes,No,No,No internet service,No internet service,No internet service,No internet service,No internet service,No internet service,Month-to-month,No,Bank transfer (automatic),19.2,702.9,No,25-48,19.525,1,0
Female,1,No,No,38,Yes,Yes,Fiber optic,No,No,No,Yes,Yes,Yes,Month-to-month,Yes,Electronic check,99.55,3734.25,Yes,25-48,98.26973684210526,5,1
Female,0,No,No,17,Yes,No,Fiber optic,No,No,No,No,No,No,Month-to-month,Yes,Electronic check,70.0,1144.5,Yes,13-24,67.32352941176471,1,1
Female,0,Yes,Yes,41,Yes,Yes,Fiber optic,No,Yes,Yes,Yes,Yes,Yes,One year,Yes,Bank transfer (automatic),109.1,4454.25,No,25-48,108.64024390243902,7,1
Female,0,No,No,1,Yes,No,DSL,No,No,No,No,No,No,Month-to-month,Yes,Electronic check,45.3,45.3,Yes,0-12,45.3,1,1
Male,0,No,No,2,No,No phone service,DSL,No,No,No,Yes,No,No,Month-to-month,No,Bank transfer (automatic),29.85,75.6,Yes,0-12,37.8,1,1
Male,0,No,No,14,Yes,No,Fiber optic,No,No,Yes,No,No,No,Month-to-month,No,Electronic check,76.45,1117.55,No,13-24,79.825,2,1
Male,1,No,No,2,Yes,No,Fiber optic,No,Yes,Yes,Yes,No,Yes,Month-to-month,Yes,Credit card (automatic),95.1,180.25,Yes,0-12,90.125,5,1
Male,0,No,No,1,Yes,No,No,No internet service,No internet service,No internet service,No internet service,No internet service,No internet service,Month-to-month,No,Mailed check,19.8,19.8,Yes,0-12,19.8,1,0
Male,0,Yes,Yes,13,Yes,Yes,DSL,No,Yes,Yes,Yes,Yes,No,Month-to-month,Yes,Electronic check,72.8,930.05,No,13-24,71.54230769230769,6,1
Male,0,No,No,6,Yes,No,No,No internet service,No internet service,No internet service,No internet service,No internet service,No internet service,Month-to-month,No,Mailed check,18.95,110.15,No,0-12,18.35833333333333,1,0
Female,0,No,No,4,Yes,No,Fiber optic,No,Yes,No,No,No,No,Month-to-month,Yes,Bank transfer (automatic),76.65,333.6,Yes,0-12,83.4,2,1
Female,0,Yes,Yes,5,Yes,No,Fiber optic,No,Yes,No,Yes,Yes,Yes,Month-to-month,Yes,Mailed check,99.15,465.05,Yes,0-12,93.01,5,1
Female,0,Yes,No,15,Yes,No,Fiber optic,Yes,No,Yes,No,Yes,Yes,Month-to-month,No,Electronic check,101.75,1669.4,No,13-24,111.29333333333334,5,1
Female,0,No,No,47,Yes,No,Fiber optic,Yes,No,No,No,No,No,Month-to-month,No,Credit card (automatic),75.45,3545.1,No,25-48,75.42765957446808,2,1
Female,0,No,No,8,Yes,No,DSL,No,No,Yes,Yes,No,Yes,Month-to-month,No,Mailed check,64.1,504.05,No,0-12,63.00625,4,1
Male,0,No,No,17,No,No phone service,DSL,No,No,No,No,No,No,Month-to-month,Yes,Mailed check,25.65,440.2,No,13-24,25.894117647058824,0,1
Male,0,Yes,Yes,15,Yes,No,Fiber optic,Yes,No,No,No,No,No,Month-to-month,No,Mailed check,75.1,1151.55,No,13-24,76.77,2,1
Female,0,No,No,26,Yes,No,Fiber optic,Yes,No,Yes,Yes,No,Yes,One year,Yes,Bank transfer (automatic),95.85,2475.35,No,25-48,95.20576923076922,5,1
Female,0,No,No,23,Yes,Yes,DSL,Yes,No,No,No,No,No,Month-to-month,No,Electronic check,54.4,1249.25,No,13-24,54.31521739130435,3,1
Female,1,No,No,4,Yes,No,Fiber optic,No,Yes,No,No,No,No,Month-to-month,No,Electronic check,72.75,317.75,No,0-12,79.4375,2,1
Male,0,No,Yes,29,Yes,No,No,No internet service,No internet service,No internet service,No internet service,No internet service,No internet service,One year,No,Mailed check,19.85,535.05,No,25-48,18.45,1,0
Female,0,No,No,25,Yes,No,No,No internet service,No internet service,No internet service,No internet service,No internet service,No internet service,Month-to-month,No,Mailed check,19.05,461.3,No,25-48,18.452,1,0
Male,0,No,No,9,Yes,No,DSL,No,No,No,No,No,No,Month-to-month,No,Mailed check,44.95,431.0,Yes,0-12,47.888888888888886,1,1
Male,0,Yes,No,18,Yes,No,DSL,No,No,Yes,No,No,No,Month-to-month,Yes,Mailed check,49.55,878.35,Yes,13-24,48.797222222222224,2,1
Male,1,No,No,3,Yes,Yes,Fiber optic,No,No,No,No,Yes,Yes,Month-to-month,Yes,Electronic check,94.85,335.75,No,0-12,111.91666666666669,4,1
Female,0,Yes,Yes,69,No,No phone service,DSL,Yes,Yes,Yes,Yes,No,No,Two year,No,Bank transfer (automatic),46.25,3121.4,No,60+,45.23768115942029,4,1
Male,0,No,No,14,Yes,No,No,No internet service,No internet service,No internet service,No internet service,No internet service,No internet service,One year,No,Mailed check,19.35,324.8,No,13-24,23.2,1,0
Male,0,No,No,19,Yes,Yes,DSL,No,No,No,No,Yes,Yes,Month-to-month,No,Mailed check,69.6,1394.55,No,13-24,73.39736842105263,4,1
Male,1,No,No,39,Yes,Yes,Fiber optic,No,Yes,No,No,No,Yes,Month-to-month,No,Electronic check,90.7,3413.25,No,25-48,87.51923076923077,4,1
Male,0,No,No,31,Yes,No,Fiber optic,No,Yes,Yes,No,Yes,Yes,Month-to-month,Yes,Electronic check,101.4,3143.65,No,25-48,101.40806451612904,5,1
Male,0,Yes,Yes,24,Yes,No,No,No internet service,No internet service,No internet service,No internet service,No internet service,No internet service,One year,No,Mailed check,20.25,439.75,No,13-24,18.322916666666668,1,0
Male,0,Yes,No,14,Yes,No,DSL,No,No,No,Yes,No,No,Month-to-month,No,Bank transfer (automatic),48.8,664.4,No,13-24,47.457142857142856,2,1
Female,0,Yes,No,64,Yes,No,DSL,Yes,Yes,Yes,Yes,No,Yes,Two year,Yes,Mailed check,74.35,4759.55,No,60+,74.36796875,6,1
Female,0,No,No,50,Yes,No,No,No internet service,No internet service,No internet service,No internet service,No internet service,No internet service,One year,Yes,Mailed check,19.35,1033.0,No,49-60,20.66,1,0
Male,0,Yes,Yes,52,Yes,No,DSL,No,Yes,Yes,Yes,Yes,No,One year,Yes,Electronic check,68.75,3482.85,No,49-60,66.97788461538461,5,1
Male,0,No,No,28,Yes,Yes,Fiber optic,No,Yes,No,No,Yes,Yes,One year,No,Electronic check,100.2,2688.45,No,25-48,96.01607142857142,5,1
Female,0,No,No,21,Yes,No,No,No internet service,No internet service,No internet service,No internet service,No internet service,No internet service,Two year,Yes,Credit card (automatic),20.85,435.25,No,13-24,20.726190476190474,1,0
Male,0,No,Yes,25,Yes,No,Fiber optic,No,Yes,No,No,Yes,Yes,Month-to-month,Yes,Electronic check,95.9,2448.75,Yes,25-48,97.95,4,1
Female,0,Yes,No,17,Yes,No,No,No internet service,No internet service,No internet service,No internet service,No internet service,No internet service,One year,No,Mailed check,19.35,307.0,No,13-24,18.058823529411764,1,0
Male,0,Yes,No,58,No,No phone service,DSL,No,No,No,No,Yes,Yes,One year,Yes,Credit card (automatic),45.0,2689.35,No,49-60,46.36810344827586,2,1
Male,1,Yes,No,17,Yes,No,Fiber optic,No,No,No,No,No,Yes,Month-to-month,No,Bank transfer (automatic),81.5,1329.2,Yes,13-24,78.18823529411765,2,1
Female,0,Yes,No,51,Yes,Yes,No,No internet service,No internet service,No internet service,No internet service,No internet service,No internet service,Two year,No,Mailed check,25.5,1281.25,No,49-60,25.12254901960784,2,0
Male,0,Yes,Yes,72,No,No phone service,DSL,Yes,No,Yes,Yes,Yes,No,Two year,No,Mailed check,48.9,3527.0,No,60+,48.98611111111112,4,1
Male,0,Yes,No,52,Yes,No,Fiber optic,Yes,No,No,No,Yes,No,Month-to-month,No,Electronic check,84.1,4348.65,Yes,49-60,83.6278846153846,3,1
Female,0,No,No,27,Yes,No,No,No internet service,No internet service,No internet service,No internet service,No internet service,No internet service,Two year,Yes,Mailed check,19.6,561.15,No,25-48,20.78333333333333,1,0
Female,0,No,No,3,Yes,No,No,No internet service,No internet service,No internet service,No internet service,No internet service,No internet service,Month-to-month,No,Mailed check,20.0,63.6,No,0-12,21.2,1,0
Female,0,Yes,No,64,Yes,Yes,DSL,Yes,Yes,Yes,Yes,No,Yes,Two year,Yes,Mailed check,81.3,5129.3,No,60+,80.1453125,7,1
Female,0,Yes,No,45,Yes,No,Fiber optic,No,No,No,Yes,Yes,Yes,Two year,Yes,Credit card (automatic),95.2,4285.8,No,25-48,95.24,4,1
Male,1,Yes,No,3,No,No phone service,DSL,No,No,No,No,Yes,No,Month-to-month,Yes,Mailed check,36.45,93.7,Yes,0-12,31.23333333333333,1,1
Female,0,Yes,No,71,Yes,Yes,DSL,No,Yes,Yes,Yes,Yes,Yes,Two year,Yes,Credit card (automatic),83.3,5894.5,No,60+,83.02112676056338,7,1
Female,1,No,No,1,No,No phone service,DSL,No,No,No,No,No,No,Month-to-month,No,Mailed check,25.05,25.05,Yes,0-12,25.05,0,1
Female,0,Yes,Yes,58,Yes,No,No,No internet service,No internet service,No internet service,No internet service,No internet service,No internet service,Two year,No,Credit card (automatic),20.3,1160.75,No,49-60,20.01293103448276,1,0
Male,0,Yes,Yes,34,Yes,No,Fiber optic,No,Yes,Yes,No,Yes,No,Month-to-month,Yes,Electronic check,89.85,3091.75,No,25-48,90.93382352941175,4,1
Female,0,No,No,8,Yes,No,DSL,Yes,No,No,No,No,No,Month-to-month,Yes,Electronic check,49.85,365.55,Yes,0-12,45.69375,2,1
Female,0,Yes,Yes,15,Yes,No,No,No internet service,No internet service,No internet service,No internet service,No internet service,No internet service,Month-to-month,No,Mailed check,19.8,272.95,No,13-24,18.196666666666665,1,0
Male,0,Yes,Yes,66,No,No phone service,DSL,No,No,Yes,Yes,Yes,Yes,Two year,No,Bank transfer (automatic),54.65,3632.0,No,60+,55.03030303030303,4,1
Male,1,No,No,12,No,No phone service,DSL,No,Yes,No,No,No,No,Month-to-month,Yes,Credit card (automatic),29.35,381.2,No,0-12,31.766666666666666,1,1
Male,0,No,No,58,Yes,No,No,No internet service,No internet service,No internet service,No internet service,No internet service,No internet service,Two year,Yes,Bank transfer (automatic),19.15,1035.5,No,49-60,17.853448275862068,1,0
Female,0,Yes,Yes,3,Yes,No,No,No internet service,No internet service,No internet service,No internet service,No internet service,No internet service,Two year,No,Mailed check,19.1,52.0,No,0-12,17.333333333333332,1,0
Female,1,Yes,No,43,No,No phone service,DSL,No,Yes,Yes,No,Yes,Yes,Month-to-month,No,Credit card (automatic),55.55,2342.2,Yes,25-48,54.46976744186046,4,1
Female,0,No,No,9,Yes,No,Fiber optic,No,Yes,Yes,No,No,No,Month-to-month,No,Electronic check,80.55,653.9,No,0-12,72.65555555555555,3,1
Female,0,No,No,3,Yes,No,No,No internet service,No internet service,No internet service,No internet service,No internet service,No internet service,One year,No,Mailed check,20.25,71.2,No,0-12,23.73333333333333,1,0
Female,0,Yes,Yes,22,Yes,No,DSL,No,Yes,No,No,Yes,Yes,One year,Yes,Bank transfer (automatic),69.5,1498.2,Yes,13-24,68.10000000000001,4,1
Male,0,Yes,No,40,Yes,Yes,Fiber optic,No,Yes,Yes,No,Yes,Yes,One year,Yes,Bank transfer (automatic),106.0,4178.65,No,25-48,104.46625,6,1
Female,0,No,No,68,Yes,Yes,No,No internet service,No internet service,No internet service,No internet service,No internet service,No internet service,Two year,No,Bank transfer (automatic),25.5,1821.8,No,60+,26.791176470588237,2,0
Male,0,Yes,No,54,Yes,Yes,Fiber optic,No,Yes,Yes,No,Yes,Yes,Month-to-month,Yes,Electronic check,104.3,5278.15,Yes,49-60,97.74351851851851,6,1
Female,0,No,No,50,Yes,Yes,DSL,No,Yes,No,Yes,Yes,Yes,Two year,Yes,Mailed check,79.6,4024.2,No,49-60,80.484,6,1
Male,0,No,No,1,Yes,No,DSL,No,No,No,No,No,Yes,Month-to-month,Yes,Electronic check,55.25,55.25,No,0-12,55.25,2,1
Female,0,Yes,No,72,Yes,Yes,DSL,Yes,Yes,Yes,Yes,Yes,Yes,Two year,No,Bank transfer (automatic),88.05,6520.8,No,60+,90.56666666666666,8,1
Male,0,No,Yes,40,Yes,No,No,No internet service,No internet service,No internet service,No internet service,No internet service,No internet service,One year,Yes,Bank transfer (automatic),20.4,854.9,No,25-48,21.3725,1,0
Female,0,Yes,Yes,72,Yes,Yes,Fiber optic,Yes,Yes,Yes,Yes,Yes,Yes,Two year,Yes,Bank transfer (automatic),117.6,8308.9,No,60+,115.40138888888887,8,1
Female,0,No,No,6,Yes,No,No,No internet service,No internet service,No internet service,No internet service,No internet service,No internet service,Month-to-month,No,Mailed check,20.0,109.2,No,0-12,18.2,1,0
Female,0,No,No,5,Yes,No,No,No internet service,No internet service,No internet service,No internet service,No internet service,No internet service,Month-to-month,Yes,Credit card (automatic),19.65,92.05,No,0-12,18.41,1,0
Male,0,Yes,No,48,Yes,Yes,DSL,No,Yes,Yes,No,No,Yes,One year,Yes,Credit card (automatic),70.55,3420.5,No,25-48,71.26041666666667,5,1
Female,0,No,No,1,Yes,Yes,Fiber optic,No,No,No,No,Yes,Yes,Month-to-month,Yes,Electronic check,93.85,93.85,Yes,0-12,93.85,4,1
Female,0,Yes,Yes,64,Yes,No,DSL,Yes,No,No,Yes,Yes,No,One year,No,Mailed check,65.8,4068.0,No,60+,63.5625,4,1
Female,0,No,No,17,Yes,No,No,No internet service,No internet service,No internet service,No internet service,No internet service,No internet service,One year,No,Credit card (automatic),20.05,337.9,No,13-24,19.876470588235293,1,0
Male,0,Yes,No,40,Yes,No,Fiber optic,No,Yes,Yes,No,No,No,Month-to-month,Yes,Electronic check,80.0,3168.75,No,25-48,79.21875,3,1
Female,0,Yes,Yes,41,No,No phone service,DSL,Yes,No,Yes,No,No,No,One year,No,Credit card (automatic),35.4,1412.4,No,25-48,34.44878048780488,2,1
Male,1,No,No,51,Yes,Yes,Fiber optic,No,Yes,No,No,No,No,One year,Yes,Bank transfer (automatic),79.6,3974.7,No,49-60,77.93529411764706,3,1
Male,0,Yes,No,41,Yes,Yes,Fiber optic,No,Yes,No,No,No,No,Month-to-month,Yes,Electronic check,80.25,3439.0,No,25-48,83.8780487804878,3,1
Female,0,Yes,Yes,1,Yes,No,DSL,No,No,Yes,No,No,No,Month-to-month,No,Mailed check,50.45,50.45,Yes,0-12,50.45,2,1
Female,0,No,No,2,Yes,No,No,No internet service,No internet service,No internet service,No internet service,No internet service,No internet service,Month-to-month,Yes,Mailed check,20.45,42.45,No,0-12,21.225,1,0
Male,0,No,No,68,Yes,No,Fiber optic,No,Yes,Yes,No,No,No,One year,No,Credit card (automatic),79.6,5461.45,No,60+,80.31544117647059,3,1
Female,0,Yes,Yes,24,Yes,Yes,No,No internet service,No internet service,No internet service,No internet service,No internet service,No internet service,Two year,No,Mailed check,24.7,571.75,No,13-24,23.822916666666668,2,0
Male,0,Yes,No,70,Yes,Yes,DSL,Yes,No,Yes,Yes,No,Yes,Two year,No,Credit card (automatic),77.3,5498.2,No,60+,78.54571428571428,6,1
Male,0,No,No,3,No,No phone service,DSL,No,No,No,Yes,No,No,Month-to-month,Yes,Electronic check,29.75,96.85,No,0-12,32.28333333333333,1,1
Male,0,No,No,2,Yes,No,DSL,No,No,No,No,No,No,Month-to-month,No,Bank transfer (automatic),44.9,111.05,No,0-12,55.525,1,1
Male,0,Yes,No,3,No,No phone service,DSL,No,Yes,No,No,No,No,Month-to-month,No,Credit card (automatic),29.8,94.4,No,0-12,31.46666666666667,1,1
Female,0,No,No,7,Yes,Yes,DSL,No,No,No,Yes,Yes,Yes,Month-to-month,Yes,Electronic check,74.65,521.1,Yes,0-12,74.44285714285715,5,1
Female,0,No,No,13,Yes,No,DSL,Yes,No,No,No,Yes,Yes,Month-to-month,Yes,Electronic check,71.95,923.85,No,13-24,71.06538461538462,4,1
Male,0,No,No,7,Yes,No,No,No internet service,No internet service,No internet service,No internet service,No internet service,No internet service,Month-to-month,No,Mailed check,20.75,141.1,No,0-12,20.15714285714285,1,0
Male,0,Yes,Yes,12,Yes,No,DSL,No,No,No,No,Yes,No,Month-to-month,Yes,Mailed check,56.3,628.65,No,0-12,52.3875,2,1
Male,0,Yes,Yes,53,Yes,Yes,Fiber optic,No,Yes,Yes,No,Yes,Yes,One year,Yes,Electronic check,105.25,5576.3,No,49-60,105.21320754716982,6,1
Female,0,No,No,12,Yes,Yes,Fiber optic,No,No,No,No,Yes,Yes,Month-to-month,Yes,Electronic check,94.2,1046.1,Yes,0-12,87.175,4,1
Male,0,Yes,Yes,63,Yes,No,No,No internet service,No internet service,No internet service,No internet service,No internet service,No internet service,Two year,No,Mailed check,19.55,1245.6,No,60+,19.77142857142857,1,0
Female,0,No,No,15,Yes,No,DSL,Yes,Yes,Yes,Yes,Yes,Yes,Month-to-month,No,Mailed check,84.45,1287.85,No,13-24,85.85666666666665,7,1
Male,0,Yes,Yes,36,Yes,No,DSL,Yes,Yes,No,No,No,No,One year,No,Mailed check,53.65,1939.35,No,25-48,53.87083333333333,3,1
Male,1,Yes,No,4,No,No phone service,DSL,No,No,Yes,No,No,No,Month-to-month,Yes,Electronic check,29.9,118.25,No,0-12,29.5625,1,1
Female,0,Yes,Yes,24,Yes,No,No,No internet service,No internet service,No internet service,No internet service,No internet service,No internet service,Two year,No,Mailed check,19.7,452.55,No,13-24,18.85625,1,0
Female,0,No,No,61,No,No phone service,DSL,Yes,Yes,Yes,Yes,No,No,One year,No,Credit card (automatic),43.7,2696.55,No,60+,44.20573770491804,4,1
Male,0,No,No,16,Yes,Yes,DSL,No,Yes,No,No,No,No,Month-to-month,No,Electronic check,55.3,875.35,No,13-24,54.709375,3,1
Male,0,Yes,Yes,65,Yes,No,No,No internet service,No internet service,No internet service,No internet service,No internet service,No internet service,Two year,Yes,Credit card (automatic),19.85,1267.05,No,60+,19.493076923076924,1,0
Female,0,Yes,Yes,26,Yes,No,No,No internet service,No internet service,No internet service,No internet service,No internet service,No internet service,Two year,No,Credit card (automatic),19.65,494.9,No,25-48,19.034615384615385,1,0
Male,0,No,No,16,Yes,No,DSL,No,No,No,Yes,No,No,Month-to-month,Yes,Mailed check,49.45,799.0,No,13-24,49.9375,2,1
Female,0,Yes,No,54,Yes,Yes,Fiber optic,Yes,Yes,No,No,Yes,Yes,One year,No,Bank transfer (automatic),106.55,5763.3,Yes,49-60,106.72777777777776,6,1
Male,0,No,No,1,Yes,No,No,No internet service,No internet service,No internet service,No internet service,No internet service,No internet service,Month-to-month,No,Mailed check,20.1,20.1,Yes,0-12,20.1,1,0
Male,0,No,Yes,5,Yes,No,No,No internet service,No internet service,No internet service,No internet service,No internet service,No internet service,Two year,No,Mailed check,20.45,106.9,No,0-12,21.380000000000003,1,0
Female,0,No,No,19,No,No phone service,DSL,No,Yes,No,No,No,Yes,Month-to-month,Yes,Electronic check,39.7,710.05,No,13-24,37.37105263157895,2,1
Male,0,No,No,10,Yes,Yes,DSL,Yes,No,No,No,No,No,Month-to-month,Yes,Credit card (automatic),54.5,568.2,No,0-12,56.82000000000001,3,1
Female,0,Yes,Yes,23,Yes,No,Fiber optic,No,Yes,Yes,Yes,No,No,Month-to-month,No,Electronic check,83.8,1900.25,Yes,13-24,82.6195652173913,4,1
Male,0,No,No,3,Yes,No,DSL,No,No,No,No,Yes,No,Month-to-month,No,Mailed check,55.15,159.15,Yes,0-12,53.05,2,1
Female,0,No,No,72,Yes,Yes,Fiber optic,No,Yes,Yes,Yes,Yes,Yes,Two year,Yes,Bank transfer (automatic),111.6,8012.75,No,60+,111.28819444444444,7,1
Male,1,Yes,No,10,Yes,Yes,Fiber optic,No,No,No,No,No,Yes,Month-to-month,Yes,Electronic check,86.65,856.65,Yes,0-12,85.66499999999999,3,1
Female,0,Yes,Yes,10,Yes,No,DSL,No,Yes,Yes,No,No,No,Month-to-month,Yes,Mailed check,55.55,551.3,No,0-12,55.13,3,1
Male,0,Yes,No,11,Yes,No,No,No internet service,No internet service,No internet service,No internet service,No internet service,No internet service,One year,Yes,Mailed check,20.55,184.95,No,0-12,16.813636363636363,1,0
Female,1,No,No,37,Yes,Yes,Fiber optic,Yes,Yes,No,No,Yes,Yes,Month-to-month,Yes,Bank transfer (automatic),106.75,4056.75,Yes,25-48,109.64189189189187,6,1
Male,0,Yes,Yes,17,Yes,Yes,DSL,Yes,No,No,Yes,No,No,One year,Yes,Mailed check,62.1,1096.65,No,13-24,64.50882352941177,4,1
Female,0,Yes,Yes,36,Yes,Yes,Fiber optic,Yes,No,Yes,No,Yes,Yes,Month-to-month,Yes,Credit card (automatic),104.5,3684.95,No,25-48,102.35972222222222,6,1
Male,1,No,No,17,Yes,No,Fiber optic,No,Yes,Yes,No,Yes,Yes,Month-to-month,Yes,Electronic check,101.8,1752.45,No,13-24,103.08529411764708,5,1
Female,1,Yes,Yes,66,Yes,Yes,Fiber optic,Yes,Yes,No,Yes,Yes,Yes,One year,Yes,Credit card (automatic),110.6,7210.85,No,60+,109.25530303030304,7,1
Male,0,Yes,Yes,61,Yes,No,DSL,Yes,Yes,Yes,Yes,Yes,Yes,One year,No,Bank transfer (automatic),84.9,5264.5,No,60+,86.30327868852459,7,1
Male,0,No,No,22,Yes,No,Fiber optic,No,Yes,No,No,Yes,Yes,Month-to-month,Yes,Mailed check,93.2,2157.3,No,13-24,98.05909090909093,4,1
Male,0,No,No,1,No,No phone service,DSL,No,No,No,No,No,No,Month-to-month,Yes,Electronic check,24.4,24.4,No,0-12,24.4,0,1
Female,0,No,No,6,Yes,No,Fiber optic,No,No,No,No,No,No,Month-to-month,No,Credit card (automatic),70.55,433.95,No,0-12,72.325,1,1
Male,0,No,No,31,Yes,No,Fiber optic,No,Yes,No,Yes,No,No,Month-to-month,Yes,Electronic check,78.45,2435.15,Yes,25-48,78.55322580645162,3,1
Female,0,Yes,Yes,68,Yes,No,DSL,Yes,Yes,Yes,Yes,Yes,Yes,Two year,Yes,Credit card (automatic),85.0,5607.75,No,60+,82.46691176470588,7,1
Female,0,Yes,Yes,34,Yes,Yes,Fiber optic,No,No,Yes,No,Yes,No,Month-to-month,No,Electronic check,87.45,2874.15,Yes,25-48,84.53382352941176,4,1
Female,0,Yes,Yes,52,Yes,No,Fiber optic,No,Yes,Yes,Yes,No,No,Month-to-month,No,Bank transfer (automatic),85.8,4433.3,No,49-60,85.25576923076923,4,1
Female,0,No,Yes,10,Yes,No,Fiber optic,No,No,Yes,Yes,Yes,No,Month-to-month,Yes,Electronic check,91.1,964.35,No,0-12,96.435,4,1
Male,0,Yes,Yes,29,Yes,No,Fiber optic,No,No,No,No,No,No,Month-to-month,Yes,Electronic check,70.75,1974.8,Yes,25-48,68.09655172413792,1,1
Female,0,Yes,Yes,72,Yes,No,No,No internet service,No internet service,No internet service,No internet service,No internet service,No internet service,Two year,No,Bank transfer (automatic),20.1,1460.85,No,60+,20.289583333333333,1,0
Male,0,Yes,Yes,47,Yes,No,No,No internet service,No internet service,No internet service,No internet service,No internet service,No internet service,One year,No,Mailed check,20.05,951.55,No,25-48,20.245744680851065,1,0
Male,0,Yes,Yes,24,Yes,Yes,DSL,Yes,No,No,No,Yes,Yes,One year,No,Mailed check,74.8,1821.2,No,13-24,75.88333333333334,5,1
Male,0,No,No,65,Yes,Yes,No,No internet service,No internet service,No internet service,No internet service,No internet service,No internet service,One year,No,Credit card (automatic),24.8,1600.95,No,60+,24.63,2,0
Female,0,No,No,4,Yes,Yes,Fiber optic,No,No,No,Yes,Yes,Yes,Month-to-month,Yes,Mailed check,100.85,399.25,No,0-12,99.8125,5,1
Male,1,Yes,No,12,Yes,Yes,Fiber optic,No,Yes,No,No,Yes,Yes,Month-to-month,Yes,Electronic check,101.35,1218.55,Yes,0-12,101.54583333333332,5,1
Male,0,No,No,1,Yes,Yes,Fiber optic,Yes,No,No,No,No,No,Month-to-month,Yes,Electronic check,81.7,81.7,Yes,0-12,81.7,3,1
Male,0,No,No,33,Yes,No,Fiber optic,No,No,No,No,No,No,Month-to-month,No,Electronic check,68.25,2171.15,Yes,25-48,65.79242424242425,1,1
Female,0,No,No,34,Yes,No,Fiber optic,No,Yes,Yes,Yes,Yes,Yes,Month-to-month,Yes,Electronic check,105.1,3634.8,No,25-48,106.90588235294118,6,1
Female,0,Yes,No,14,Yes,No,No,No internet service,No internet service,No internet service,No internet service,No internet service,No internet service,Two year,No,Mailed check,20.4,292.4,No,13-24,20.885714285714283,1,0
Female,0,No,No,4,Yes,No,Fiber optic,No,No,No,No,No,Yes,Month-to-month,Yes,Electronic check,79.15,317.25,Yes,0-12,79.3125,2,1
Male,0,Yes,Yes,13,Yes,No,No,No internet service,No internet service,No internet service,No internet service,No internet service,No internet service,One year,No,Mailed check,20.0,218.55,No,13-24,16.81153846153846,1,0
Female,0,Yes,Yes,65,Yes,Yes,DSL,No,Yes,No,Yes,Yes,Yes,Two year,Yes,Bank transfer (automatic),79.4,5071.9,No,60+,78.02923076923076,6,1
Male,0,Yes,Yes,23,Yes,No,DSL,Yes,No,No,Yes,No,No,One year,No,Credit card (automatic),57.2,1423.35,No,13-24,61.88478260869565,3,1
Male,0,Yes,No,55,Yes,No,DSL,Yes,Yes,Yes,No,No,No,Two year,No,Electronic check,58.6,3068.6,No,49-60,55.79272727272727,4,1
Male,0,Yes,No,49,Yes,No,Fiber optic,No,Yes,No,No,Yes,Yes,Two year,Yes,Electronic check,94.8,4690.65,No,49-60,95.72755102040816,4,1
Male,0,Yes,No,60,Yes,Yes,Fiber optic,No,Yes,Yes,No,Yes,Yes,One year,No,Bank transfer (automatic),102.5,6157.6,No,49-60,102.62666666666668,6,1
Female,0,Yes,Yes,69,Yes,No,No,No internet service,No internet service,No internet service,No internet service,No internet service,No internet service,One year,Yes,Credit card (automatic),20.35,1442.65,No,60+,20.907971014492755,1,0
Male,0,No,No,40,Yes,Yes,Fiber optic,No,No,No,No,Yes,No,Month-to-month,Yes,Electronic check,84.9,3369.05,No,25-48,84.22625000000001,3,1
Male,0,Yes,No,67,Yes,No,DSL,Yes,Yes,No,Yes,No,Yes,Two year,Yes,Credit card (automatic),69.2,4671.65,No,60+,69.72611940298506,5,1
Male,1,No,No,35,Yes,Yes,Fiber optic,No,No,No,No,Yes,Yes,Month-to-month,Yes,Electronic check,95.45,3474.05,Yes,25-48,99.25857142857144,4,1
Male,0,Yes,Yes,19,Yes,Yes,Fiber optic,No,No,No,Yes,Yes,Yes,One year,Yes,Electronic check,100.95,1875.55,Yes,13-24,98.71315789473684,5,1
Female,0,Yes,Yes,13,Yes,No,No,No internet service,No internet service,No internet service,No internet service,No internet service,No internet service,Two year,No,Mailed check,20.85,272.35,No,13-24,20.950000000000003,1,0
Female,0,No,Yes,41,Yes,Yes,Fiber optic,No,Yes,No,No,Yes,No,Month-to-month,Yes,Bank transfer (automatic),88.5,3645.05,No,25-48,88.90365853658537,4,1
Female,0,No,No,4,No,No phone service,DSL,Yes,No,Yes,No,No,No,Month-to-month,No,Mailed check,35.0,135.75,No,0-12,33.9375,2,1
Female,0,Yes,Yes,24,Yes,No,DSL,Yes,No,No,Yes,No,No,Month-to-month,No,Electronic check,55.15,1319.85,No,13-24,54.99375,3,1
Female,0,No,No,5,No,No phone service,DSL,No,Yes,No,No,Yes,Yes,Month-to-month,Yes,Credit card (automatic),50.95,229.4,No,0-12,45.88,3,1
Female,0,No,No,5,Yes,Yes,DSL,No,Yes,No,No,No,Yes,Month-to-month,Yes,Electronic check,64.0,370.25,No,0-12,74.05,4,1
Female,0,Yes,Yes,1,Yes,No,Fiber optic,No,No,No,No,No,No,Month-to-month,Yes,Mailed check,69.1,69.1,Yes,0-12,69.1,1,1
Female,0,Yes,Yes,72,Yes,Yes,DSL,Yes,Yes,Yes,Yes,Yes,No,Two year,No,Bank transfer (automatic),80.2,5714.2,No,60+,79.36388888888888,7,1
Female,0,No,No,24,Yes,No,DSL,No,No,Yes,No,No,No,Month-to-month,Yes,Credit card (automatic),49.3,1233.25,No,13-24,51.38541666666666,2,1
Female,0,Yes,No,42,Yes,Yes,DSL,Yes,No,Yes,Yes,Yes,Yes,Two year,No,Credit card (automatic),84.35,3571.6,No,25-48,85.03809523809524,7,1
Female,0,No,No,4,Yes,No,No,No internet service,No internet service,No internet service,No internet service,No internet service,No internet service,Month-to-month,No,Mailed check,20.05,83.3,No,0-12,20.825,1,0
Male,0,No,No,68,Yes,Yes,Fiber optic,Yes,Yes,Yes,Yes,Yes,Yes,One year,Yes,Credit card (automatic),117.2,8035.95,No,60+,118.17573529411764,8,1
Female,0,Yes,Yes,33,Yes,No,No,No internet service,No internet service,No internet service,No internet service,No internet service,No internet service,One year,No,Mailed check,20.1,579.4,No,25-48,17.55757575757576,1,0
Female,1,No,No,1,Yes,No,Fiber optic,No,No,No,No,No,No,Month-to-month,Yes,Electronic check,69.6,69.6,Yes,0-12,69.6,1,1
Male,0,No,No,31,Yes,Yes,Fiber optic,No,Yes,Yes,No,Yes,Yes,One year,Yes,Electronic check,103.45,3066.45,Yes,25-48,98.91774193548386,6,1
Female,0,No,No,4,Yes,Yes,Fiber optic,No,Yes,No,No,No,No,Month-to-month,No,Bank transfer (automatic),77.95,305.55,Yes,0-12,76.3875,3,1
Male,1,Yes,No,69,Yes,Yes,Fiber optic,No,Yes,Yes,Yes,Yes,Yes,Two year,Yes,Electronic check,109.95,7634.25,No,60+,110.6413043478261,7,1
Male,1,No,No,38,Yes,Yes,Fiber optic,No,No,No,No,Yes,Yes,Month-to-month,No,Electronic check,94.75,3653.0,No,25-48,96.13157894736842,4,1
Female,0,Yes,Yes,3,Yes,No,Fiber optic,No,Yes,No,Yes,No,No,Month-to-month,Yes,Electronic check,80.0,241.3,No,0-12,80.43333333333334,3,1
Female,0,Yes,Yes,48,Yes,Yes,DSL,No,Yes,No,Yes,Yes,Yes,Two year,No,Electronic check,79.65,3870.3,No,25-48,80.63125000000001,6,1
Female,0,Yes,No,15,Yes,Yes,No,No internet service,No internet service,No internet service,No internet service,No internet service,No internet service,Two year,No,Mailed check,25.2,387.9,No,13-24,25.86,2,0
Female,0,No,No,25,Yes,No,No,No internet service,No internet service,No internet service,No internet service,No internet service,No internet service,One year,No,Credit card (automatic),19.9,527.5,No,25-48,21.1,1,0
Female,1,No,No,1,Yes,No,Fiber optic,No,No,No,No,Yes,No,Month-to-month,No,Electronic check,78.45,78.45,Yes,0-12,78.45,2,1
Female,0,No,No,48,No,No phone service,DSL,Yes,Yes,No,No,Yes,No,Month-to-month,Yes,Electronic check,44.8,2104.55,No,25-48,43.84479166666667,3,1
Male,0,No,No,1,Yes,No,No,No internet service,No internet service,No internet service,No internet service,No internet service,No internet service,Month-to-month,No,Mailed check,20.3,20.3,No,0-12,20.3,1,0
Male,0,No,No,1,Yes,No,No,No internet service,No internet service,No internet service,No internet service,No internet service,No internet service,Month-to-month,No,Electronic check,19.2,19.2,No,0-12,19.2,1,0
Female,0,No,No,37,Yes,No,Fiber optic,No,Yes,Yes,No,No,No,One year,No,Electronic check,80.05,3019.1,No,25-48,81.59729729729729,3,1
Male,1,Yes,No,66,Yes,Yes,Fiber optic,No,Yes,Yes,Yes,Yes,Yes,One year,Yes,Bank transfer (automatic),107.35,7051.95,No,60+,106.84772727272728,7,1
Female,0,Yes,No,26,No,No phone service,DSL,Yes,Yes,Yes,No,Yes,No,One year,No,Bank transfer (automatic),47.85,1190.5,No,25-48,45.78846153846154,4,1
Male,0,Yes,No,63,Yes,No,DSL,Yes,Yes,No,Yes,Yes,No,One year,No,Credit card (automatic),70.8,4448.8,No,60+,70.61587301587302,5,1
Male,0,No,No,10,No,No phone service,DSL,No,No,Yes,No,No,No,Month-to-month,No,Mailed check,29.5,255.25,Yes,0-12,25.525,1,1
Female,0,No,No,2,Yes,No,DSL,Yes,No,No,No,Yes,Yes,Month-to-month,Yes,Electronic check,70.75,146.9,Yes,0-12,73.45,4,1
Male,1,Yes,No,18,Yes,No,DSL,Yes,No,No,No,No,Yes,Month-to-month,Yes,Credit card (automatic),59.1,1011.05,No,13-24,56.16944444444445,3,1
Female,0,Yes,No,64,Yes,Yes,No,No internet service,No internet service,No internet service,No internet service,No internet service,No internet service,Two year,No,Mailed check,25.55,1714.95,No,60+,26.79609375,2,0
Female,1,No,No,9,Yes,Yes,Fiber optic,No,No,No,No,No,Yes,Month-to-month,Yes,Electronic check,84.45,762.5,Yes,0-12,84.72222222222223,3,1
Female,0,No,Yes,28,Yes,No,No,No internet service,No internet service,No internet service,No internet service,No internet service,No internet service,Month-to-month,No,Mailed check,20.25,535.35,No,25-48,19.119642857142857,1,0
Female,0,No,No,1,Yes,No,Fiber optic,No,No,Yes,No,No,No,Month-to-month,No,Electronic check,75.55,75.55,No,0-12,75.55,2,1
Male,0,No,No,4,Yes,Yes,Fiber optic,No,No,No,No,No,Yes,Month-to-month,Yes,Electronic check,85.65,338.9,Yes,0-12,84.725,3,1
Male,1,No,No,38,Yes,No,DSL,No,Yes,Yes,Yes,Yes,No,One year,Yes,Credit card (automatic),70.15,2497.35,Yes,25-48,65.71973684210526,5,1
Male,0,Yes,No,66,Yes,Yes,Fiber optic,No,Yes,Yes,No,No,Yes,One year,No,Electronic check,95.3,6273.4,No,60+,95.05151515151516,5,1
Female,0,No,No,1,Yes,No,Fiber optic,No,No,No,No,No,No,Month-to-month,Yes,Electronic check,70.25,70.25,No,0-12,70.25,1,1
Female,0,Yes,No,18,Yes,No,DSL,No,No,No,Yes,No,No,Month-to-month,Yes,Mailed check,50.3,908.75,No,13-24,50.48611111111112,2,1
Male,1,No,No,51,Yes,Yes,Fiber optic,No,No,Yes,No,Yes,Yes,Month-to-month,Yes,Electronic check,97.8,4913.3,Yes,49-60,96.33921568627451,5,1
Male,0,Yes,Yes,0,Yes,No,No,No internet service,No internet service,No internet service,No internet service,No internet service,No internet service,Two year,No,Mailed check,19.85,1397.475,No,,1397.475,1,0
Male,0,No,No,1,Yes,No,DSL,No,No,No,No,No,No,Month-to-month,No,Mailed check,46.3,46.3,Yes,0-12,46.3,1,1
Male,0,No,Yes,12,Yes,No,No,No internet service,No internet service,No internet service,No internet service,No internet service,No internet service,Two year,No,Bank transfer (automatic),19.35,212.3,No,0-12,17.691666666666666,1,0
Female,0,No,No,41,Yes,Yes,Fiber optic,No,Yes,Yes,No,Yes,Yes,Month-to-month,Yes,Electronic check,106.3,4443.45,Yes,25-48,108.37682926829268,6,1
Male,0,No,No,12,Yes,Yes,No,No internet service,No internet service,No internet service,No internet service,No internet service,No internet service,Month-to-month,No,Electronic check,25.0,316.2,No,0-12,26.35,2,0
Female,0,Yes,Yes,55,Yes,No,No,No internet service,No internet service,No internet service,No internet service,No internet service,No internet service,Two year,No,Mailed check,20.3,1079.05,No,49-60,19.619090909090907,1,0
Female,0,No,No,7,Yes,Yes,Fiber optic,No,No,No,No,No,No,Month-to-month,Yes,Electronic check,75.35,564.65,No,0-12,80.66428571428571,2,1
Female,0,No,No,12,Yes,No,Fiber optic,No,No,Yes,Yes,No,Yes,Month-to-month,Yes,Electronic check,89.4,1095.65,Yes,0-12,91.30416666666667,4,1
Female,0,Yes,Yes,68,Yes,Yes,DSL,Yes,Yes,Yes,Yes,Yes,Yes,Two year,No,Credit card (automatic),88.0,6161.9,No,60+,90.61617647058824,8,1
Female,1,No,No,5,Yes,Yes,Fiber optic,No,No,No,No,Yes,No,Month-to-month,Yes,Credit card (automatic),83.15,446.05,Yes,0-12,89.21000000000001,3,1
Female,1,No,No,49,Yes,No,DSL,No,No,No,No,No,No,Month-to-month,No,Mailed check,43.8,2106.05,No,49-60,42.98061224489796,1,1
Male,0,No,No,40,No,No phone service,DSL,Yes,Yes,Yes,No,Yes,Yes,One year,No,Credit card (automatic),62.05,2511.55,No,25-48,62.78875000000001,5,1
Female,0,No,No,16,Yes,No,No,No internet service,No internet service,No internet service,No internet service,No internet service,No internet service,One year,No,Bank transfer (automatic),20.1,318.6,No,13-24,19.9125,1,0
Male,0,No,No,10,Yes,Yes,Fiber optic,No,No,No,No,No,No,Month-to-month,Yes,Mailed check,74.15,811.8,Yes,0-12,81.17999999999999,2,1
Female,0,Yes,No,72,Yes,Yes,Fiber optic,No,Yes,Yes,No,Yes,Yes,One year,Yes,Electronic check,101.35,7323.15,No,60+,101.71041666666666,6,1
Female,1,No,No,2,Yes,Yes,Fiber optic,No,No,No,No,No,Yes,Month-to-month,Yes,Electronic check,84.05,186.05,No,0-12,93.025,3,1
Male,0,Yes,Yes,23,Yes,No,No,No internet service,No internet service,No internet service,No internet service,No internet service,No internet service,Two year,No,Mailed check,20.9,454.0,No,13-24,19.73913043478261,1,0
Female,1,No,No,71,Yes,Yes,Fiber optic,No,Yes,Yes,No,Yes,Yes,One year,Yes,Electronic check,105.9,7521.95,No,60+,105.94295774647888,6,1
Female,0,Yes,No,11,Yes,Yes,Fiber optic,No,No,Yes,No,Yes,Yes,Month-to-month,Yes,Electronic check,99.5,1056.95,Yes,0-12,96.08636363636364,5,1
Male,0,No,No,1,Yes,No,DSL,No,No,No,No,No,No,Month-to-month,Yes,Mailed check,44.15,44.15,Yes,0-12,44.15,1,1
Female,0,No,No,16,Yes,No,DSL,No,Yes,No,Yes,No,No,Month-to-month,Yes,Mailed check,53.9,834.15,Yes,13-24,52.134375,3,1
Female,0,No,No,1,Yes,Yes,Fiber optic,No,No,No,No,No,Yes,Month-to-month,Yes,Mailed check,85.45,85.45,Yes,0-12,85.45,3,1
Male,0,Yes,No,12,Yes,No,Fiber optic,No,Yes,No,No,No,Yes,Month-to-month,Yes,Credit card (automatic),85.05,999.8,No,0-12,83.31666666666666,3,1
Female,0,No,No,54,No,No phone service,DSL,Yes,No,No,Yes,No,Yes,One year,No,Bank transfer (automatic),44.1,2369.7,No,49-60,43.88333333333333,3,1
Female,0,Yes,No,68,Yes,Yes,Fiber optic,No,Yes,Yes,Yes,No,No,Two year,No,Credit card (automatic),90.2,6297.65,No,60+,92.6125,5,1
Female,0,Yes,Yes,4,Yes,Yes,DSL,No,No,No,No,No,No,Month-to-month,No,Mailed check,50.85,239.55,Yes,0-12,59.8875,2,1
Female,0,No,Yes,1,Yes,No,DSL,No,No,Yes,No,No,Yes,Month-to-month,No,Electronic check,59.2,59.2,Yes,0-12,59.2,3,1
Male,0,No,No,27,Yes,No,DSL,Yes,No,No,Yes,No,No,Month-to-month,No,Mailed check,53.45,1461.45,No,25-48,54.12777777777778,3,1
Male,0,No,No,21,Yes,No,No,No internet service,No internet service,No internet service,No internet service,No internet service,No internet service,Month-to-month,Yes,Mailed check,19.95,416.4,No,13-24,19.82857142857143,1,0
Male,0,No,No,13,Yes,No,Fiber optic,No,No,Yes,No,Yes,No,Month-to-month,Yes,Electronic check,83.2,1060.6,Yes,13-24,81.58461538461538,3,1
Female,1,No,No,64,Yes,Yes,DSL,No,Yes,Yes,Yes,No,Yes,Month-to-month,No,Credit card (automatic),74.65,4869.35,No,60+,76.08359375,6,1
Female,0,No,No,1,Yes,No,DSL,Yes,Yes,No,No,No,No,Month-to-month,Yes,Electronic check,54.9,54.9,Yes,0-12,54.9,3,1
Male,0,Yes,No,57,No,No phone service,DSL,No,Yes,Yes,Yes,Yes,Yes,Two year,Yes,Bank transfer (automatic),57.5,3265.95,No,49-60,57.29736842105263,5,1
Female,0,Yes,No,21,Yes,Yes,Fiber optic,Yes,No,Yes,No,Yes,Yes,Month-to-month,Yes,Electronic check,103.9,2254.2,Yes,13-24,107.34285714285711,6,1
Male,0,No,No,19,Yes,No,No,No internet service,No internet service,No internet service,No internet service,No internet service,No internet service,Two year,No,Mailed check,19.65,358.15,No,13-24,18.85,1,0
Male,0,Yes,No,31,Yes,No,Fiber optic,No,No,Yes,No,Yes,Yes,One year,Yes,Electronic check,93.8,2939.8,No,25-48,94.83225806451614,4,1
Male,0,No,No,52,Yes,Yes,DSL,Yes,Yes,Yes,Yes,Yes,Yes,Two year,Yes,Mailed check,89.25,4652.4,No,49-60,89.46923076923076,8,1
Female,0,No,No,46,Yes,Yes,Fiber optic,No,Yes,Yes,No,No,Yes,One year,Yes,Electronic check,94.15,4408.45,No,25-48,95.8358695652174,5,1
Female,1,No,No,11,Yes,Yes,DSL,Yes,No,No,No,No,No,Month-to-month,Yes,Electronic check,55.6,580.8,No,0-12,52.8,3,1
Female,0,Yes,Yes,53,No,No phone service,DSL,Yes,Yes,Yes,No,No,Yes,Month-to-month,Yes,Bank transfer (automatic),48.7,2495.2,No,49-60,47.079245283018864,4,1
Female,0,Yes,Yes,11,Yes,No,No,No internet service,No internet service,No internet service,No internet service,No internet service,No internet service,Month-to-month,Yes,Mailed check,19.25,180.3,Yes,0-12,16.39090909090909,1,0
Male,1,No,No,57,Yes,Yes,Fiber optic,No,Yes,No,Yes,Yes,Yes,Month-to-month,Yes,Bank transfer (automatic),104.9,5913.95,No,49-60,103.75350877192982,6,1
Female,1,No,No,2,Yes,Yes,Fiber optic,No,No,No,No,No,No,Month-to-month,Yes,Mailed check,75.45,158.4,Yes,0-12,79.2,2,1
Female,1,No,No,2,Yes,No,DSL,Yes,Yes,No,No,No,No,Month-to-month,No,Mailed check,54.85,104.2,Yes,0-12,52.1,3,1
Female,0,Yes,Yes,71,Yes,No,No,No internet service,No internet service,No internet service,No internet service,No internet service,No internet service,Two year,No,Bank transfer (automatic),19.9,1389.35,No,60+,19.56830985915493,1,0
Female,0,Yes,Yes,1,Yes,No,No,No internet service,No internet service,No internet service,No internet service,No internet service,No internet service,Month-to-month,Yes,Mailed check,19.4,19.4,No,0-12,19.4,1,0
Male,0,Yes,No,68,Yes,Yes,No,No internet service,No internet service,No internet service,No internet service,No internet service,No internet service,Two year,No,Credit card (automatic),25.05,1629.2,No,60+,23.958823529411767,2,0
Male,0,Yes,No,72,Yes,No,DSL,Yes,Yes,Yes,Yes,Yes,Yes,Two year,No,Mailed check,84.45,6033.1,No,60+,83.79305555555555,7,1
Female,0,No,No,2,Yes,No,No,No internet service,No internet service,No internet service,No internet service,No internet service,No internet service,Month-to-month,No,Mailed check,19.3,44.4,No,0-12,22.2,1,0
Male,1,Yes,No,1,Yes,Yes,Fiber optic,No,No,No,No,Yes,Yes,Month-to-month,Yes,Electronic check,95.1,95.1,Yes,0-12,95.1,4,1
Female,0,No,No,41,Yes,No,DSL,Yes,No,Yes,Yes,Yes,Yes,One year,Yes,Bank transfer (automatic),79.85,3320.75,No,25-48,80.9939024390244,6,1
Male,0,Yes,Yes,72,Yes,Yes,No,No internet service,No internet service,No internet service,No internet service,No internet service,No internet service,Two year,No,Credit card (automatic),25.55,1867.7,No,60+,25.94027777777778,2,0
Male,0,Yes,No,6,Yes,Yes,Fiber optic,No,No,No,No,No,No,Month-to-month,Yes,Electronic check,75.5,438.0,Yes,0-12,73.0,2,1
Female,0,Yes,Yes,4,Yes,No,Fiber optic,No,No,Yes,No,No,No,Month-to-month,Yes,Electronic check,73.75,325.45,Yes,0-12,81.3625,2,1
Male,0,No,No,12,Yes,Yes,Fiber optic,No,No,No,No,Yes,Yes,Month-to-month,Yes,Electronic check,96.05,1148.1,Yes,0-12,95.675,4,1
Female,0,Yes,No,58,Yes,Yes,DSL,Yes,No,No,Yes,No,Yes,One year,Yes,Electronic check,68.4,3972.25,No,49-60,68.48706896551724,5,1
Female,0,No,No,7,Yes,No,No,No internet service,No internet service,No internet service,No internet service,No internet service,No internet service,Month-to-month,No,Mailed check,20.65,155.9,No,0-12,22.27142857142857,1,0
Female,0,Yes,No,65,Yes,No,DSL,Yes,No,Yes,No,No,No,Month-to-month,Yes,Mailed check,55.15,3673.15,No,60+,56.51,3,1
Male,0,No,No,1,Yes,No,Fiber optic,No,No,No,No,No,No,Month-to-month,Yes,Mailed check,70.6,70.6,No,0-12,70.6,1,1
Male,0,Yes,No,56,Yes,No,No,No internet service,No internet service,No internet service,No internet service,No internet service,No internet service,One year,No,Credit card (automatic),19.95,1126.75,No,49-60,20.120535714285715,1,0
Male,0,No,No,4,Yes,No,No,No internet service,No internet service,No internet service,No internet service,No internet service,No internet service,Month-to-month,No,Mailed check,19.0,73.45,No,0-12,18.3625,1,0
Female,0,Yes,Yes,58,Yes,No,DSL,No,No,No,No,No,No,One year,Yes,Mailed check,44.1,2413.05,No,49-60,41.60431034482759,1,1
Male,0,Yes,No,62,Yes,Yes,Fiber optic,No,No,Yes,Yes,Yes,Yes,Two year,Yes,Bank transfer (automatic),107.6,6912.7,No,60+,111.49516129032256,6,1
Male,0,No,No,26,Yes,Yes,DSL,Yes,Yes,No,No,No,No,One year,No,Electronic check,61.55,1581.95,No,25-48,60.84423076923077,4,1
Male,0,No,No,62,Yes,Yes,Fiber optic,Yes,Yes,Yes,No,No,No,Month-to-month,No,Bank transfer (automatic),90.7,5586.45,No,60+,90.1040322580645,5,1
Female,0,Yes,Yes,58,Yes,No,Fiber optic,Yes,Yes,No,No,Yes,Yes,One year,No,Credit card (automatic),99.25,5846.65,No,49-60,100.80431034482758,5,1
Female,0,Yes,No,68,Yes,Yes,DSL,Yes,Yes,Yes,Yes,Yes,Yes,Two year,Yes,Electronic check,91.7,6424.7,No,60+,94.48088235294118,8,1
Female,0,Yes,Yes,61,Yes,Yes,Fiber optic,Yes,Yes,Yes,No,No,Yes,One year,Yes,Credit card (automatic),100.7,6018.65,No,60+,98.66639344262296,6,1
Female,0,No,No,42,Yes,Yes,DSL,No,No,Yes,Yes,Yes,Yes,Two year,Yes,Credit card (automatic),78.45,3373.4,No,25-48,80.31904761904762,6,1
Male,0,No,No,18,Yes,Yes,Fiber optic,No,No,No,No,Yes,No,Month-to-month,No,Bank transfer (automatic),84.3,1537.9,No,13-24,85.4388888888889,3,1
Female,0,No,No,56,Yes,No,No,No internet service,No internet service,No internet service,No internet service,No internet service,No internet service,Two year,Yes,Bank transfer (automatic),19.55,1080.55,No,49-60,19.295535714285712,1,0
Female,0,No,No,4,Yes,Yes,Fiber optic,No,Yes,No,No,No,Yes,Month-to-month,Yes,Electronic check,88.95,355.2,Yes,0-12,88.8,4,1
Female,0,No,No,4,Yes,No,No,No internet service,No internet service,No internet service,No internet service,No internet service,No internet service,Month-to-month,No,Credit card (automatic),20.45,82.85,No,0-12,20.7125,1,0
Female,0,No,Yes,35,Yes,No,DSL,Yes,Yes,No,No,No,No,One year,No,Credit card (automatic),55.6,2016.45,No,25-48,57.612857142857145,3,1
Female,0,Yes,Yes,64,Yes,Yes,Fiber optic,Yes,No,No,Yes,No,No,Month-to-month,Yes,Bank transfer (automatic),86.8,5327.25,No,60+,83.23828125,4,1
Female,0,No,No,31,Yes,No,No,No internet service,No internet service,No internet service,No internet service,No internet service,No internet service,One year,No,Mailed check,20.95,683.25,No,25-48,22.04032258064516,1,0
Female,1,Yes,No,67,Yes,No,No,No internet service,No internet service,No internet service,No internet service,No internet service,No internet service,Two year,Yes,Bank transfer (automatic),20.05,1263.05,No,60+,18.851492537313437,1,0
Female,0,No,No,4,Yes,No,DSL,No,Yes,No,No,No,No,Month-to-month,No,Credit card (automatic),50.7,151.3,Yes,0-12,37.825,2,1
Female,1,Yes,No,70,Yes,Yes,Fiber optic,Yes,Yes,Yes,Yes,Yes,Yes,Two year,Yes,Electronic check,113.65,7714.65,No,60+,110.20928571428573,8,1
Male,0,No,No,3,Yes,No,DSL,No,No,No,No,Yes,No,Month-to-month,No,Credit card (automatic),53.4,188.7,Yes,0-12,62.9,2,1
Male,1,Yes,No,53,Yes,Yes,Fiber optic,No,Yes,No,No,Yes,Yes,Month-to-month,Yes,Electronic check,101.9,5549.4,Yes,49-60,104.70566037735848,5,1
Male,0,Yes,Yes,2,Yes,No,DSL,Yes,Yes,No,Yes,No,No,Two year,No,Mailed check,59.5,130.5,No,0-12,65.25,4,1
Female,0,Yes,Yes,29,Yes,No,Fiber optic,No,No,No,No,Yes,Yes,Month-to-month,Yes,Credit card (automatic),87.8,2621.75,No,25-48,90.40517241379312,3,1
Female,0,No,No,47,No,No phone service,DSL,Yes,No,Yes,Yes,No,No,Two year,No,Mailed check,41.9,1875.25,No,25-48,39.89893617021277,3,1
Female,0,Yes,Yes,68,Yes,Yes,Fiber optic,No,No,No,No,Yes,No,One year,Yes,Electronic check,83.0,5685.8,Yes,60+,83.61470588235295,3,1
Male,0,No,Yes,12,Yes,No,DSL,Yes,No,No,No,Yes,Yes,Month-to-month,Yes,Mailed check,69.85,837.5,No,0-12,69.79166666666667,4,1
Female,0,Yes,Yes,8,Yes,No,DSL,No,Yes,No,Yes,No,No,Month-to-month,No,Bank transfer (automatic),56.3,401.5,No,0-12,50.1875,3,1
Male,0,Yes,No,54,Yes,Yes,Fiber optic,Yes,Yes,Yes,No,Yes,Yes,Month-to-month,No,Electronic check,109.55,6118.95,No,49-60,113.31388888888888,7,1
Male,0,Yes,Yes,69,Yes,No,Fiber optic,No,Yes,No,Yes,Yes,No,Two year,Yes,Mailed check,92.15,6480.9,No,60+,93.92608695652171,4,1
Female,0,No,No,26,Yes,Yes,DSL,Yes,Yes,No,No,Yes,No,Month-to-month,Yes,Bank transfer (automatic),69.5,1800.05,No,25-48,69.2326923076923,5,1
Female,0,Yes,No,72,Yes,Yes,Fiber optic,Yes,Yes,Yes,Yes,No,No,Two year,Yes,Bank transfer (automatic),97.0,7104.2,No,60+,98.66944444444444,6,1
Female,0,No,No,70,No,No phone service,DSL,Yes,No,Yes,Yes,Yes,Yes,Two year,Yes,Bank transfer (automatic),58.35,4214.25,No,60+,60.20357142857143,5,1
Male,0,No,Yes,1,Yes,No,DSL,Yes,No,No,No,No,No,Month-to-month,No,Mailed check,50.6,50.6,Yes,0-12,50.6,2,1
Male,0,No,No,10,Yes,No,Fiber optic,No,No,No,No,Yes,Yes,Month-to-month,Yes,Electronic check,89.5,863.1,Yes,0-12,86.31,3,1
Female,0,Yes,Yes,28,Yes,No,Fiber optic,No,No,No,No,No,No,One year,Yes,Bank transfer (automatic),70.4,1992.2,No,25-48,71.15,1,1
Male,0,No,No,1,Yes,No,Fiber optic,No,No,No,No,No,No,Month-to-month,Yes,Electronic check,69.8,69.8,Yes,0-12,69.8,1,1
Female,0,Yes,No,21,Yes,Yes,Fiber optic,No,No,No,No,Yes,Yes,Month-to-month,Yes,Electronic check,94.3,1948.35,No,13-24,92.77857142857142,4,1
Male,1,Yes,No,51,Yes,Yes,Fiber optic,Yes,No,Yes,No,Yes,No,Month-to-month,Yes,Bank transfer (automatic),93.8,4750.95,Yes,49-60,93.15588235294118,5,1
Female,0,Yes,Yes,53,Yes,No,No,No internet service,No internet service,No internet service,No internet service,No internet service,No internet service,One year,No,Bank transfer (automatic),19.55,1007.9,No,49-60,19.016981132075472,1,0
Male,0,No,Yes,53,Yes,No,Fiber optic,Yes,Yes,Yes,No,No,Yes,One year,No,Electronic check,95.95,5036.9,No,49-60,95.03584905660377,5,1
Male,0,Yes,No,24,Yes,Yes,Fiber optic,No,No,Yes,No,Yes,Yes,Month-to-month,Yes,Electronic check,101.05,2391.8,Yes,13-24,99.65833333333336,5,1
Female,0,Yes,No,70,Yes,Yes,DSL,Yes,Yes,Yes,Yes,Yes,Yes,Two year,Yes,Credit card (automatic),94.8,6859.05,No,60+,97.98642857142858,8,1
Male,0,No,No,61,Yes,Yes,Fiber optic,Yes,Yes,Yes,No,Yes,Yes,One year,Yes,Electronic check,107.75,6521.9,No,60+,106.91639344262296,7,1
Female,0,No,No,11,Yes,No,DSL,Yes,No,No,Yes,No,No,One year,Yes,Mailed check,54.6,617.85,No,0-12,56.16818181818182,3,1
Male,0,No,No,2,Yes,No,Fiber optic,No,No,No,No,No,No,Month-to-month,Yes,Credit card (automatic),71.3,157.75,No,0-12,78.875,1,1
Male,0,No,No,25,Yes,No,No,No internet service,No internet service,No internet service,No internet service,No internet service,No internet service,One year,Yes,Bank transfer (automatic),19.5,516.3,No,25-48,20.652,1,0
Female,0,No,No,41,Yes,Yes,DSL,No,Yes,No,No,No,No,One year,Yes,Credit card (automatic),56.3,2364.0,No,25-48,57.65853658536585,3,1
Male,0,Yes,No,18,Yes,Yes,Fiber optic,No,No,No,No,Yes,Yes,Month-to-month,Yes,Electronic check,94.7,1687.95,Yes,13-24,93.775,4,1
Male,1,Yes,No,72,Yes,Yes,Fiber optic,No,Yes,Yes,No,Yes,Yes,Two year,Yes,Bank transfer (automatic),104.15,7689.95,Yes,60+,106.80486111111112,6,1
Female,0,Yes,Yes,71,Yes,Yes,DSL,Yes,Yes,Yes,Yes,Yes,Yes,Two year,Yes,Credit card (automatic),90.55,6239.05,No,60+,87.87394366197184,8,1
Female,0,Yes,Yes,34,Yes,No,DSL,Yes,Yes,Yes,No,No,No,One year,Yes,Mailed check,60.8,2042.05,No,25-48,60.06029411764706,4,1
Male,0,No,No,29,Yes,No,Fiber optic,No,No,Yes,Yes,Yes,Yes,Month-to-month,Yes,Credit card (automatic),98.8,2807.1,No,25-48,96.79655172413791,5,1
Male,1,Yes,No,40,Yes,No,Fiber optic,Yes,Yes,Yes,Yes,Yes,No,One year,Yes,Credit card (automatic),98.15,4116.8,No,25-48,102.92,6,1
Male,0,Yes,No,36,No,No phone service,DSL,Yes,No,Yes,No,No,No,One year,No,Mailed check,35.35,1317.95,No,25-48,36.609722222222224,2,1
Female,0,Yes,No,46,Yes,Yes,Fiber optic,No,Yes,No,Yes,Yes,Yes,One year,Yes,Electronic check,103.15,4594.65,No,25-48,99.8836956521739,6,1
Female,0,No,No,58,Yes,Yes,Fiber optic,Yes,Yes,Yes,No,Yes,Yes,One year,Yes,Electronic check,107.75,6332.75,No,49-60,109.1853448275862,7,1
Male,0,No,No,39,Yes,Yes,Fiber optic,No,Yes,No,No,No,No,One year,No,Credit card (automatic),81.4,3213.75,No,25-48,82.40384615384616,3,1
Male,0,Yes,Yes,4,Yes,No,DSL,No,No,No,Yes,No,Yes,Month-to-month,No,Credit card (automatic),61.45,229.55,Yes,0-12,57.3875,3,1
Female,0,Yes,Yes,52,Yes,Yes,Fiber optic,No,Yes,Yes,No,Yes,No,One year,Yes,Credit card (automatic),95.7,4976.15,No,49-60,95.6951923076923,5,1
Male,1,Yes,No,70,Yes,Yes,Fiber optic,No,Yes,Yes,No,Yes,Yes,One year,Yes,Electronic check,104.8,7308.95,No,60+,104.41357142857144,6,1
Male,1,Yes,No,65,Yes,No,Fiber optic,No,No,No,No,No,No,One year,Yes,Bank transfer (automatic),70.95,4555.2,No,60+,70.08,1,1
Male,0,No,No,1,Yes,No,DSL,No,No,No,No,No,No,Month-to-month,Yes,Mailed check,44.95,44.95,No,0-12,44.95,1,1
Female,0,Yes,No,70,Yes,Yes,Fiber optic,No,No,Yes,No,Yes,Yes,One year,Yes,Electronic check,97.65,6982.5,No,60+,99.75,5,1
Female,1,Yes,Yes,29,No,No phone service,DSL,No,Yes,Yes,No,No,No,Month-to-month,Yes,Mailed check,35.65,1025.15,No,25-48,35.35,2,1
Male,0,No,No,1,Yes,No,Fiber optic,No,No,No,No,Yes,Yes,Month-to-month,Yes,Electronic check,90.55,90.55,Yes,0-12,90.55,3,1
Female,0,No,No,67,Yes,Yes,DSL,Yes,No,Yes,Yes,Yes,Yes,Two year,Yes,Mailed check,85.25,5714.2,No,60+,85.2865671641791,7,1
Female,0,No,No,1,Yes,No,No,No internet service,No internet service,No internet service,No internet service,No internet service,No internet service,Month-to-month,Yes,Mailed check,19.5,19.5,No,0-12,19.5,1,0
Female,0,No,No,26,Yes,No,Fiber optic,No,No,No,No,Yes,Yes,Month-to-month,Yes,Bank transfer (automatic),88.8,2274.35,Yes,25-48,87.475,3,1
Female,0,Yes,Yes,30,Yes,Yes,No,No internet service,No internet service,No internet service,No internet service,No internet service,No internet service,Two year,Yes,Mailed check,25.1,789.55,No,25-48,26.31833333333333,2,0
Female,0,Yes,No,48,Yes,No,Fiber optic,No,No,Yes,Yes,Yes,Yes,Month-to-month,Yes,Credit card (automatic),100.05,4834.0,No,25-48,100.70833333333331,5,1
Female,0,Yes,Yes,55,Yes,No,DSL,Yes,Yes,No,No,No,No,Month-to-month,No,Electronic check,55.7,3131.8,No,49-60,56.941818181818185,3,1
Male,0,No,No,7,Yes,Yes,Fiber optic,No,No,No,No,No,Yes,Month-to-month,Yes,Mailed check,85.2,602.55,Yes,0-12,86.07857142857142,3,1
Male,0,No,No,37,Yes,Yes,Fiber optic,Yes,No,No,No,Yes,No,Month-to-month,Yes,Electronic check,91.15,3369.25,No,25-48,91.0608108108108,4,1
Female,0,Yes,No,31,Yes,No,Fiber optic,No,Yes,No,No,No,Yes,Month-to-month,Yes,Bank transfer (automatic),83.85,2674.15,No,25-48,86.26290322580645,3,1
Male,0,No,No,4,Yes,No,DSL,No,No,No,No,No,No,Month-to-month,Yes,Electronic check,45.9,199.75,No,0-12,49.9375,1,1
Male,0,Yes,Yes,72,Yes,Yes,No,No internet service,No internet service,No internet service,No internet service,No internet service,No internet service,Two year,Yes,Credit card (automatic),25.1,1790.8,No,60+,24.87222222222222,2,0
Male,1,No,No,5,Yes,No,Fiber optic,No,No,No,No,Yes,Yes,Month-to-month,Yes,Electronic check,91.4,449.75,Yes,0-12,89.95,3,1
Male,0,Yes,Yes,1,Yes,No,No,No internet service,No internet service,No internet service,No internet service,No internet service,No internet service,Month-to-month,No,Mailed check,19.7,19.7,No,0-12,19.7,1,0
Female,1,No,No,15,Yes,No,Fiber optic,No,No,No,No,Yes,Yes,Month-to-month,Yes,Electronic check,91.5,1400.3,No,13-24,93.35333333333332,3,1
Male,0,Yes,Yes,8,Yes,No,DSL,Yes,No,No,No,No,No,Month-to-month,Yes,Credit card (automatic),51.3,411.6,No,0-12,51.45,2,1
Female,0,No,No,35,Yes,No,No,No internet service,No internet service,No internet service,No internet service,No internet service,No internet service,One year,No,Mailed check,21.1,741.0,No,25-48,21.17142857142857,1,0
Female,1,No,No,56,Yes,Yes,Fiber optic,No,Yes,Yes,No,Yes,Yes,Month-to-month,No,Electronic check,104.75,5841.35,No,49-60,104.30982142857144,6,1
Male,0,Yes,No,42,Yes,Yes,Fiber optic,No,No,Yes,Yes,Yes,Yes,Month-to-month,Yes,Bank transfer (automatic),106.15,4512.7,Yes,25-48,107.4452380952381,6,1
Male,1,Yes,Yes,65,Yes,Yes,Fiber optic,Yes,Yes,No,No,No,No,Month-to-month,Yes,Electronic check,85.75,5688.45,No,60+,87.51461538461538,4,1
Female,0,Yes,Yes,2,Yes,No,No,No internet service,No internet service,No internet service,No internet service,No internet service,No internet service,One year,No,Mailed check,20.3,31.9,No,0-12,15.95,1,0
Male,1,Yes,No,65,Yes,Yes,Fiber optic,Yes,No,No,No,Yes,Yes,One year,Yes,Electronic check,100.75,6674.65,No,60+,102.68692307692308,5,1
Female,0,No,No,18,Yes,Yes,Fiber optic,No,No,No,No,No,No,Month-to-month,Yes,Electronic check,74.15,1345.75,No,13-24,74.76388888888889,2,1
Female,0,No,No,23,Yes,Yes,DSL,Yes,No,Yes,No,Yes,Yes,One year,Yes,Electronic check,78.55,1843.05,No,13-24,80.13260869565217,6,1
Female,0,No,No,4,Yes,No,DSL,No,No,No,No,No,No,Month-to-month,Yes,Mailed check,45.3,196.95,Yes,0-12,49.2375,1,1
Male,0,Yes,No,70,Yes,No,No,No internet service,No internet service,No internet service,No internet service,No internet service,No internet service,Two year,No,Credit card (automatic),19.85,1433.8,No,60+,20.482857142857146,1,0
Female,0,No,No,4,Yes,Yes,DSL,No,No,No,No,No,No,Month-to-month,No,Electronic check,50.7,214.55,No,0-12,53.6375,2,1
Male,0,No,No,19,Yes,No,DSL,No,No,No,No,No,No,Month-to-month,Yes,Bank transfer (automatic),45.0,865.85,No,13-24,45.57105263157895,1,1
Female,0,No,No,18,Yes,No,Fiber optic,No,Yes,Yes,No,No,No,Month-to-month,No,Electronic check,77.8,1358.6,No,13-24,75.47777777777777,3,1
Female,1,Yes,No,38,Yes,No,Fiber optic,Yes,No,No,No,No,Yes,Month-to-month,Yes,Electronic check,83.45,3147.15,No,25-48,82.81973684210527,3,1
Male,0,No,No,2,Yes,Yes,Fiber optic,No,No,No,No,No,No,Month-to-month,Yes,Credit card (automatic),73.25,131.05,Yes,0-12,65.525,2,1
Male,0,No,No,47,Yes,Yes,Fiber optic,Yes,Yes,No,No,Yes,No,One year,No,Bank transfer (automatic),94.8,4535.85,No,25-48,96.50744680851064,5,1
Female,0,Yes,Yes,52,Yes,No,No,No internet service,No internet service,No internet service,No internet service,No internet service,No internet service,Two year,No,Bank transfer (automatic),20.1,1078.75,No,49-60,20.745192307692307,1,0
Male,0,No,No,9,Yes,Yes,DSL,No,No,No,No,No,Yes,Month-to-month,No,Mailed check,59.9,542.4,No,0-12,60.266666666666666,3,1
Female,0,Yes,No,26,Yes,Yes,DSL,Yes,Yes,Yes,Yes,Yes,Yes,One year,Yes,Credit card (automatic),90.1,2312.55,No,25-48,88.94423076923077,8,1
Male,0,Yes,Yes,8,Yes,No,DSL,No,No,Yes,No,No,No,Month-to-month,Yes,Electronic check,51.05,415.05,Yes,0-12,51.88125,2,1
Male,0,Yes,No,44,Yes,No,DSL,No,Yes,Yes,Yes,Yes,No,One year,Yes,Electronic check,70.95,3250.45,No,25-48,73.87386363636364,5,1
Female,0,No,No,3,No,No phone service,DSL,No,Yes,No,No,No,No,Month-to-month,No,Mailed check,29.2,98.5,No,0-12,32.833333333333336,1,1
Male,0,No,No,2,Yes,No,DSL,No,No,No,No,No,No,Month-to-month,Yes,Bank transfer (automatic),46.6,87.9,No,0-12,43.95,1,1
Female,0,Yes,Yes,9,Yes,Yes,Fiber optic,No,No,No,No,Yes,No,Month-to-month,Yes,Bank transfer (automatic),85.35,754.65,Yes,0-12,83.85,3,1
Male,1,No,No,1,Yes,Yes,Fiber optic,No,No,No,No,No,No,Month-to-month,Yes,Electronic check,75.35,75.35,Yes,0-12,75.35,2,1
Male,0,No,No,25,Yes,No,Fiber optic,Yes,No,No,No,No,No,Month-to-month,No,Bank transfer (automatic),74.3,1952.25,No,25-48,78.09,2,1
Female,1,Yes,No,2,Yes,No,Fiber optic,No,No,No,No,No,No,Month-to-month,Yes,Electronic check,69.3,153.8,No,0-12,76.9,1,1
Male,0,No,No,43,Yes,No,Fiber optic,Yes,No,No,No,No,No,Month-to-month,Yes,Electronic check,75.2,3198.6,Yes,25-48,74.38604651162791,2,1
Female,0,No,No,1,Yes,No,No,No internet service,No internet service,No internet service,No internet service,No internet service,No internet service,Month-to-month,No,Mailed check,20.9,20.9,Yes,0-12,20.9,1,0
Female,0,Yes,No,58,Yes,Yes,Fiber optic,No,Yes,Yes,No,No,Yes,One year,Yes,Electronic check,94.3,5610.15,No,49-60,96.72672413793104,5,1
Female,0,Yes,Yes,59,Yes,Yes,DSL,Yes,No,Yes,Yes,Yes,No,Two year,Yes,Mailed check,76.45,4519.5,No,49-60,76.60169491525424,6,1
Male,0,No,No,44,No,No phone service,DSL,Yes,No,Yes,No,Yes,Yes,One year,Yes,Electronic check,54.0,2440.25,No,25-48,55.46022727272727,4,1
Male,0,No,No,66,Yes,Yes,Fiber optic,No,Yes,No,Yes,Yes,Yes,One year,Yes,Electronic check,104.25,6860.6,No,60+,103.94848484848484,6,1
Male,0,Yes,Yes,68,Yes,No,No,No internet service,No internet service,No internet service,No internet service,No internet service,No internet service,Two year,No,Bank transfer (automatic),19.95,1377.7,No,60+,20.26029411764706,1,0
Male,0,No,No,9,No,No phone service,DSL,No,No,No,No,No,No,Month-to-month,Yes,Electronic check,24.95,190.25,No,0-12,21.13888888888889,0,1
Male,0,No,No,19,Yes,Yes,Fiber optic,Yes,No,Yes,No,No,No,Month-to-month,Yes,Electronic check,84.75,1651.95,No,13-24,86.94473684210527,4,1
Male,0,No,No,4,Yes,No,No,No internet service,No internet service,No internet service,No internet service,No internet service,No internet service,Month-to-month,No,Mailed check,19.75,78.3,No,0-12,19.575,1,0
Female,0,No,No,70,Yes,Yes,Fiber optic,Yes,Yes,Yes,Yes,Yes,Yes,Two year,Yes,Bank transfer (automatic),113.65,7939.25,No,60+,113.41785714285714,8,1
Male,0,No,No,1,Yes,No,DSL,No,No,No,No,No,No,Month-to-month,Yes,Mailed check,44.9,44.9,No,0-12,44.9,1,1
Female,0,No,No,8,Yes,Yes,Fiber optic,No,No,No,No,No,No,Month-to-month,Yes,Electronic check,75.25,576.7,No,0-12,72.0875,2,1
Male,0,No,No,53,Yes,Yes,No,No internet service,No internet service,No internet service,No internet service,No internet service,No internet service,Two year,No,Mailed check,24.6,1279.0,No,49-60,24.132075471698112,2,0
Male,1,No,No,51,Yes,Yes,No,No internet service,No internet service,No internet service,No internet service,No internet service,No internet service,One year,No,Bank transfer (automatic),25.0,1260.7,No,49-60,24.71960784313725,2,0
Male,0,Yes,Yes,11,Yes,No,No,No internet service,No internet service,No internet service,No internet service,No internet service,No internet service,Month-to-month,No,Bank transfer (automatic),20.95,267.35,No,0-12,24.30454545454546,1,0
Male,0,Yes,Yes,60,Yes,Yes,Fiber optic,Yes,No,Yes,Yes,Yes,Yes,Two year,Yes,Electronic check,110.6,6586.85,No,49-60,109.78083333333332,7,1
Male,0,No,No,17,Yes,No,DSL,Yes,Yes,No,No,No,No,Month-to-month,Yes,Credit card (automatic),55.5,934.15,No,13-24,54.95,3,1
Male,0,No,No,3,Yes,No,DSL,No,No,No,No,No,No,Month-to-month,Yes,Electronic check,43.3,123.65,Yes,0-12,41.21666666666667,1,1
Male,0,Yes,No,70,Yes,No,Fiber optic,Yes,Yes,Yes,Yes,Yes,Yes,One year,Yes,Bank transfer (automatic),109.5,7534.65,Yes,60+,107.63785714285714,7,1
Male,0,No,No,1,Yes,No,No,No internet service,No internet service,No internet service,No internet service,No internet service,No internet service,Month-to-month,No,Mailed check,19.45,19.45,No,0-12,19.45,1,0
Male,1,No,No,43,Yes,Yes,Fiber optic,No,No,No,No,Yes,No,Month-to-month,Yes,Electronic check,84.85,3645.6,No,25-48,84.78139534883721,3,1
Female,0,Yes,No,16,Yes,No,No,No internet service,No internet service,No internet service,No internet service,No internet service,No internet service,Month-to-month,No,Mailed check,19.6,314.45,No,13-24,19.653125,1,0
Female,0,Yes,Yes,57,Yes,No,DSL,Yes,Yes,No,No,No,No,One year,No,Electronic check,53.45,3053.0,No,49-60,53.56140350877193,3,1
Male,0,Yes,Yes,37,Yes,No,No,No internet service,No internet service,No internet service,No internet service,No internet service,No internet service,One year,No,Credit card (automatic),19.8,677.05,No,25-48,18.298648648648648,1,0
Female,0,Yes,No,72,Yes,Yes,Fiber optic,Yes,Yes,Yes,Yes,Yes,Yes,Two year,No,Credit card (automatic),112.1,7965.95,No,60+,110.63819444444444,8,1
Female,1,No,No,11,Yes,Yes,Fiber optic,No,No,No,No,No,Yes,Month-to-month,Yes,Credit card (automatic),84.8,906.85,Yes,0-12,82.44090909090909,3,1
Female,1,Yes,No,50,Yes,Yes,Fiber optic,No,Yes,Yes,No,Yes,No,Month-to-month,Yes,Electronic check,95.05,4888.7,Yes,49-60,97.774,5,1
Male,1,No,No,5,Yes,No,DSL,No,No,Yes,No,No,No,Month-to-month,No,Electronic check,50.35,237.25,Yes,0-12,47.45,2,1
Male,0,Yes,No,1,Yes,Yes,Fiber optic,No,No,No,No,No,No,Month-to-month,Yes,Bank transfer (automatic),74.6,74.6,Yes,0-12,74.6,2,1
Male,0,No,No,16,Yes,No,No,No internet service,No internet service,No internet service,No internet service,No internet service,No internet service,Month-to-month,Yes,Mailed check,19.7,342.4,Yes,13-24,21.4,1,0
Male,1,Yes,No,2,Yes,No,Fiber optic,No,No,Yes,No,No,No,Month-to-month,Yes,Electronic check,74.2,140.1,No,0-12,70.05,2,1
Female,0,No,No,17,Yes,Yes,DSL,No,No,Yes,Yes,Yes,No,Month-to-month,Yes,Mailed check,69.0,1108.0,No,13-24,65.17647058823529,5,1
Female,0,No,No,16,Yes,No,No,No internet service,No internet service,No internet service,No internet service,No internet service,No internet service,One year,No,Credit card (automatic),19.35,295.55,No,13-24,18.471875,1,0
Female,0,No,No,15,Yes,No,DSL,No,No,Yes,No,No,Yes,Month-to-month,Yes,Electronic check,59.45,892.65,Yes,13-24,59.51,3,1
Female,0,No,No,10,Yes,No,No,No internet service,No internet service,No internet service,No internet service,No internet service,No internet service,One year,Yes,Mailed check,19.8,198.25,No,0-12,19.825,1,0
Female,0,No,Yes,46,Yes,No,Fiber optic,Yes,Yes,No,Yes,Yes,Yes,One year,Yes,Bank transfer (automatic),105.2,4822.85,Yes,25-48,104.8445652173913,6,1
Male,0,Yes,Yes,64,Yes,Yes,Fiber optic,No,Yes,Yes,Yes,Yes,Yes,Two year,Yes,Credit card (automatic),109.2,6741.15,No,60+,105.33046875,7,1
Female,0,No,No,1,Yes,Yes,Fiber optic,No,Yes,No,No,No,No,Month-to-month,Yes,Mailed check,79.15,79.15,No,0-12,79.15,3,1
Male,0,Yes,Yes,25,Yes,No,DSL,No,Yes,Yes,No,No,No,One year,No,Mailed check,53.65,1355.45,No,25-48,54.218,3,1
Male,0,Yes,Yes,71,Yes,No,Fiber optic,Yes,Yes,Yes,Yes,Yes,No,Two year,No,Credit card (automatic),100.2,7209.0,No,60+,101.53521126760565,6,1
Male,0,No,No,8,Yes,No,DSL,No,No,No,No,No,No,Month-to-month,Yes,Mailed check,45.15,438.4,Yes,0-12,54.8,1,1
Female,0,Yes,Yes,72,Yes,No,Fiber optic,Yes,Yes,Yes,Yes,Yes,Yes,Two year,Yes,Bank transfer (automatic),108.65,7726.35,No,60+,107.31041666666668,7,1
Female,0,Yes,No,49,No,No phone service,DSL,Yes,No,No,No,Yes,No,Month-to-month,No,Bank transfer (automatic),40.65,2070.75,No,49-60,42.26020408163265,2,1
Male,0,Yes,Yes,29,No,No phone service,DSL,Yes,Yes,Yes,Yes,No,Yes,One year,Yes,Credit card (automatic),55.35,1636.95,No,25-48,56.44655172413793,5,1
Male,0,Yes,No,72,Yes,Yes,Fiber optic,Yes,Yes,Yes,Yes,No,Yes,Two year,No,Bank transfer (automatic),105.6,7581.5,No,60+,105.29861111111111,7,1
Male,0,Yes,No,31,Yes,Yes,Fiber optic,No,Yes,Yes,No,Yes,No,Month-to-month,No,Electronic check,93.8,3019.5,Yes,25-48,97.40322580645162,5,1
Female,0,No,No,50,Yes,Yes,Fiber optic,No,No,No,No,Yes,Yes,Month-to-month,Yes,Electronic check,95.7,4729.75,No,49-60,94.595,4,1
Male,0,Yes,No,71,Yes,Yes,DSL,Yes,No,Yes,Yes,Yes,Yes,Two year,No,Electronic check,83.2,6126.1,No,60+,86.2830985915493,7,1
Male,1,Yes,No,70,Yes,Yes,DSL,Yes,Yes,Yes,Yes,Yes,Yes,Two year,No,Credit card (automatic),90.05,6333.4,No,60+,90.47714285714284,8,1
Male,0,No,No,71,Yes,Yes,Fiber optic,Yes,No,No,Yes,No,Yes,One year,No,Credit card (automatic),97.65,6687.85,No,60+,94.1950704225352,5,1
Male,0,Yes,Yes,61,Yes,No,DSL,Yes,Yes,Yes,Yes,No,No,Two year,Yes,Bank transfer (automatic),68.05,4158.25,No,60+,68.16803278688525,5,1
Male,0,No,No,32,Yes,No,Fiber optic,No,No,No,Yes,Yes,Yes,Month-to-month,Yes,Electronic check,96.2,3183.4,Yes,25-48,99.48125,4,1
Female,0,No,Yes,1,Yes,No,Fiber optic,No,No,No,No,No,Yes,Month-to-month,Yes,Electronic check,79.6,79.6,Yes,0-12,79.6,2,1
Male,0,No,No,68,Yes,Yes,Fiber optic,Yes,Yes,Yes,No,No,Yes,Two year,Yes,Bank transfer (automatic),102.1,7149.35,No,60+,105.1375,6,1
Male,0,No,No,62,Yes,Yes,No,No internet service,No internet service,No internet service,No internet service,No internet service,No internet service,Two year,No,Bank transfer (automatic),23.4,1429.65,No,60+,23.05887096774193,2,0
Female,0,No,Yes,7,Yes,No,Fiber optic,No,No,No,No,No,No,Month-to-month,Yes,Electronic check,71.05,472.65,No,0-12,67.52142857142857,1,1
Male,0,No,No,20,Yes,Yes,Fiber optic,No,No,No,No,Yes,No,Month-to-month,Yes,Electronic check,85.25,1734.5,Yes,13-24,86.725,3,1
Male,0,Yes,Yes,6,Yes,No,No,No internet service,No internet service,No internet service,No internet service,No internet service,No internet service,One year,No,Mailed check,19.45,113.5,No,0-12,18.916666666666668,1,0
Female,1,No,No,33,No,No phone service,DSL,Yes,Yes,Yes,No,Yes,Yes,Month-to-month,Yes,Bank transfer (automatic),59.45,1884.65,No,25-48,57.11060606060607,5,1
Male,0,Yes,Yes,28,Yes,Yes,Fiber optic,No,No,No,No,Yes,Yes,One year,No,Bank transfer (automatic),92.2,2568.15,No,25-48,91.71964285714286,4,1
Male,0,No,No,27,Yes,No,No,No internet service,No internet service,No internet service,No internet service,No internet service,No internet service,Two year,No,Credit card (automatic),19.85,470.0,No,25-48,17.40740740740741,1,0
Male,0,No,No,7,Yes,No,DSL,No,No,No,No,No,No,Month-to-month,No,Mailed check,43.9,278.4,No,0-12,39.771428571428565,1,1
Male,0,No,No,26,Yes,Yes,Fiber optic,No,No,No,Yes,No,No,Month-to-month,Yes,Electronic check,80.5,2088.8,Yes,25-48,80.33846153846154,3,1
Male,1,No,No,5,Yes,Yes,Fiber optic,No,Yes,No,No,No,Yes,Month-to-month,Yes,Electronic check,89.8,502.6,Yes,0-12,100.52,4,1
Male,1,No,No,30,Yes,Yes,Fiber optic,Yes,No,No,No,No,Yes,Month-to-month,Yes,Credit card (automatic),90.5,2595.85,No,25-48,86.52833333333334,4,1
Male,0,No,No,63,Yes,Yes,Fiber optic,No,Yes,No,No,No,Yes,One year,No,Credit card (automatic),90.45,5825.5,No,60+,92.46825396825396,4,1
Male,0,No,No,1,Yes,No,DSL,No,Yes,No,No,No,No,Month-to-month,Yes,Electronic check,50.75,50.75,Yes,0-12,50.75,2,1
Female,0,No,Yes,53,Yes,Yes,DSL,No,Yes,Yes,Yes,Yes,Yes,One year,Yes,Electronic check,84.6,4449.75,No,49-60,83.95754716981132,7,1
Female,0,Yes,Yes,14,Yes,No,Fiber optic,No,Yes,No,Yes,No,Yes,Month-to-month,Yes,Credit card (automatic),89.65,1208.35,Yes,13-24,86.31071428571428,4,1
Female,0,No,No,21,Yes,No,Fiber optic,No,Yes,No,Yes,Yes,Yes,Month-to-month,Yes,Bank transfer (automatic),99.15,1956.4,No,13-24,93.16190476190476,5,1
Male,0,No,No,17,Yes,No,No,No internet service,No internet service,No internet service,No internet service,No internet service,No internet service,One year,No,Mailed check,19.95,310.6,No,13-24,18.27058823529412,1,0
Male,0,Yes,Yes,16,Yes,No,No,No internet service,No internet service,No internet service,No internet service,No internet service,No internet service,Two year,No,Mailed check,20.5,290.55,No,13-24,18.159375,1,0
Female,0,No,No,35,Yes,No,DSL,No,No,Yes,No,No,Yes,Month-to-month,Yes,Electronic check,62.1,2096.1,No,25-48,59.888571428571424,3,1
Female,1,No,No,32,Yes,No,Fiber optic,No,No,No,No,No,Yes,Month-to-month,Yes,Electronic check,79.5,2665.0,No,25-48,83.28125,2,1
Female,0,Yes,Yes,28,Yes,No,No,No internet service,No internet service,No internet service,No internet service,No internet service,No internet service,Month-to-month,Yes,Bank transfer (automatic),19.55,543.8,No,25-48,19.42142857142857,1,0
Female,0,No,No,1,Yes,No,No,No internet service,No internet service,No internet service,No internet service,No internet service,No internet service,Month-to-month,Yes,Mailed check,20.35,20.35,No,0-12,20.35,1,0
Male,0,No,No,59,No,No phone service,DSL,No,No,No,Yes,Yes,Yes,Month-to-month,Yes,Electronic check,51.7,3005.8,No,49-60,50.94576271186441,3,1
Female,0,Yes,Yes,72,Yes,Yes,No,No internet service,No internet service,No internet service,No internet service,No internet service,No internet service,One year,Yes,Bank transfer (automatic),23.3,1623.15,No,60+,22.543750000000003,2,0
Male,0,No,No,36,Yes,No,DSL,No,Yes,No,Yes,No,Yes,One year,Yes,Mailed check,65.4,2498.4,Yes,25-48,69.4,4,1
Female,0,No,No,40,Yes,No,DSL,Yes,Yes,No,No,Yes,No,Month-to-month,No,Mailed check,65.1,2586.0,No,25-48,64.65,4,1
Male,0,Yes,Yes,40,Yes,Yes,Fiber optic,No,No,Yes,No,No,No,Month-to-month,Yes,Electronic check,81.2,3292.3,No,25-48,82.3075,3,1
Female,0,No,Yes,9,Yes,No,DSL,No,No,Yes,Yes,Yes,Yes,Month-to-month,Yes,Mailed check,72.9,651.4,Yes,0-12,72.37777777777778,5,1
Male,0,Yes,Yes,63,Yes,No,DSL,Yes,Yes,Yes,Yes,Yes,No,Two year,No,Credit card (automatic),74.5,4674.55,No,60+,74.19920634920635,6,1
Female,0,No,No,3,Yes,No,Fiber optic,No,No,No,No,Yes,No,Month-to-month,Yes,Electronic check,80.5,232.35,No,0-12,77.45,2,1
Male,0,Yes,Yes,40,No,No phone service,DSL,No,Yes,Yes,Yes,Yes,Yes,One year,No,Mailed check,60.3,2448.5,No,25-48,61.2125,5,1
Male,0,Yes,No,8,Yes,No,Fiber optic,Yes,No,No,No,No,No,Month-to-month,Yes,Mailed check,75.0,658.1,No,0-12,82.2625,2,1
Male,1,Yes,No,34,Yes,No,Fiber optic,Yes,No,No,Yes,Yes,No,One year,No,Mailed check,90.15,3128.8,No,25-48,92.02352941176471,4,1
Male,0,No,No,5,No,No phone service,DSL,Yes,No,Yes,Yes,No,No,Month-to-month,No,Mailed check,40.0,223.45,Yes,0-12,44.69,3,1
Male,1,No,No,9,Yes,Yes,Fiber optic,No,Yes,No,No,Yes,Yes,Month-to-month,Yes,Credit card (automatic),99.45,919.4,Yes,0-12,102.15555555555557,5,1
Male,0,Yes,No,9,Yes,Yes,DSL,No,Yes,Yes,No,No,Yes,Month-to-month,Yes,Credit card (automatic),69.05,653.95,No,0-12,72.66111111111111,5,1
Male,0,Yes,Yes,31,Yes,Yes,DSL,No,No,No,No,No,Yes,Month-to-month,No,Bank transfer (automatic),59.7,1825.5,No,25-48,58.88709677419355,3,1
Female,0,Yes,No,50,Yes,No,No,No internet service,No internet service,No internet service,No internet service,No internet service,No internet service,One year,Yes,Bank transfer (automatic),19.85,943.1,No,49-60,18.862,1,0
Female,0,No,No,2,Yes,No,Fiber optic,Yes,Yes,No,Yes,No,No,Month-to-month,Yes,Electronic check,86.25,181.65,Yes,0-12,90.825,4,1
Female,0,No,No,1,Yes,No,DSL,No,No,No,No,No,No,Month-to-month,Yes,Electronic check,45.65,45.65,Yes,0-12,45.65,1,1
Male,0,No,No,8,Yes,No,Fiber optic,No,No,No,No,No,No,Month-to-month,Yes,Mailed check,70.1,551.35,Yes,0-12,68.91875,1,1
Female,0,No,No,9,No,No phone service,DSL,No,Yes,No,No,No,Yes,Month-to-month,No,Electronic check,40.75,359.4,No,0-12,39.93333333333333,2,1
Female,1,No,No,2,Yes,No,Fiber optic,No,No,No,No,No,No,Month-to-month,Yes,Bank transfer (automatic),70.2,115.95,Yes,0-12,57.975,1,1
Female,0,No,No,3,Yes,No,DSL,Yes,Yes,No,No,No,No,Month-to-month,No,Electronic check,55.35,165.2,Yes,0-12,55.06666666666666,3,1
Male,0,Yes,No,25,Yes,No,Fiber optic,No,No,No,Yes,Yes,Yes,Month-to-month,Yes,Credit card (automatic),95.7,2338.35,No,25-48,93.534,4,1
Male,1,No,No,1,Yes,No,DSL,No,No,No,No,No,No,Month-to-month,No,Electronic check,46.3,46.3,No,0-12,46.3,1,1
Female,0,Yes,Yes,45,Yes,Yes,DSL,Yes,Yes,Yes,Yes,Yes,No,Month-to-month,No,Mailed check,81.3,3541.1,No,25-48,78.69111111111111,7,1
Male,1,Yes,Yes,51,Yes,Yes,Fiber optic,No,Yes,Yes,No,No,No,Month-to-month,Yes,Electronic check,84.2,4146.05,Yes,49-60,81.29509803921569,4,1
Female,0,Yes,Yes,55,Yes,No,No,No internet service,No internet service,No internet service,No internet service,No internet service,No internet service,Month-to-month,No,Credit card (automatic),20.0,1087.25,No,49-60,19.76818181818182,1,0
Female,0,No,No,38,Yes,Yes,DSL,Yes,Yes,Yes,No,No,No,Month-to-month,Yes,Bank transfer (automatic),66.15,2522.4,No,25-48,66.37894736842105,5,1
Male,0,No,No,2,Yes,No,DSL,No,No,No,No,No,No,Month-to-month,No,Mailed check,45.85,81.0,Yes,0-12,40.5,1,1
Male,0,Yes,Yes,38,Yes,No,No,No internet service,No internet service,No internet service,No internet service,No internet service,No internet service,Month-to-month,No,Electronic check,19.6,717.3,No,25-48,18.876315789473683,1,0
Male,0,No,No,34,Yes,No,DSL,No,Yes,No,No,No,No,Month-to-month,Yes,Electronic check,49.8,1734.2,No,25-48,51.00588235294118,2,1
Female,0,Yes,No,70,Yes,Yes,Fiber optic,No,No,Yes,No,Yes,Yes,One year,Yes,Electronic check,101.75,7069.3,No,60+,100.99,5,1
Female,0,No,No,13,Yes,No,DSL,Yes,No,No,Yes,No,No,One year,No,Mailed check,55.15,742.9,No,13-24,57.14615384615384,3,1
Male,0,No,No,39,Yes,Yes,Fiber optic,No,No,No,No,No,No,Month-to-month,No,Electronic check,75.25,3017.65,Yes,25-48,77.37564102564103,2,1
Female,0,No,No,61,Yes,Yes,Fiber optic,No,Yes,Yes,No,Yes,Yes,One year,Yes,Electronic check,103.95,6423.0,No,60+,105.29508196721312,6,1
Female,0,No,No,12,Yes,Yes,Fiber optic,No,No,Yes,No,Yes,Yes,Month-to-month,Yes,Bank transfer (automatic),100.15,1164.3,Yes,0-12,97.025,5,1
Male,0,No,No,41,Yes,No,Fiber optic,No,Yes,No,Yes,Yes,Yes,Two year,Yes,Credit card (automatic),99.65,4220.35,No,25-48,102.93536585365854,5,1
Male,0,No,No,21,Yes,Yes,Fiber optic,No,No,No,No,No,No,Month-to-month,Yes,Electronic check,73.7,1558.7,No,13-24,74.22380952380952,2,1
Male,1,No,No,55,No,No phone service,DSL,No,No,Yes,No,Yes,Yes,One year,Yes,Bank transfer (automatic),50.05,2743.45,No,49-60,49.880909090909086,3,1
Male,0,Yes,No,69,No,No phone service,DSL,Yes,No,Yes,Yes,Yes,Yes,Two year,No,Bank transfer (automatic),60.25,4055.5,No,60+,58.77536231884058,5,1
Male,1,Yes,Yes,26,Yes,Yes,Fiber optic,No,Yes,Yes,No,Yes,Yes,Month-to-month,No,Electronic check,105.75,2710.25,Yes,25-48,104.2403846153846,6,1
Female,1,Yes,No,69,Yes,No,Fiber optic,Yes,Yes,No,No,No,Yes,One year,No,Credit card (automatic),87.3,6055.55,No,60+,87.76159420289855,4,1
Female,1,Yes,No,18,No,No phone service,DSL,No,No,Yes,No,Yes,Yes,Month-to-month,Yes,Electronic check,48.35,810.7,Yes,13-24,45.03888888888889,3,1
Male,0,Yes,Yes,47,Yes,Yes,DSL,No,Yes,No,No,No,No,Month-to-month,No,Electronic check,54.25,2538.2,No,25-48,54.00425531914893,3,1
Female,0,Yes,Yes,72,Yes,No,DSL,Yes,Yes,Yes,Yes,Yes,Yes,Two year,No,Bank transfer (automatic),85.3,6129.2,No,60+,85.12777777777778,7,1
Male,1,Yes,No,33,No,No phone service,DSL,No,Yes,Yes,Yes,Yes,No,Month-to-month,Yes,Electronic check,50.0,1750.85,No,25-48,53.056060606060605,4,1
Female,0,Yes,Yes,2,No,No phone service,DSL,No,No,No,No,No,No,Month-to-month,Yes,Mailed check,24.4,36.55,Yes,0-12,18.275,0,1
Female,0,Yes,Yes,72,Yes,Yes,DSL,Yes,Yes,Yes,Yes,Yes,Yes,Two year,No,Credit card (automatic),90.95,6652.45,No,60+,92.39513888888888,8,1
Male,1,Yes,No,37,Yes,No,Fiber optic,No,No,No,No,No,No,Month-to-month,Yes,Bank transfer (automatic),72.25,2575.45,No,25-48,69.60675675675675,1,1
Female,1,Yes,Yes,62,Yes,Yes,Fiber optic,No,Yes,Yes,No,No,Yes,Month-to-month,Yes,Credit card (automatic),96.1,6019.35,No,60+,97.08629032258064,5,1
Female,0,Yes,No,71,Yes,No,No,No internet service,No internet service,No internet service,No internet service,No internet service,No internet service,Two year,No,Credit card (automatic),19.85,1379.6,No,60+,19.43098591549296,1,0
Male,0,No,Yes,23,Yes,No,DSL,No,Yes,No,Yes,No,No,Month-to-month,Yes,Bank transfer (automatic),55.3,1284.2,No,13-24,55.83478260869565,3,1
Female,0,No,No,16,Yes,No,No,No internet service,No internet service,No internet service,No internet service,No internet service,No internet service,One year,No,Mailed check,20.1,296.15,No,13-24,18.509375,1,0
Male,0,No,No,9,Yes,No,DSL,Yes,No,Yes,Yes,Yes,No,Month-to-month,Yes,Mailed check,69.5,653.25,No,0-12,72.58333333333333,5,1
Male,0,Yes,Yes,17,Yes,Yes,No,No internet service,No internet service,No internet service,No internet service,No internet service,No internet service,Two year,Yes,Mailed check,25.15,412.6,No,13-24,24.27058823529412,2,0
Female,0,No,No,4,Yes,No,No,No internet service,No internet service,No internet service,No internet service,No internet service,No internet service,Month-to-month,No,Bank transfer (automatic),20.95,85.5,Yes,0-12,21.375,1,0
Female,1,Yes,No,1,Yes,No,DSL,Yes,No,No,No,No,No,Month-to-month,Yes,Electronic check,49.55,49.55,Yes,0-12,49.55,2,1
Female,0,Yes,No,24,Yes,Yes,Fiber optic,No,No,Yes,No,No,No,Month-to-month,Yes,Mailed check,79.65,1928.7,No,13-24,80.3625,3,1
Female,1,No,No,1,Yes,No,Fiber optic,No,No,No,No,No,No,Month-to-month,Yes,Electronic check,71.25,71.25,No,0-12,71.25,1,1
Male,1,No,No,72,Yes,Yes,Fiber optic,Yes,Yes,Yes,Yes,Yes,Yes,Two year,No,Bank transfer (automatic),113.8,7845.8,No,60+,108.96944444444443,8,1
Female,0,Yes,No,72,Yes,Yes,No,No internet service,No internet service,No internet service,No internet service,No internet service,No internet service,Two year,No,Electronic check,24.55,1750.7,No,60+,24.31527777777778,2,0
Female,0,No,Yes,11,Yes,No,No,No internet service,No internet service,No internet service,No internet service,No internet service,No internet service,Month-to-month,No,Credit card (automatic),19.7,216.2,No,0-12,19.654545454545453,1,0
Male,0,No,No,9,Yes,No,No,No internet service,No internet service,No internet service,No internet service,No internet service,No internet service,Month-to-month,No,Mailed check,20.25,178.5,Yes,0-12,19.83333333333333,1,0
Female,1,Yes,No,2,Yes,No,DSL,No,Yes,No,No,No,No,Month-to-month,No,Credit card (automatic),50.15,115.1,Yes,0-12,57.55,2,1
Female,1,Yes,No,60,Yes,Yes,Fiber optic,No,No,Yes,No,Yes,Yes,One year,Yes,Credit card (automatic),100.5,6029.0,No,49-60,100.48333333333332,5,1
Male,1,Yes,No,29,Yes,Yes,Fiber optic,No,Yes,Yes,No,No,Yes,Month-to-month,Yes,Electronic check,95.9,2745.2,Yes,25-48,94.66206896551724,5,1
Female,0,No,No,49,Yes,No,DSL,No,No,Yes,Yes,Yes,Yes,Two year,Yes,Bank transfer (automatic),74.45,3721.9,No,49-60,75.95714285714286,5,1
Female,1,No,No,30,Yes,Yes,Fiber optic,No,Yes,Yes,No,Yes,Yes,Month-to-month,Yes,Electronic check,104.1,3121.1,No,25-48,104.03666666666666,6,1
Female,0,Yes,No,53,Yes,No,No,No internet service,No internet service,No internet service,No internet service,No internet service,No internet service,One year,No,Credit card (automatic),19.05,990.45,No,49-60,18.687735849056605,1,0
Male,0,No,Yes,39,Yes,Yes,No,No internet service,No internet service,No internet service,No internet service,No internet service,No internet service,Two year,No,Mailed check,25.0,1004.35,No,25-48,25.752564102564104,2,0
Female,0,No,No,9,Yes,No,No,No internet service,No internet service,No internet service,No internet service,No internet service,No internet service,Month-to-month,No,Mailed check,19.05,157.65,No,0-12,17.516666666666666,1,0
Male,0,No,No,39,Yes,No,Fiber optic,No,No,Yes,Yes,No,No,One year,No,Electronic check,81.9,3219.75,No,25-48,82.5576923076923,3,1
Male,1,No,No,8,Yes,No,Fiber optic,No,No,No,No,No,No,Month-to-month,Yes,Electronic check,69.7,572.85,No,0-12,71.60625,1,1
Female,0,Yes,Yes,51,Yes,Yes,Fiber optic,No,No,Yes,No,No,Yes,One year,Yes,Electronic check,90.15,4554.85,No,49-60,89.31078431372549,4,1
Male,0,Yes,Yes,71,Yes,Yes,No,No internet service,No internet service,No internet service,No internet service,No internet service,No internet service,Two year,No,Credit card (automatic),25.35,1847.55,No,60+,26.021830985915493,2,0
Male,1,No,No,71,Yes,Yes,No,No internet service,No internet service,No internet service,No internet service,No internet service,No internet service,Two year,Yes,Mailed check,24.65,1766.75,No,60+,24.883802816901408,2,0
Female,1,Yes,No,70,Yes,No,No,No internet service,No internet service,No internet service,No internet service,No internet service,No internet service,Two year,Yes,Credit card (automatic),19.55,1462.05,No,60+,20.88642857142857,1,0
Female,1,No,No,1,No,No phone service,DSL,No,No,No,No,No,No,Month-to-month,No,Electronic check,25.25,25.25,Yes,0-12,25.25,0,1
Male,0,Yes,No,38,No,No phone service,DSL,Yes,Yes,No,Yes,Yes,Yes,Two year,Yes,Bank transfer (automatic),60.0,2193.2,No,25-48,57.71578947368421,5,1
Female,0,Yes,No,28,Yes,No,Fiber optic,No,Yes,Yes,No,No,Yes,Month-to-month,No,Credit card (automatic),89.9,2433.5,No,25-48,86.91071428571429,4,1
Female,0,Yes,No,32,Yes,No,No,No internet service,No internet service,No internet service,No internet service,No internet service,No internet service,Month-to-month,No,Bank transfer (automatic),19.4,641.15,No,25-48,20.0359375,1,0
Male,1,Yes,No,49,Yes,No,DSL,No,Yes,No,No,No,No,Two year,No,Mailed check,49.8,2398.4,No,49-60,48.946938775510205,2,1
Female,0,Yes,Yes,37,Yes,Yes,No,No internet service,No internet service,No internet service,No internet service,No internet service,No internet service,Two year,Yes,Bank transfer (automatic),24.1,861.85,No,25-48,23.293243243243243,2,0
Female,0,No,No,10,Yes,No,DSL,No,No,Yes,Yes,No,No,Month-to-month,No,Electronic check,54.25,583.0,No,0-12,58.3,3,1
Male,0,Yes,No,67,Yes,Yes,Fiber optic,Yes,Yes,Yes,No,Yes,Yes,One year,No,Credit card (automatic),109.9,7332.4,No,60+,109.43880597014925,7,1
Male,0,No,No,7,No,No phone service,DSL,No,No,Yes,Yes,No,No,One year,Yes,Credit card (automatic),35.5,249.55,No,0-12,35.65,2,1
Female,0,No,No,51,Yes,No,Fiber optic,No,No,No,No,Yes,Yes,One year,No,Credit card (automatic),87.55,4475.9,No,49-60,87.7627450980392,3,1
Female,0,No,No,9,Yes,No,DSL,No,No,No,No,No,No,Month-to-month,No,Electronic check,45.15,416.45,Yes,0-12,46.27222222222222,1,1
Female,0,No,No,9,Yes,No,Fiber optic,No,No,No,No,Yes,Yes,Month-to-month,Yes,Mailed check,88.4,788.6,No,0-12,87.62222222222222,3,1
Male,0,No,No,4,Yes,No,DSL,No,No,No,Yes,No,No,Month-to-month,Yes,Mailed check,50.8,202.3,No,0-12,50.575,2,1
Male,0,Yes,No,71,Yes,Yes,Fiber optic,Yes,Yes,Yes,No,Yes,No,Two year,Yes,Electronic check,99.0,6994.6,No,60+,98.51549295774647,6,1
Female,0,Yes,Yes,50,Yes,Yes,Fiber optic,No,No,No,No,Yes,No,Month-to-month,Yes,Bank transfer (automatic),84.4,4116.15,Yes,49-60,82.323,3,1
Female,1,Yes,Yes,24,Yes,No,Fiber optic,No,No,Yes,No,Yes,Yes,Two year,Yes,Electronic check,96.55,2263.45,No,13-24,94.31041666666664,4,1
Male,0,Yes,No,22,Yes,No,DSL,Yes,No,No,No,Yes,No,One year,Yes,Bank transfer (automatic),59.75,1374.35,No,13-24,62.470454545454544,3,1
Male,0,No,No,44,Yes,Yes,Fiber optic,Yes,Yes,Yes,No,Yes,Yes,Month-to-month,Yes,Electronic check,111.5,4915.15,No,25-48,111.70795454545454,7,1
Female,0,Yes,Yes,33,Yes,Yes,No,No internet service,No internet service,No internet service,No internet service,No internet service,No internet service,Month-to-month,No,Bank transfer (automatic),24.25,838.5,No,25-48,25.40909090909091,2,0
Female,0,No,No,1,Yes,Yes,Fiber optic,No,No,No,No,No,No,Month-to-month,Yes,Electronic check,75.1,75.1,Yes,0-12,75.1,2,1
Female,0,Yes,No,54,Yes,Yes,DSL,No,No,No,No,Yes,Yes,One year,Yes,Credit card (automatic),70.15,3715.65,Yes,49-60,68.80833333333334,4,1
Male,0,No,No,42,Yes,Yes,Fiber optic,No,Yes,No,No,Yes,Yes,Month-to-month,Yes,Electronic check,101.75,4273.45,Yes,25-48,101.74880952380953,5,1
Female,0,No,No,1,Yes,No,DSL,No,No,No,No,No,No,Month-to-month,No,Electronic check,45.8,45.8,Yes,0-12,45.8,1,1
Female,0,No,No,1,Yes,No,No,No internet service,No internet service,No internet service,No internet service,No internet service,No internet service,Month-to-month,No,Mailed check,20.5,20.5,No,0-12,20.5,1,0
Male,0,No,No,30,Yes,No,DSL,Yes,Yes,No,Yes,Yes,No,One year,No,Electronic check,70.4,2044.75,No,25-48,68.15833333333333,5,1
Female,0,No,No,1,No,No phone service,DSL,No,No,No,Yes,No,No,Month-to-month,No,Mailed check,30.55,30.55,No,0-12,30.55,1,1
Male,0,Yes,Yes,16,Yes,Yes,DSL,Yes,Yes,No,Yes,Yes,Yes,Month-to-month,No,Electronic check,84.9,1398.25,No,13-24,87.390625,7,1
Male,0,No,No,1,Yes,No,No,No internet service,No internet service,No internet service,No internet service,No internet service,No internet service,Month-to-month,Yes,Mailed check,20.1,20.1,Yes,0-12,20.1,1,0
Male,0,Yes,No,9,No,No phone service,DSL,No,No,No,Yes,Yes,No,Month-to-month,No,Mailed check,40.65,328.95,Yes,0-12,36.55,2,1
Male,1,Yes,No,46,Yes,Yes,Fiber optic,No,No,Yes,No,Yes,Yes,Month-to-month,Yes,Electronic check,101.0,4680.05,Yes,25-48,101.74021739130436,5,1
Male,0,No,No,1,Yes,No,Fiber optic,No,No,No,No,No,No,Month-to-month,Yes,Electronic check,69.1,69.1,Yes,0-12,69.1,1,1
Male,0,Yes,No,71,Yes,No,DSL,Yes,No,No,Yes,No,No,Two year,No,Bank transfer (automatic),54.5,3778.2,No,60+,53.21408450704225,3,1
Male,0,No,No,43,Yes,Yes,Fiber optic,No,No,No,No,No,No,Month-to-month,Yes,Credit card (automatic),75.35,3161.4,No,25-48,73.52093023255814,2,1
Male,0,Yes,No,50,No,No phone service,DSL,Yes,No,No,Yes,Yes,No,One year,Yes,Bank transfer (automatic),44.45,2188.45,No,49-60,43.769,3,1
Female,0,No,No,13,Yes,Yes,Fiber optic,No,No,No,No,No,No,Month-to-month,Yes,Mailed check,75.0,999.45,Yes,13-24,76.88076923076923,2,1
Male,0,Yes,Yes,19,Yes,No,Fiber optic,No,Yes,No,Yes,Yes,Yes,One year,No,Bank transfer (automatic),100.0,1888.65,Yes,13-24,99.40263157894738,5,1
Female,0,No,No,41,Yes,Yes,Fiber optic,No,No,Yes,No,Yes,Yes,Month-to-month,No,Bank transfer (automatic),98.05,3990.6,No,25-48,97.33170731707315,5,1
Female,1,No,No,1,Yes,No,Fiber optic,No,No,No,No,No,No,Month-to-month,Yes,Electronic check,71.15,71.15,Yes,0-12,71.15,1,1
Female,0,No,No,24,No,No phone service,DSL,No,Yes,Yes,No,Yes,Yes,Month-to-month,Yes,Credit card (automatic),54.15,1240.25,Yes,13-24,51.677083333333336,4,1
Female,0,Yes,No,40,Yes,Yes,DSL,No,Yes,No,No,Yes,No,One year,No,Bank transfer (automatic),63.9,2635.0,No,25-48,65.875,4,1
Female,0,Yes,Yes,3,Yes,Yes,DSL,No,Yes,Yes,No,Yes,No,Month-to-month,Yes,Bank transfer (automatic),69.15,235.0,No,0-12,78.33333333333333,5,1
Female,0,No,No,37,Yes,Yes,DSL,Yes,No,No,No,Yes,No,One year,No,Bank transfer (automatic),64.65,2347.85,No,25-48,63.4554054054054,4,1
Female,0,Yes,Yes,67,Yes,Yes,Fiber optic,Yes,No,Yes,Yes,Yes,Yes,Two year,Yes,Credit card (automatic),108.75,7156.2,Yes,60+,106.8089552238806,7,1
Female,0,Yes,Yes,32,Yes,Yes,Fiber optic,No,Yes,No,No,Yes,Yes,Month-to-month,Yes,Electronic check,98.85,3089.6,No,25-48,96.55,5,1
Female,0,Yes,No,6,Yes,No,DSL,No,No,No,Yes,No,No,Month-to-month,Yes,Electronic check,49.15,270.8,Yes,0-12,45.13333333333333,2,1
Female,0,Yes,Yes,32,Yes,Yes,Fiber optic,Yes,No,No,No,Yes,No,Month-to-month,No,Electronic check,89.6,2901.8,No,25-48,90.68125,4,1
Female,0,No,No,59,Yes,Yes,Fiber optic,No,Yes,Yes,No,No,No,Month-to-month,Yes,Electronic check,83.25,4949.1,No,49-60,83.88305084745764,4,1
Female,0,Yes,No,30,Yes,No,DSL,No,Yes,Yes,Yes,No,Yes,One year,No,Bank transfer (automatic),70.25,2198.9,No,25-48,73.29666666666667,5,1
Male,0,No,Yes,20,Yes,No,No,No internet service,No internet service,No internet service,No internet service,No internet service,No internet service,Month-to-month,Yes,Electronic check,19.4,374.5,Yes,13-24,18.725,1,0
Female,0,Yes,Yes,27,Yes,Yes,No,No internet service,No internet service,No internet service,No internet service,No internet service,No internet service,Two year,No,Electronic check,24.5,761.95,No,25-48,28.22037037037037,2,0
Female,1,No,No,20,Yes,Yes,Fiber optic,Yes,No,No,No,No,No,Month-to-month,Yes,Electronic check,79.15,1520.9,Yes,13-24,76.045,3,1
Male,0,No,Yes,9,Yes,No,No,No internet service,No internet service,No internet service,No internet service,No internet service,No internet service,One year,No,Mailed check,20.1,190.25,No,0-12,21.13888888888889,1,0
Female,0,Yes,Yes,68,Yes,Yes,DSL,Yes,Yes,Yes,No,Yes,No,One year,Yes,Credit card (automatic),73.0,5163.0,No,60+,75.92647058823529,6,1
Female,0,Yes,Yes,69,Yes,Yes,DSL,Yes,No,No,Yes,No,No,Two year,No,Credit card (automatic),61.4,4059.85,No,60+,58.83840579710145,4,1
Male,0,No,No,26,Yes,Yes,Fiber optic,No,No,Yes,Yes,No,No,Month-to-month,Yes,Mailed check,84.3,2281.6,No,25-48,87.75384615384615,4,1
Male,0,Yes,Yes,69,Yes,No,No,No internet service,No internet service,No internet service,No internet service,No internet service,No internet service,Two year,No,Bank transfer (automatic),19.9,1356.7,No,60+,19.66231884057971,1,0
Male,0,No,No,11,Yes,No,No,No internet service,No internet service,No internet service,No internet service,No internet service,No internet service,Two year,No,Mailed check,20.4,231.45,No,0-12,21.04090909090909,1,0
Male,0,No,No,1,Yes,Yes,DSL,No,No,No,No,No,No,Month-to-month,No,Mailed check,50.75,50.75,No,0-12,50.75,2,1
Male,0,Yes,Yes,10,Yes,No,No,No internet service,No internet service,No internet service,No internet service,No internet service,No internet service,One year,No,Mailed check,20.45,242.4,No,0-12,24.24,1,0
Female,0,Yes,Yes,55,Yes,Yes,DSL,Yes,Yes,No,Yes,No,Yes,One year,Yes,Bank transfer (automatic),75.75,4264.25,No,49-60,77.53181818181818,6,1
Male,0,No,No,44,Yes,No,DSL,Yes,No,No,Yes,Yes,No,One year,No,Electronic check,65.4,2774.55,No,25-48,63.05795454545455,4,1
Male,1,Yes,No,46,Yes,No,Fiber optic,No,No,No,No,No,Yes,Month-to-month,Yes,Electronic check,80.4,3605.2,Yes,25-48,78.37391304347825,2,1
Male,0,Yes,Yes,69,Yes,No,DSL,Yes,Yes,Yes,No,No,No,Two year,Yes,Bank transfer (automatic),59.75,4069.9,No,60+,58.984057971014494,4,1
Male,1,No,No,11,Yes,No,Fiber optic,No,No,No,No,No,Yes,Month-to-month,Yes,Electronic check,78.5,874.2,No,0-12,79.47272727272728,2,1
Female,0,Yes,No,11,Yes,Yes,Fiber optic,No,Yes,No,No,Yes,Yes,Month-to-month,Yes,Electronic check,102.0,1145.35,Yes,0-12,104.12272727272726,5,1
Male,0,No,No,29,Yes,No,DSL,No,No,Yes,No,No,No,Month-to-month,No,Bank transfer (automatic),48.95,1323.7,No,25-48,45.6448275862069,2,1
Female,0,Yes,No,57,Yes,Yes,Fiber optic,Yes,No,No,No,Yes,Yes,Month-to-month,Yes,Electronic check,99.65,5497.05,No,49-60,96.43947368421053,5,1
Male,0,No,No,28,Yes,No,No,No internet service,No internet service,No internet service,No internet service,No internet service,No internet service,One year,No,Credit card (automatic),18.25,534.7,No,25-48,19.09642857142857,1,0
Female,0,No,No,42,Yes,No,DSL,Yes,No,Yes,No,No,No,Month-to-month,No,Credit card (automatic),54.55,2455.05,No,25-48,58.45357142857144,3,1
Female,0,No,No,2,Yes,No,No,No internet service,No internet service,No internet service,No internet service,No internet service,No internet service,Month-to-month,No,Mailed check,20.65,38.7,Yes,0-12,19.35,1,0
Male,0,No,Yes,23,No,No phone service,DSL,Yes,Yes,No,Yes,No,No,One year,No,Bank transfer (automatic),40.65,947.4,No,13-24,41.19130434782608,3,1
Female,0,Yes,Yes,18,Yes,No,No,No internet service,No internet service,No internet service,No internet service,No internet service,No internet service,Month-to-month,No,Mailed check,20.45,357.0,No,13-24,19.83333333333333,1,0
Male,0,Yes,Yes,62,Yes,Yes,No,No internet service,No internet service,No internet service,No internet service,No internet service,No internet service,One year,No,Bank transfer (automatic),24.8,1476.25,No,60+,23.81048387096774,2,0
Female,0,No,No,1,Yes,No,Fiber optic,No,No,No,No,No,No,Month-to-month,Yes,Mailed check,70.8,70.8,Yes,0-12,70.8,1,1
Male,0,No,No,16,Yes,Yes,Fiber optic,No,No,No,Yes,No,Yes,Month-to-month,Yes,Credit card (automatic),89.05,1448.6,Yes,13-24,90.5375,4,1
Female,0,No,No,3,Yes,Yes,Fiber optic,No,No,No,No,Yes,Yes,Month-to-month,Yes,Electronic check,96.6,291.9,Yes,0-12,97.3,4,1
Male,0,No,No,67,Yes,Yes,DSL,Yes,Yes,Yes,Yes,Yes,Yes,One year,Yes,Bank transfer (automatic),88.8,5903.15,No,60+,88.10671641791045,8,1
Male,0,No,No,62,Yes,No,No,No internet service,No internet service,No internet service,No internet service,No internet service,No internet service,Two year,Yes,Credit card (automatic),20.05,1201.65,No,60+,19.381451612903227,1,0
Female,0,Yes,No,57,Yes,Yes,Fiber optic,No,Yes,Yes,No,Yes,Yes,Month-to-month,Yes,Credit card (automatic),104.5,5921.35,Yes,49-60,103.88333333333334,6,1
Male,0,No,No,2,Yes,No,Fiber optic,No,No,No,No,No,No,Month-to-month,Yes,Electronic check,69.8,146.65,No,0-12,73.325,1,1
Female,0,Yes,Yes,23,Yes,Yes,DSL,Yes,No,Yes,Yes,Yes,No,Two year,Yes,Bank transfer (automatic),77.15,1759.4,No,13-24,76.49565217391304,6,1
Female,0,No,Yes,25,No,No phone service,DSL,Yes,No,No,Yes,No,No,Two year,No,Bank transfer (automatic),35.05,844.45,No,25-48,33.778,2,1
Female,1,No,No,72,Yes,Yes,Fiber optic,No,Yes,Yes,Yes,Yes,Yes,Two year,Yes,Bank transfer (automatic),108.1,7774.05,No,60+,107.97291666666666,7,1
Female,0,Yes,No,2,Yes,Yes,Fiber optic,No,No,No,No,Yes,No,Month-to-month,Yes,Electronic check,84.05,134.05,No,0-12,67.025,3,1
Female,0,No,No,8,Yes,No,No,No internet service,No internet service,No internet service,No internet service,No internet service,No internet service,One year,Yes,Bank transfer (automatic),20.2,140.95,No,0-12,17.61875,1,0
Female,0,No,No,5,Yes,Yes,DSL,No,No,No,No,No,No,Month-to-month,Yes,Mailed check,50.6,249.95,Yes,0-12,49.99,2,1
Male,0,No,No,35,No,No phone service,DSL,No,No,Yes,No,Yes,Yes,Month-to-month,No,Electronic check,49.2,1701.65,No,25-48,48.61857142857143,3,1
Male,0,No,No,24,Yes,Yes,No,No internet service,No internet service,No internet service,No internet service,No internet service,No internet service,One year,No,Electronic check,24.6,592.65,No,13-24,24.69375,2,0
Female,0,Yes,Yes,2,Yes,No,Fiber optic,No,No,No,No,No,No,Month-to-month,Yes,Electronic check,71.65,135.75,No,0-12,67.875,1,1
Male,0,Yes,Yes,72,Yes,Yes,Fiber optic,Yes,Yes,Yes,Yes,No,Yes,Two year,Yes,Credit card (automatic),104.9,7732.65,No,60+,107.39791666666666,7,1
Female,0,No,No,41,Yes,Yes,Fiber optic,Yes,Yes,Yes,Yes,Yes,No,Month-to-month,Yes,Electronic check,106.5,4282.4,No,25-48,104.44878048780488,7,1
Male,0,No,Yes,4,Yes,No,DSL,Yes,No,No,No,No,No,Month-to-month,No,Electronic check,49.35,219.65,Yes,0-12,54.9125,2,1
Male,0,No,No,26,Yes,No,Fiber optic,No,Yes,No,No,No,No,One year,No,Bank transfer (automatic),75.5,2018.1,No,25-48,77.61923076923077,2,1
Male,0,No,No,7,Yes,No,Fiber optic,No,Yes,No,No,Yes,Yes,Month-to-month,Yes,Electronic check,94.25,669.0,Yes,0-12,95.57142857142856,4,1
Female,0,Yes,No,1,Yes,No,Fiber optic,No,No,No,No,No,No,Month-to-month,Yes,Electronic check,68.95,68.95,Yes,0-12,68.95,1,1
Female,0,Yes,Yes,4,Yes,Yes,DSL,No,Yes,No,Yes,No,No,Month-to-month,Yes,Mailed check,58.5,224.85,No,0-12,56.2125,4,1
Male,0,No,No,48,Yes,No,DSL,No,Yes,Yes,Yes,Yes,Yes,Two year,No,Credit card (automatic),78.9,3771.5,No,25-48,78.57291666666667,6,1
Male,1,No,No,2,Yes,Yes,Fiber optic,No,No,No,No,Yes,Yes,Month-to-month,Yes,Electronic check,93.85,196.75,Yes,0-12,98.375,4,1
Female,1,Yes,No,12,Yes,No,DSL,Yes,No,Yes,Yes,Yes,Yes,One year,Yes,Electronic check,79.2,943.85,No,0-12,78.65416666666667,6,1
Male,0,Yes,No,60,Yes,Yes,Fiber optic,Yes,No,Yes,Yes,Yes,Yes,Month-to-month,Yes,Bank transfer (automatic),109.45,6572.85,No,49-60,109.5475,7,1
Male,0,No,No,55,Yes,No,DSL,Yes,No,Yes,Yes,No,No,Two year,Yes,Electronic check,59.2,3175.85,No,49-60,57.74272727272727,4,1
Male,0,No,No,1,No,No phone service,DSL,No,No,No,Yes,No,No,Month-to-month,No,Mailed check,29.15,29.15,No,0-12,29.15,1,1
Male,0,No,No,1,Yes,No,No,No internet service,No internet service,No internet service,No internet service,No internet service,No internet service,Month-to-month,No,Mailed check,20.05,20.05,No,0-12,20.05,1,0
Male,0,No,No,4,Yes,Yes,Fiber optic,No,No,No,No,No,No,Month-to-month,Yes,Electronic check,76.05,318.9,Yes,0-12,79.725,2,1
Male,0,No,No,1,No,No phone service,DSL,No,No,No,No,No,No,Month-to-month,Yes,Mailed check,24.45,24.45,Yes,0-12,24.45,0,1
Female,0,No,No,42,Yes,No,DSL,No,No,Yes,Yes,No,Yes,Two year,No,Credit card (automatic),66.5,2762.75,No,25-48,65.7797619047619,4,1
Female,0,No,No,1,Yes,No,DSL,Yes,No,No,No,No,No,Month-to-month,No,Bank transfer (automatic),49.55,49.55,No,0-12,49.55,2,1
Male,0,No,No,7,Yes,Yes,Fiber optic,No,No,Yes,No,Yes,No,Month-to-month,Yes,Credit card (automatic),89.35,631.85,Yes,0-12,90.26428571428572,4,1
Male,0,No,No,3,Yes,No,Fiber optic,No,No,Yes,No,No,No,Month-to-month,Yes,Credit card (automatic),73.6,232.5,No,0-12,77.5,2,1
Female,0,Yes,No,72,Yes,Yes,DSL,Yes,Yes,Yes,No,Yes,Yes,Two year,Yes,Credit card (automatic),82.65,5919.35,No,60+,82.21319444444445,7,1
Male,0,No,No,15,Yes,Yes,DSL,No,No,No,No,No,No,Month-to-month,Yes,Electronic check,49.0,749.25,No,13-24,49.95,2,1
Male,0,Yes,No,4,Yes,No,Fiber optic,No,No,No,No,Yes,No,Month-to-month,Yes,Electronic check,80.35,307.4,Yes,0-12,76.85,2,1
Female,0,No,No,11,Yes,Yes,No,No internet service,No internet service,No internet service,No internet service,No internet service,No internet service,One year,No,Electronic check,25.2,245.15,No,0-12,22.286363636363635,2,0
Female,0,No,No,5,Yes,Yes,No,No internet service,No internet service,No internet service,No internet service,No internet service,No internet service,Month-to-month,No,Mailed check,25.45,134.75,No,0-12,26.95,2,0
Female,1,No,No,1,Yes,No,DSL,Yes,No,Yes,No,No,No,Month-to-month,Yes,Electronic check,55.8,55.8,Yes,0-12,55.8,3,1
Male,0,Yes,No,72,Yes,Yes,Fiber optic,Yes,No,Yes,Yes,Yes,Yes,Two year,Yes,Credit card (automatic),110.9,8240.85,No,60+,114.45625,7,1
Female,0,Yes,No,55,Yes,Yes,Fiber optic,No,Yes,No,No,No,No,Month-to-month,Yes,Credit card (automatic),77.75,4266.4,No,49-60,77.57090909090908,3,1
Female,0,Yes,Yes,40,Yes,Yes,No,No internet service,No internet service,No internet service,No internet service,No internet service,No internet service,Month-to-month,Yes,Electronic check,26.2,1077.5,No,25-48,26.9375,2,0
Female,0,Yes,No,57,Yes,No,No,No internet service,No internet service,No internet service,No internet service,No internet service,No internet service,Two year,No,Bank transfer (automatic),19.9,1115.6,No,49-60,19.5719298245614,1,0
Male,0,No,No,1,Yes,No,Fiber optic,No,No,No,No,Yes,No,Month-to-month,Yes,Electronic check,79.05,79.05,Yes,0-12,79.05,2,1
Male,0,Yes,No,1,Yes,No,Fiber optic,Yes,No,No,No,Yes,Yes,Month-to-month,Yes,Electronic check,95.0,95.0,Yes,0-12,95.0,4,1
Female,0,No,No,1,No,No phone service,DSL,No,No,No,No,No,No,Month-to-month,No,Mailed check,25.2,25.2,Yes,0-12,25.2,0,1
Male,1,Yes,Yes,52,Yes,Yes,DSL,No,Yes,Yes,No,Yes,Yes,One year,Yes,Electronic check,80.85,4079.55,No,49-60,78.45288461538462,6,1
Male,1,No,No,41,Yes,Yes,Fiber optic,No,No,Yes,No,Yes,Yes,Month-to-month,Yes,Electronic check,98.4,4187.75,Yes,25-48,102.14024390243902,5,1
Male,0,Yes,No,43,Yes,No,DSL,No,No,No,No,Yes,No,One year,Yes,Mailed check,56.35,2391.15,No,25-48,55.608139534883726,2,1
Female,0,Yes,Yes,47,Yes,No,No,No internet service,No internet service,No internet service,No internet service,No internet service,No internet service,Two year,No,Bank transfer (automatic),19.3,890.5,No,25-48,18.9468085106383,1,0
Male,0,No,No,3,Yes,Yes,DSL,No,No,No,No,No,No,Month-to-month,No,Bank transfer (automatic),50.4,137.25,No,0-12,45.75,2,1
Male,1,Yes,Yes,66,Yes,Yes,DSL,Yes,Yes,Yes,Yes,Yes,No,Two year,No,Credit card (automatic),79.4,5154.6,Yes,60+,78.10000000000001,7,1
Male,0,Yes,Yes,55,Yes,No,DSL,No,No,Yes,Yes,No,No,Two year,Yes,Credit card (automatic),55.25,3119.9,No,49-60,56.72545454545455,3,1
Male,0,No,No,29,Yes,No,No,No internet service,No internet service,No internet service,No internet service,No internet service,No internet service,One year,No,Mailed check,19.1,529.5,No,25-48,18.25862068965517,1,0
Female,0,No,Yes,12,Yes,Yes,Fiber optic,No,No,No,No,Yes,No,Month-to-month,Yes,Electronic check,84.05,966.55,No,0-12,80.54583333333333,3,1
Female,0,Yes,No,66,Yes,Yes,Fiber optic,No,Yes,Yes,No,Yes,Yes,Month-to-month,Yes,Electronic check,105.2,6936.85,No,60+,105.10378787878788,6,1
Male,1,No,No,35,Yes,Yes,Fiber optic,No,No,Yes,No,Yes,Yes,Month-to-month,Yes,Electronic check,101.4,3496.3,Yes,25-48,99.89428571428572,5,1
Male,1,Yes,No,10,Yes,Yes,Fiber optic,No,No,Yes,No,No,Yes,Month-to-month,Yes,Electronic check,89.8,914.3,Yes,0-12,91.43,4,1
Male,0,Yes,Yes,27,Yes,Yes,Fiber optic,No,No,No,No,No,No,Month-to-month,Yes,Bank transfer (automatic),75.75,1929.0,No,25-48,71.44444444444444,2,1
Female,0,No,No,58,Yes,No,Fiber optic,No,No,No,Yes,Yes,Yes,Month-to-month,Yes,Electronic check,95.3,5817.7,No,49-60,100.3051724137931,4,1
Male,0,Yes,No,54,Yes,No,Fiber optic,Yes,Yes,Yes,Yes,Yes,Yes,Two year,No,Bank transfer (automatic),109.75,6110.2,Yes,49-60,113.15185185185184,7,1
Male,0,No,No,9,Yes,No,No,No internet service,No internet service,No internet service,No internet service,No internet service,No internet service,Month-to-month,No,Mailed check,19.85,178.8,No,0-12,19.866666666666667,1,0
Male,0,No,No,2,Yes,No,No,No internet service,No internet service,No internet service,No internet service,No internet service,No internet service,One year,No,Credit card (automatic),19.3,28.3,Yes,0-12,14.15,1,0
Male,0,No,No,6,Yes,No,Fiber optic,No,No,No,No,No,No,Month-to-month,Yes,Electronic check,69.1,435.0,No,0-12,72.5,1,1
Female,1,No,No,26,Yes,No,Fiber optic,No,No,No,No,Yes,Yes,Month-to-month,Yes,Electronic check,91.25,2351.8,Yes,25-48,90.45384615384616,3,1
Female,0,No,No,9,Yes,No,No,No internet service,No internet service,No internet service,No internet service,No internet service,No internet service,Month-to-month,No,Mailed check,20.25,186.15,No,0-12,20.683333333333334,1,0
Male,0,Yes,No,8,Yes,No,DSL,No,Yes,Yes,No,No,No,Month-to-month,Yes,Mailed check,54.75,445.85,No,0-12,55.73125,3,1
Male,0,No,No,12,Yes,No,Fiber optic,No,No,No,No,Yes,No,Month-to-month,Yes,Electronic check,81.45,912.0,No,0-12,76.0,2,1
Female,0,No,No,15,Yes,Yes,DSL,No,No,No,No,No,No,Month-to-month,Yes,Electronic check,49.1,679.55,Yes,13-24,45.30333333333333,2,1
Male,0,Yes,No,43,Yes,Yes,DSL,Yes,No,Yes,No,Yes,Yes,One year,Yes,Electronic check,80.2,3581.6,No,25-48,83.29302325581395,6,1
Male,0,No,No,42,Yes,Yes,Fiber optic,No,No,No,Yes,Yes,Yes,Month-to-month,Yes,Electronic check,100.3,4222.95,No,25-48,100.54642857142856,5,1
Female,0,No,No,31,Yes,Yes,DSL,Yes,No,Yes,Yes,No,No,Month-to-month,No,Credit card (automatic),65.25,1994.3,Yes,25-48,64.33225806451613,5,1
Female,0,No,Yes,66,Yes,Yes,Fiber optic,Yes,No,Yes,Yes,No,No,Two year,Yes,Credit card (automatic),90.95,5930.05,No,60+,89.84924242424243,5,1
Female,1,No,No,18,Yes,Yes,Fiber optic,No,Yes,No,Yes,No,No,Month-to-month,Yes,Electronic check,85.45,1505.85,Yes,13-24,83.65833333333333,4,1
Male,0,No,No,1,Yes,No,No,No internet service,No internet service,No internet service,No internet service,No internet service,No internet service,Month-to-month,No,Mailed check,20.0,20.0,No,0-12,20.0,1,0
Male,0,Yes,No,61,Yes,Yes,Fiber optic,No,Yes,No,Yes,Yes,No,Two year,Yes,Electronic check,94.1,5638.3,Yes,60+,92.43114754098362,5,1
Male,0,No,No,10,Yes,Yes,Fiber optic,No,Yes,No,No,No,No,Month-to-month,No,Electronic check,79.85,797.25,No,0-12,79.725,3,1
Male,1,No,No,1,Yes,No,Fiber optic,No,No,No,No,No,No,Month-to-month,Yes,Electronic check,71.65,71.65,Yes,0-12,71.65,1,1
Female,1,No,No,18,Yes,No,Fiber optic,No,Yes,No,No,No,No,Month-to-month,Yes,Electronic check,73.55,1359.45,No,13-24,75.525,2,1
Male,0,Yes,No,24,Yes,Yes,Fiber optic,No,Yes,Yes,No,Yes,Yes,Month-to-month,Yes,Electronic check,104.65,2542.45,Yes,13-24,105.93541666666664,6,1
Female,0,Yes,Yes,3,Yes,No,No,No internet service,No internet service,No internet service,No internet service,No internet service,No internet service,Month-to-month,No,Mailed check,19.3,54.7,No,0-12,18.23333333333333,1,0
Male,0,No,No,50,Yes,No,No,No internet service,No internet service,No internet service,No internet service,No internet service,No internet service,One year,No,Credit card (automatic),20.15,989.05,No,49-60,19.781,1,0
Male,0,Yes,Yes,1,Yes,No,DSL,No,No,No,No,No,No,Month-to-month,No,Electronic check,44.55,44.55,No,0-12,44.55,1,1
Male,0,No,No,2,Yes,No,DSL,Yes,No,No,Yes,No,No,Month-to-month,Yes,Mailed check,54.45,87.3,No,0-12,43.65,3,1
Male,0,No,No,17,Yes,No,No,No internet service,No internet service,No internet service,No internet service,No internet service,No internet service,One year,Yes,Bank transfer (automatic),19.65,351.55,No,13-24,20.679411764705883,1,0
Male,0,Yes,Yes,69,Yes,Yes,Fiber optic,No,Yes,Yes,No,Yes,Yes,Two year,Yes,Electronic check,105.0,7297.75,No,60+,105.7644927536232,6,1
Male,0,Yes,No,72,Yes,Yes,DSL,Yes,Yes,Yes,Yes,Yes,Yes,Two year,Yes,Credit card (automatic),88.7,6301.7,No,60+,87.52361111111111,8,1
Female,0,No,No,3,Yes,Yes,Fiber optic,No,No,No,No,No,No,Month-to-month,Yes,Electronic check,74.25,210.3,Yes,0-12,70.10000000000001,2,1
Male,1,Yes,Yes,50,Yes,Yes,DSL,Yes,Yes,Yes,No,No,Yes,Two year,Yes,Bank transfer (automatic),75.15,3822.45,No,49-60,76.449,6,1
Female,0,No,No,53,Yes,No,No,No internet service,No internet service,No internet service,No internet service,No internet service,No internet service,Two year,No,Mailed check,20.25,1048.45,No,49-60,19.782075471698118,1,0
Female,0,Yes,No,58,Yes,Yes,Fiber optic,Yes,Yes,No,Yes,Yes,Yes,Two year,Yes,Credit card (automatic),109.1,6393.65,No,49-60,110.2353448275862,7,1
Male,0,No,No,46,No,No phone service,DSL,Yes,No,No,No,No,No,One year,Yes,Bank transfer (automatic),30.75,1489.3,No,25-48,32.37608695652174,1,1
Male,1,Yes,No,72,Yes,Yes,Fiber optic,Yes,Yes,Yes,Yes,Yes,Yes,Month-to-month,Yes,Credit card (automatic),112.9,8061.5,No,60+,111.96527777777776,8,1
Female,1,No,No,1,Yes,Yes,Fiber optic,No,No,No,No,No,No,Month-to-month,Yes,Electronic check,74.2,74.2,Yes,0-12,74.2,2,1
Female,0,Yes,Yes,6,Yes,Yes,Fiber optic,No,Yes,Yes,No,Yes,No,Month-to-month,Yes,Mailed check,94.05,518.75,No,0-12,86.45833333333333,5,1
Male,0,Yes,No,72,Yes,Yes,DSL,Yes,Yes,Yes,Yes,No,Yes,Two year,No,Bank transfer (automatic),78.85,5763.15,No,60+,80.04374999999999,7,1
Male,0,No,No,4,Yes,No,DSL,No,No,No,No,No,Yes,Month-to-month,Yes,Mailed check,55.3,238.5,No,0-12,59.625,2,1
Female,0,Yes,Yes,52,Yes,No,No,No internet service,No internet service,No internet service,No internet service,No internet service,No internet service,Two year,No,Mailed check,19.35,1031.7,No,49-60,19.84038461538461,1,0
Male,0,Yes,Yes,0,Yes,Yes,No,No internet service,No internet service,No internet service,No internet service,No internet service,No internet service,Two year,No,Mailed check,25.35,1397.475,No,,1397.475,2,0
Female,0,No,No,2,Yes,No,No,No internet service,No internet service,No internet service,No internet service,No internet service,No internet service,One year,No,Mailed check,20.45,34.8,No,0-12,17.4,1,0
Female,0,Yes,No,65,Yes,No,No,No internet service,No internet service,No internet service,No internet service,No internet service,No internet service,Two year,No,Bank transfer (automatic),19.35,1319.95,No,60+,20.30692307692308,1,0
Male,1,Yes,No,43,Yes,Yes,Fiber optic,No,Yes,No,No,Yes,Yes,Month-to-month,Yes,Electronic check,101.0,4388.4,Yes,25-48,102.05581395348835,5,1
Male,0,Yes,No,4,Yes,Yes,Fiber optic,No,Yes,No,No,Yes,Yes,Month-to-month,Yes,Electronic check,100.2,420.2,Yes,0-12,105.05,5,1
Male,1,Yes,No,25,Yes,Yes,Fiber optic,Yes,No,No,No,No,Yes,One year,Yes,Electronic check,89.05,2177.45,Yes,25-48,87.098,4,1
Female,0,Yes,No,51,Yes,Yes,DSL,No,Yes,No,Yes,Yes,Yes,One year,Yes,Credit card (automatic),78.65,3950.85,No,49-60,77.46764705882353,6,1
Male,0,No,No,12,Yes,Yes,DSL,No,No,Yes,No,Yes,Yes,Month-to-month,No,Bank transfer (automatic),74.75,827.05,No,0-12,68.92083333333333,5,1
Female,0,Yes,Yes,57,Yes,No,DSL,Yes,No,No,No,Yes,Yes,One year,Yes,Bank transfer (automatic),70.1,3913.3,Yes,49-60,68.65438596491228,4,1
Female,0,Yes,Yes,24,Yes,No,No,No internet service,No internet service,No internet service,No internet service,No internet service,No internet service,One year,No,Mailed check,19.9,533.5,No,13-24,22.229166666666668,1,0
Female,0,Yes,No,64,Yes,Yes,DSL,No,No,Yes,Yes,No,No,One year,No,Bank transfer (automatic),58.35,3756.45,No,60+,58.69453125,4,1
Female,0,No,No,4,Yes,No,Fiber optic,No,Yes,Yes,Yes,Yes,Yes,One year,Yes,Electronic check,105.65,443.9,Yes,0-12,110.975,6,1
Female,0,No,No,26,Yes,Yes,Fiber optic,No,No,Yes,No,Yes,Yes,Month-to-month,Yes,Bank transfer (automatic),100.5,2599.95,No,25-48,99.99807692307692,5,1
Female,0,Yes,Yes,15,Yes,No,No,No internet service,No internet service,No internet service,No internet service,No internet service,No internet service,Month-to-month,No,Mailed check,20.05,284.3,No,13-24,18.953333333333333,1,0
Male,1,Yes,No,64,Yes,Yes,No,No internet service,No internet service,No internet service,No internet service,No internet service,No internet service,Two year,No,Credit card (automatic),25.65,1740.8,No,60+,27.2,2,0
Male,1,Yes,No,36,Yes,Yes,Fiber optic,No,Yes,No,No,Yes,Yes,Month-to-month,Yes,Electronic check,96.5,3436.1,Yes,25-48,95.44722222222222,5,1
Female,0,Yes,No,27,Yes,Yes,Fiber optic,No,No,No,No,Yes,Yes,Month-to-month,No,Credit card (automatic),95.0,2462.55,No,25-48,91.20555555555556,4,1
Male,1,Yes,No,1,Yes,No,Fiber optic,No,No,No,No,No,No,Month-to-month,No,Mailed check,70.85,70.85,Yes,0-12,70.85,1,1
Female,0,No,No,35,Yes,Yes,DSL,Yes,No,Yes,Yes,Yes,Yes,One year,Yes,Credit card (automatic),85.95,3110.1,Yes,25-48,88.86,7,1
Male,0,No,No,4,Yes,No,Fiber optic,No,No,Yes,No,No,No,Month-to-month,Yes,Electronic check,73.9,280.85,Yes,0-12,70.2125,2,1
Female,0,Yes,Yes,8,Yes,No,DSL,No,No,No,No,No,No,Month-to-month,Yes,Electronic check,45.45,411.75,No,0-12,51.46875,1,1
Male,0,No,No,10,Yes,No,No,No internet service,No internet service,No internet service,No internet service,No internet service,No internet service,Month-to-month,Yes,Credit card (automatic),20.0,198.6,No,0-12,19.86,1,0
Female,0,No,No,2,Yes,No,DSL,No,Yes,No,No,No,No,Month-to-month,No,Mailed check,49.2,103.7,No,0-12,51.85,2,1
Female,0,Yes,No,58,Yes,Yes,Fiber optic,Yes,Yes,Yes,No,Yes,Yes,Two year,Yes,Bank transfer (automatic),109.45,6144.55,Yes,49-60,105.94051724137933,7,1
Male,0,Yes,No,51,Yes,No,DSL,Yes,Yes,Yes,Yes,Yes,Yes,Two year,Yes,Credit card (automatic),83.25,4089.45,No,49-60,80.18529411764706,7,1
Female,0,Yes,Yes,46,Yes,No,No,No internet service,No internet service,No internet service,No internet service,No internet service,No internet service,Two year,Yes,Mailed check,19.25,864.2,No,25-48,18.78695652173913,1,0
Male,0,No,No,1,Yes,No,No,No internet service,No internet service,No internet service,No internet service,No internet service,No internet service,Month-to-month,Yes,Bank transfer (automatic),19.65,19.65,No,0-12,19.65,1,0
Male,0,No,No,46,Yes,Yes,Fiber optic,No,No,No,No,No,No,Month-to-month,No,Bank transfer (automatic),72.8,3249.4,No,25-48,70.63913043478261,2,1
Female,0,Yes,No,50,Yes,Yes,Fiber optic,Yes,Yes,No,Yes,Yes,Yes,Month-to-month,Yes,Bank transfer (automatic),109.65,5405.8,No,49-60,108.116,7,1
Male,0,Yes,Yes,53,Yes,No,DSL,No,Yes,No,Yes,Yes,No,Month-to-month,No,Credit card (automatic),65.0,3363.8,No,49-60,63.46792452830189,4,1
Male,0,Yes,No,61,Yes,Yes,Fiber optic,No,Yes,Yes,Yes,Yes,Yes,Month-to-month,Yes,Electronic check,114.1,7132.15,No,60+,116.92049180327868,7,1
Male,0,No,No,5,Yes,No,No,No internet service,No internet service,No internet service,No internet service,No internet service,No internet service,Month-to-month,No,Bank transfer (automatic),20.65,93.55,No,0-12,18.71,1,0
Male,0,No,No,47,Yes,No,DSL,Yes,Yes,Yes,Yes,Yes,Yes,One year,Yes,Bank transfer (automatic),86.95,4138.9,No,25-48,88.06170212765957,7,1
Female,0,No,No,54,Yes,Yes,Fiber optic,No,Yes,Yes,No,Yes,No,One year,Yes,Bank transfer (automatic),94.75,5121.75,No,49-60,94.84722222222224,5,1
Male,0,No,Yes,19,No,No phone service,DSL,No,No,No,No,No,No,Month-to-month,Yes,Credit card (automatic),25.35,566.1,No,13-24,29.794736842105262,0,1
Female,0,No,Yes,26,Yes,No,Fiber optic,No,Yes,Yes,Yes,Yes,Yes,Two year,Yes,Electronic check,105.45,2715.3,No,25-48,104.4346153846154,6,1
Male,0,Yes,Yes,70,Yes,Yes,No,No internet service,No internet service,No internet service,No internet service,No internet service,No internet service,Two year,No,Mailed check,25.4,1782.05,No,60+,25.457857142857144,2,0
Male,0,Yes,No,17,Yes,Yes,Fiber optic,No,Yes,Yes,No,Yes,Yes,Month-to-month,Yes,Electronic check,102.55,1742.5,No,13-24,102.5,6,1
Female,0,No,No,30,Yes,Yes,Fiber optic,No,Yes,No,No,Yes,Yes,Month-to-month,Yes,Electronic check,100.2,2983.8,Yes,25-48,99.46,5,1
Female,0,No,Yes,1,Yes,Yes,No,No internet service,No internet service,No internet service,No internet service,No internet service,No internet service,Month-to-month,No,Mailed check,24.0,24.0,No,0-12,24.0,2,0
Female,0,Yes,Yes,19,Yes,Yes,No,No internet service,No internet service,No internet service,No internet service,No internet service,No internet service,Two year,No,Mailed check,25.6,485.9,No,13-24,25.573684210526316,2,0
Female,0,Yes,No,26,Yes,No,DSL,No,Yes,Yes,No,Yes,Yes,Two year,Yes,Credit card (automatic),73.5,1905.7,No,25-48,73.29615384615384,5,1
Female,0,Yes,Yes,21,Yes,No,Fiber optic,No,Yes,No,No,No,No,Month-to-month,Yes,Bank transfer (automatic),74.05,1565.7,Yes,13-24,74.55714285714286,2,1
Male,0,Yes,No,50,Yes,Yes,Fiber optic,No,Yes,No,No,Yes,Yes,One year,Yes,Electronic check,98.25,4858.7,No,49-60,97.174,5,1
Female,0,Yes,No,68,No,No phone service,DSL,Yes,No,Yes,No,Yes,Yes,One year,Yes,Electronic check,54.4,3723.65,No,60+,54.75955882352941,4,1
Male,0,No,No,3,Yes,Yes,Fiber optic,No,No,Yes,No,Yes,Yes,Month-to-month,Yes,Bank transfer (automatic),101.55,298.35,Yes,0-12,99.45,5,1
Male,0,Yes,Yes,9,Yes,No,Fiber optic,No,No,Yes,Yes,Yes,Yes,Month-to-month,No,Electronic check,103.1,970.45,No,0-12,107.82777777777778,5,1
Female,0,Yes,Yes,51,No,No phone service,DSL,Yes,No,No,Yes,No,No,Two year,No,Bank transfer (automatic),34.2,1782.0,No,49-60,34.94117647058823,2,1
Female,0,No,No,9,Yes,No,DSL,No,No,No,No,No,No,Month-to-month,Yes,Electronic check,43.75,405.7,No,0-12,45.077777777777776,1,1
Male,1,Yes,Yes,41,Yes,Yes,Fiber optic,No,Yes,Yes,Yes,Yes,Yes,One year,Yes,Electronic check,111.95,4534.9,Yes,25-48,110.60731707317072,7,1
Male,0,No,No,22,Yes,Yes,Fiber optic,No,Yes,No,No,Yes,Yes,Month-to-month,Yes,Electronic check,100.65,2415.95,No,13-24,109.81590909090907,5,1
Female,0,Yes,Yes,21,No,No phone service,DSL,Yes,No,Yes,No,Yes,Yes,One year,Yes,Electronic check,55.95,1157.05,Yes,13-24,55.09761904761905,4,1
Male,0,Yes,Yes,71,Yes,Yes,Fiber optic,Yes,Yes,Yes,Yes,Yes,Yes,Two year,Yes,Bank transfer (automatic),116.05,8297.5,No,60+,116.8661971830986,8,1
Male,0,No,No,1,Yes,No,DSL,No,No,No,No,No,No,Month-to-month,No,Electronic check,45.75,45.75,Yes,0-12,45.75,1,1
Male,0,Yes,Yes,26,Yes,Yes,DSL,No,No,Yes,Yes,Yes,Yes,One year,Yes,Credit card (automatic),82.0,2083.1,No,25-48,80.11923076923077,6,1
Male,0,Yes,No,71,Yes,Yes,DSL,Yes,Yes,No,Yes,No,No,Two year,No,Bank transfer (automatic),65.15,4681.75,No,60+,65.94014084507042,5,1
Male,0,No,No,4,Yes,No,DSL,No,No,No,No,No,No,Month-to-month,Yes,Credit card (automatic),44.8,176.2,No,0-12,44.05,1,1
Female,0,No,No,12,Yes,Yes,Fiber optic,Yes,No,No,No,No,No,Month-to-month,Yes,Electronic check,79.8,1001.2,No,0-12,83.43333333333334,3,1
Female,0,Yes,No,18,Yes,Yes,Fiber optic,No,No,No,Yes,Yes,No,Month-to-month,Yes,Electronic check,88.85,1594.75,No,13-24,88.59722222222223,4,1
Female,0,No,No,3,Yes,Yes,Fiber optic,No,No,No,No,No,No,Month-to-month,Yes,Electronic check,74.95,212.4,No,0-12,70.8,2,1
Female,1,Yes,No,72,Yes,Yes,Fiber optic,Yes,Yes,No,No,Yes,Yes,One year,Yes,Bank transfer (automatic),106.85,7677.4,No,60+,106.63055555555556,6,1
Male,0,No,No,11,Yes,No,Fiber optic,No,Yes,No,No,No,No,Month-to-month,No,Electronic check,74.95,815.5,Yes,0-12,74.13636363636364,2,1
Female,0,No,No,1,Yes,No,Fiber optic,No,No,No,No,No,Yes,Month-to-month,No,Credit card (automatic),80.15,80.15,Yes,0-12,80.15,2,1
Male,0,No,No,13,Yes,No,No,No internet service,No internet service,No internet service,No internet service,No internet service,No internet service,One year,No,Credit card (automatic),19.3,259.65,No,13-24,19.97307692307692,1,0
Female,0,Yes,No,72,Yes,Yes,Fiber optic,No,Yes,Yes,Yes,Yes,Yes,One year,Yes,Electronic check,109.25,8109.8,Yes,60+,112.63611111111112,7,1
Male,0,Yes,No,42,Yes,Yes,DSL,Yes,No,No,No,No,No,One year,No,Credit card (automatic),56.1,2386.85,No,25-48,56.8297619047619,3,1
Female,0,No,No,17,Yes,No,No,No internet service,No internet service,No internet service,No internet service,No internet service,No internet service,Month-to-month,No,Credit card (automatic),19.7,340.35,No,13-24,20.02058823529412,1,0
Female,1,No,No,7,Yes,No,DSL,No,Yes,No,No,No,No,Month-to-month,Yes,Mailed check,51.3,419.35,No,0-12,59.90714285714286,2,1
Female,0,Yes,No,68,Yes,Yes,Fiber optic,Yes,Yes,Yes,Yes,Yes,Yes,Two year,No,Mailed check,118.6,7990.05,No,60+,117.50073529411765,8,1
Male,0,Yes,Yes,56,Yes,Yes,No,No internet service,No internet service,No internet service,No internet service,No internet service,No internet service,Two year,No,Bank transfer (automatic),24.15,1402.25,No,49-60,25.040178571428573,2,0
Female,0,Yes,Yes,38,Yes,No,No,No internet service,No internet service,No internet service,No internet service,No internet service,No internet service,One year,No,Mailed check,20.3,749.35,No,25-48,19.719736842105263,1,0
Female,0,Yes,Yes,72,Yes,Yes,Fiber optic,Yes,Yes,Yes,Yes,Yes,Yes,Two year,Yes,Electronic check,115.5,8425.15,No,60+,117.01597222222222,8,1
Female,0,No,No,48,Yes,Yes,No,No internet service,No internet service,No internet service,No internet service,No internet service,No internet service,One year,No,Credit card (automatic),25.05,1171.5,No,25-48,24.40625,2,0
Female,1,Yes,No,52,Yes,Yes,Fiber optic,Yes,Yes,Yes,No,Yes,Yes,Month-to-month,Yes,Electronic check,109.1,5647.95,No,49-60,108.61442307692307,7,1
Female,0,Yes,Yes,35,Yes,No,No,No internet service,No internet service,No internet service,No internet service,No internet service,No internet service,One year,No,Mailed check,19.65,708.8,No,25-48,20.25142857142857,1,0
Male,0,Yes,No,67,Yes,Yes,Fiber optic,No,Yes,Yes,Yes,Yes,Yes,Two year,Yes,Bank transfer (automatic),111.3,7567.2,No,60+,112.94328358208956,7,1
Female,0,No,No,1,No,No phone service,DSL,Yes,No,No,No,No,No,Month-to-month,No,Mailed check,29.9,29.9,No,0-12,29.9,1,1
Male,0,No,No,53,Yes,No,Fiber optic,No,Yes,No,Yes,No,No,Month-to-month,Yes,Mailed check,80.6,4348.1,No,49-60,82.03962264150944,3,1
Male,0,Yes,Yes,34,Yes,No,No,No internet service,No internet service,No internet service,No internet service,No internet service,No internet service,Month-to-month,No,Mailed check,20.8,635.9,No,25-48,18.70294117647059,1,0
Female,0,No,No,3,No,No phone service,DSL,No,No,No,No,Yes,No,Month-to-month,No,Credit card (automatic),35.2,108.95,Yes,0-12,36.31666666666667,1,1
Female,0,Yes,No,1,Yes,No,Fiber optic,No,No,No,No,Yes,No,Month-to-month,No,Electronic check,78.8,78.8,Yes,0-12,78.8,2,1
Male,0,No,No,19,Yes,No,Fiber optic,No,No,Yes,Yes,Yes,No,Month-to-month,No,Mailed check,89.95,1682.4,No,13-24,88.54736842105264,4,1
Female,1,Yes,No,60,Yes,Yes,Fiber optic,Yes,Yes,Yes,Yes,Yes,Yes,Two year,Yes,Bank transfer (automatic),116.05,6925.9,No,49-60,115.43166666666666,8,1
Male,0,No,No,11,Yes,No,No,No internet service,No internet service,No internet service,No internet service,No internet service,No internet service,Two year,No,Credit card (automatic),19.55,223.15,No,0-12,20.286363636363635,1,0
Female,0,No,No,47,Yes,Yes,Fiber optic,No,Yes,Yes,No,Yes,Yes,Month-to-month,Yes,Electronic check,106.4,5127.95,Yes,25-48,109.10531914893616,6,1
Male,0,No,No,18,Yes,No,DSL,Yes,No,No,No,No,No,Month-to-month,No,Electronic check,49.4,874.8,Yes,13-24,48.6,2,1
Female,0,Yes,Yes,60,Yes,Yes,Fiber optic,Yes,Yes,Yes,Yes,Yes,Yes,Two year,No,Credit card (automatic),115.25,6758.45,No,49-60,112.64083333333332,8,1
Male,0,Yes,No,72,Yes,Yes,No,No internet service,No internet service,No internet service,No internet service,No internet service,No internet service,Two year,No,Credit card (automatic),24.8,1874.3,No,60+,26.031944444444445,2,0
Male,0,No,No,39,Yes,No,No,No internet service,No internet service,No internet service,No internet service,No internet service,No internet service,One year,No,Mailed check,19.9,791.15,No,25-48,20.28589743589744,1,0
Female,0,Yes,No,59,Yes,No,Fiber optic,Yes,No,Yes,No,No,No,One year,Yes,Credit card (automatic),81.25,4639.45,No,49-60,78.63474576271186,3,1
Male,0,Yes,Yes,2,Yes,No,Fiber optic,No,No,No,No,No,No,Month-to-month,No,Mailed check,69.95,143.9,No,0-12,71.95,1,1
Male,1,No,No,1,Yes,No,Fiber optic,No,No,No,No,No,No,Month-to-month,No,Electronic check,69.1,69.1,Yes,0-12,69.1,1,1
Male,0,Yes,Yes,20,Yes,No,Fiber optic,No,No,No,No,Yes,Yes,Month-to-month,Yes,Electronic check,90.2,1776.55,Yes,13-24,88.8275,3,1
Female,0,No,No,6,Yes,Yes,Fiber optic,No,No,No,No,Yes,Yes,Month-to-month,Yes,Bank transfer (automatic),93.55,536.4,Yes,0-12,89.39999999999999,4,1
Male,0,No,No,71,Yes,Yes,Fiber optic,No,No,Yes,Yes,No,No,Two year,Yes,Credit card (automatic),86.4,6172.0,No,60+,86.92957746478874,4,1
Female,0,Yes,No,24,Yes,Yes,DSL,Yes,Yes,Yes,No,No,No,Month-to-month,No,Mailed check,66.3,1559.45,No,13-24,64.97708333333334,5,1
Male,1,Yes,No,67,Yes,Yes,Fiber optic,No,No,No,No,Yes,Yes,Month-to-month,Yes,Credit card (automatic),94.65,6079.0,No,60+,90.73134328358208,4,1
Male,0,No,No,1,Yes,No,Fiber optic,No,No,No,No,No,Yes,Month-to-month,Yes,Mailed check,80.85,80.85,Yes,0-12,80.85,2,1
Female,0,Yes,Yes,48,Yes,Yes,Fiber optic,No,No,No,No,No,Yes,One year,Yes,Mailed check,82.05,4029.95,Yes,25-48,83.95729166666666,3,1
Female,0,Yes,No,37,Yes,Yes,DSL,No,Yes,No,Yes,No,Yes,One year,No,Mailed check,72.1,2658.4,No,25-48,71.84864864864865,5,1
Male,0,No,No,11,No,No phone service,DSL,No,Yes,Yes,No,No,No,Month-to-month,No,Mailed check,34.7,383.55,No,0-12,34.86818181818182,2,1
Male,0,Yes,No,3,Yes,No,No,No internet service,No internet service,No internet service,No internet service,No internet service,No internet service,Month-to-month,Yes,Credit card (automatic),20.55,51.15,Yes,0-12,17.05,1,0
Female,0,Yes,No,18,Yes,No,Fiber optic,No,No,Yes,No,Yes,Yes,Month-to-month,Yes,Credit card (automatic),95.95,1745.5,No,13-24,96.97222222222224,4,1
Male,0,Yes,Yes,50,Yes,No,DSL,No,No,No,No,No,No,One year,Yes,Bank transfer (automatic),44.8,2230.85,No,49-60,44.617,1,1
Female,0,Yes,Yes,67,Yes,Yes,Fiber optic,Yes,No,Yes,Yes,Yes,Yes,One year,Yes,Electronic check,109.4,7281.6,No,60+,108.68059701492538,7,1
Female,0,Yes,No,25,Yes,No,DSL,Yes,Yes,No,Yes,No,Yes,Month-to-month,Yes,Mailed check,71.05,1837.7,No,25-48,73.508,5,1
Female,1,No,No,2,Yes,Yes,Fiber optic,No,No,Yes,No,No,No,Month-to-month,Yes,Electronic check,78.55,149.55,Yes,0-12,74.775,3,1
Male,0,No,No,9,Yes,No,No,No internet service,No internet service,No internet service,No internet service,No internet service,No internet service,Month-to-month,No,Credit card (automatic),19.7,180.7,No,0-12,20.077777777777776,1,0
Female,0,No,Yes,10,No,No phone service,DSL,Yes,Yes,No,Yes,No,No,One year,No,Mailed check,40.25,411.45,No,0-12,41.145,3,1
Female,0,Yes,No,70,Yes,No,No,No internet service,No internet service,No internet service,No internet service,No internet service,No internet service,Two year,No,Credit card (automatic),19.85,1328.35,No,60+,18.97642857142857,1,0
Male,0,No,No,9,Yes,No,DSL,Yes,No,Yes,Yes,No,Yes,Month-to-month,Yes,Bank transfer (automatic),68.25,576.95,No,0-12,64.10555555555555,5,1
Female,0,No,No,4,Yes,No,No,No internet service,No internet service,No internet service,No internet service,No internet service,No internet service,Month-to-month,Yes,Credit card (automatic),20.15,68.45,No,0-12,17.1125,1,0
Female,0,No,No,2,Yes,No,DSL,Yes,No,No,No,No,No,Month-to-month,No,Mailed check,50.95,123.05,No,0-12,61.525,2,1
Female,0,No,Yes,1,Yes,No,Fiber optic,No,No,No,No,No,Yes,Month-to-month,No,Electronic check,78.65,78.65,Yes,0-12,78.65,2,1
Male,0,No,No,19,No,No phone service,DSL,No,No,No,No,No,No,Month-to-month,Yes,Bank transfer (automatic),25.15,468.35,No,13-24,24.65,0,1
Male,0,Yes,Yes,7,Yes,No,No,No internet service,No internet service,No internet service,No internet service,No internet service,No internet service,Month-to-month,Yes,Bank transfer (automatic),20.25,174.7,No,0-12,24.957142857142856,1,0
Male,0,No,No,1,Yes,No,DSL,No,No,No,No,No,No,Month-to-month,Yes,Electronic check,42.9,42.9,Yes,0-12,42.9,1,1
Male,1,No,No,1,Yes,No,DSL,No,No,No,No,No,No,Month-to-month,No,Electronic check,44.0,44.0,No,0-12,44.0,1,1
Female,0,Yes,Yes,9,Yes,No,No,No internet service,No internet service,No internet service,No internet service,No internet service,No internet service,One year,No,Mailed check,20.25,172.35,No,0-12,19.15,1,0
Female,0,No,No,3,No,No phone service,DSL,Yes,No,No,Yes,No,No,Month-to-month,No,Mailed check,34.25,139.35,Yes,0-12,46.45,2,1
Female,0,No,No,9,No,No phone service,DSL,Yes,No,Yes,Yes,Yes,Yes,Month-to-month,No,Mailed check,58.5,539.85,Yes,0-12,59.98333333333333,5,1
Female,0,No,No,5,Yes,No,DSL,Yes,No,Yes,No,No,No,Month-to-month,No,Credit card (automatic),55.8,300.4,No,0-12,60.08,3,1
Female,0,Yes,Yes,56,Yes,No,Fiber optic,No,No,No,No,Yes,Yes,One year,No,Bank transfer (automatic),88.9,4968.0,No,49-60,88.71428571428571,3,1
Female,0,No,Yes,18,Yes,Yes,DSL,Yes,No,No,No,No,No,Month-to-month,No,Mailed check,57.65,992.7,No,13-24,55.150000000000006,3,1
Male,1,No,No,49,Yes,Yes,Fiber optic,No,No,No,No,Yes,Yes,Month-to-month,Yes,Electronic check,96.2,4718.25,Yes,49-60,96.29081632653062,4,1
Male,0,Yes,No,70,Yes,Yes,DSL,Yes,Yes,Yes,Yes,Yes,No,Two year,No,Mailed check,79.15,5536.5,No,60+,79.09285714285714,7,1
Female,0,No,No,72,Yes,Yes,Fiber optic,No,Yes,Yes,Yes,Yes,Yes,Two year,Yes,Credit card (automatic),108.05,7806.6,No,60+,108.425,7,1
Female,1,No,No,6,Yes,No,Fiber optic,No,No,Yes,No,No,No,Month-to-month,No,Electronic check,74.4,434.1,Yes,0-12,72.35000000000001,2,1
Male,1,Yes,No,17,Yes,Yes,Fiber optic,No,No,No,No,Yes,Yes,Month-to-month,Yes,Electronic check,94.8,1563.9,No,13-24,91.99411764705884,4,1
Male,0,Yes,No,29,No,No phone service,DSL,No,No,No,No,Yes,Yes,Month-to-month,Yes,Electronic check,45.9,1332.4,No,25-48,45.9448275862069,2,1
Female,0,Yes,No,6,Yes,Yes,Fiber optic,No,Yes,Yes,No,Yes,Yes,Month-to-month,Yes,Electronic check,105.3,545.2,Yes,0-12,90.86666666666667,6,1
Male,0,Yes,No,63,Yes,Yes,Fiber optic,No,No,Yes,No,Yes,Yes,Two year,No,Electronic check,102.6,6296.75,No,60+,99.9484126984127,5,1
Male,0,Yes,No,16,Yes,Yes,Fiber optic,No,No,No,No,No,No,Month-to-month,Yes,Bank transfer (automatic),73.85,1284.2,Yes,13-24,80.2625,2,1
Male,0,No,No,59,Yes,No,DSL,No,No,Yes,No,No,Yes,One year,Yes,Bank transfer (automatic),61.35,3645.5,No,49-60,61.78813559322034,3,1
Female,0,No,No,3,Yes,No,DSL,No,No,Yes,No,Yes,No,Month-to-month,No,Electronic check,57.55,161.45,No,0-12,53.81666666666666,3,1
Female,0,No,No,8,No,No phone service,DSL,No,Yes,No,No,No,No,Month-to-month,Yes,Mailed check,29.25,226.95,No,0-12,28.36875,1,1
Female,1,Yes,No,7,Yes,Yes,Fiber optic,No,No,No,No,No,Yes,Month-to-month,Yes,Electronic check,84.55,646.85,Yes,0-12,92.40714285714286,3,1
Female,0,No,No,68,Yes,No,No,No internet service,No internet service,No internet service,No internet service,No internet service,No internet service,Two year,No,Credit card (automatic),19.6,1441.65,No,60+,21.20073529411765,1,0
Female,0,Yes,Yes,68,Yes,Yes,Fiber optic,Yes,No,Yes,Yes,Yes,Yes,Two year,No,Credit card (automatic),111.75,7511.3,No,60+,110.46029411764708,7,1
Female,1,Yes,No,52,Yes,Yes,Fiber optic,No,Yes,Yes,No,Yes,Yes,One year,Yes,Electronic check,106.5,5621.85,No,49-60,108.1125,6,1
Male,0,Yes,Yes,72,Yes,Yes,Fiber optic,Yes,Yes,No,Yes,Yes,Yes,Two year,Yes,Credit card (automatic),107.7,7919.8,No,60+,109.99722222222222,7,1
Female,0,Yes,No,32,Yes,No,No,No internet service,No internet service,No internet service,No internet service,No internet service,No internet service,One year,No,Mailed check,19.3,593.2,No,25-48,18.5375,1,0
Female,0,Yes,No,72,Yes,No,No,No internet service,No internet service,No internet service,No internet service,No internet service,No internet service,Two year,No,Bank transfer (automatic),20.05,1423.65,No,60+,19.772916666666667,1,0
Male,0,Yes,Yes,1,Yes,No,Fiber optic,No,No,No,No,No,No,Month-to-month,Yes,Credit card (automatic),69.95,69.95,No,0-12,69.95,1,1
Male,0,Yes,Yes,42,Yes,No,DSL,Yes,No,No,Yes,No,Yes,One year,No,Credit card (automatic),63.7,2763.35,No,25-48,65.79404761904762,4,1
Female,0,No,No,25,Yes,Yes,No,No internet service,No internet service,No internet service,No internet service,No internet service,No internet service,Two year,No,Credit card (automatic),24.75,692.1,Yes,25-48,27.684,2,0
Male,0,No,No,45,Yes,No,DSL,Yes,No,No,No,No,No,Month-to-month,Yes,Bank transfer (automatic),50.9,2298.55,No,25-48,51.07888888888889,2,1
Female,0,Yes,Yes,43,No,No phone service,DSL,Yes,No,Yes,Yes,Yes,Yes,One year,Yes,Credit card (automatic),60.4,2640.55,No,25-48,61.40813953488372,5,1
Male,0,Yes,No,37,Yes,Yes,DSL,Yes,No,Yes,No,Yes,Yes,One year,No,Mailed check,79.25,2911.8,No,25-48,78.6972972972973,6,1
Female,1,No,No,20,Yes,Yes,Fiber optic,No,No,No,No,No,Yes,Month-to-month,Yes,Credit card (automatic),85.8,1727.5,Yes,13-24,86.375,3,1
Female,0,No,No,4,No,No phone service,DSL,No,No,No,No,No,No,Month-to-month,Yes,Electronic check,24.45,86.6,Yes,0-12,21.65,0,1
Male,0,Yes,No,63,Yes,No,Fiber optic,Yes,Yes,Yes,Yes,Yes,Yes,Two year,Yes,Credit card (automatic),110.1,6705.7,No,60+,106.43968253968254,7,1
Male,0,No,No,3,Yes,No,Fiber optic,No,No,No,No,Yes,Yes,Month-to-month,No,Mailed check,90.7,237.65,No,0-12,79.21666666666667,3,1
Male,0,Yes,Yes,66,Yes,Yes,No,No internet service,No internet service,No internet service,No internet service,No internet service,No internet service,Two year,Yes,Credit card (automatic),25.3,1672.35,No,60+,25.33863636363636,2,0
Male,0,No,No,28,Yes,Yes,Fiber optic,No,Yes,Yes,No,Yes,Yes,Month-to-month,Yes,Electronic check,105.7,2979.5,Yes,25-48,106.41071428571428,6,1
Female,1,No,No,8,Yes,Yes,Fiber optic,No,No,No,No,No,Yes,Month-to-month,No,Electronic check,85.2,695.75,No,0-12,86.96875,3,1
Male,0,No,Yes,71,Yes,Yes,No,No internet service,No internet service,No internet service,No internet service,No internet service,No internet service,Two year,No,Mailed check,24.35,1654.6,No,60+,23.304225352112677,2,0
Male,0,No,No,1,No,No phone service,DSL,No,No,No,No,No,No,Month-to-month,Yes,Electronic check,24.25,24.25,Yes,0-12,24.25,0,1
Female,0,Yes,Yes,72,Yes,Yes,No,No internet service,No internet service,No internet service,No internet service,No internet service,No internet service,Two year,No,Bank transfer (automatic),25.1,1857.85,No,60+,25.803472222222226,2,0
Male,1,Yes,No,16,Yes,No,DSL,Yes,Yes,No,No,No,No,Month-to-month,Yes,Bank transfer (automatic),54.55,825.1,No,13-24,51.56875,3,1
Male,0,Yes,No,66,Yes,Yes,Fiber optic,Yes,Yes,Yes,Yes,No,No,Two year,No,Mailed check,96.6,6424.25,No,60+,97.33712121212122,6,1
Female,0,No,No,11,Yes,Yes,Fiber optic,No,No,No,No,No,No,Month-to-month,Yes,Electronic check,76.5,837.95,Yes,0-12,76.17727272727274,2,1
Male,0,No,No,51,Yes,Yes,DSL,Yes,Yes,Yes,Yes,Yes,No,One year,Yes,Credit card (automatic),81.15,4126.2,No,49-60,80.90588235294118,7,1
Female,0,No,Yes,8,No,No phone service,DSL,Yes,No,No,No,No,Yes,Month-to-month,Yes,Electronic check,38.5,330.8,No,0-12,41.35,2,1
Male,0,No,No,14,Yes,No,Fiber optic,No,No,No,No,Yes,Yes,Month-to-month,Yes,Electronic check,92.9,1337.45,No,13-24,95.53214285714286,3,1
Female,0,No,No,4,Yes,Yes,Fiber optic,No,Yes,No,Yes,No,Yes,Month-to-month,Yes,Electronic check,93.5,362.2,Yes,0-12,90.55,5,1
Female,0,No,No,70,Yes,Yes,DSL,Yes,Yes,Yes,No,Yes,Yes,Two year,No,Mailed check,84.7,5991.05,No,60+,85.58642857142857,7,1
Female,0,No,Yes,70,Yes,Yes,DSL,Yes,Yes,No,Yes,No,No,Two year,No,Electronic check,66.0,4891.5,No,60+,69.87857142857143,5,1
Female,1,Yes,No,54,Yes,Yes,Fiber optic,No,Yes,No,No,Yes,Yes,One year,Yes,Credit card (automatic),101.5,5373.1,Yes,49-60,99.50185185185184,5,1
Male,0,No,Yes,28,Yes,No,Fiber optic,Yes,No,No,No,No,No,Month-to-month,Yes,Bank transfer (automatic),74.9,2068.55,Yes,25-48,73.87678571428572,2,1
Male,0,No,No,24,Yes,No,No,No internet service,No internet service,No internet service,No internet service,No internet service,No internet service,Two year,No,Mailed check,20.75,487.05,No,13-24,20.29375,1,0
Female,0,Yes,No,69,Yes,No,DSL,No,Yes,No,No,No,Yes,Two year,Yes,Credit card (automatic),61.45,4131.2,No,60+,59.87246376811594,3,1
Male,0,Yes,Yes,42,Yes,No,DSL,Yes,Yes,No,No,No,No,Month-to-month,No,Mailed check,54.5,2301.15,No,25-48,54.78928571428572,3,1
Female,1,No,No,2,Yes,No,Fiber optic,No,No,No,No,No,No,Month-to-month,Yes,Electronic check,69.6,131.65,Yes,0-12,65.825,1,1
Female,1,No,No,39,Yes,Yes,Fiber optic,No,No,Yes,No,Yes,Yes,Month-to-month,Yes,Electronic check,99.75,4036.0,No,25-48,103.48717948717947,5,1
Male,0,Yes,Yes,45,Yes,Yes,Fiber optic,No,Yes,Yes,Yes,Yes,Yes,Two year,Yes,Bank transfer (automatic),109.75,4900.65,No,25-48,108.90333333333332,7,1
Male,0,Yes,Yes,72,Yes,Yes,DSL,Yes,Yes,Yes,Yes,Yes,No,Two year,Yes,Bank transfer (automatic),80.85,5727.45,No,60+,79.54791666666667,7,1
Female,0,No,No,38,Yes,No,No,No internet service,No internet service,No internet service,No internet service,No internet service,No internet service,Two year,No,Mailed check,20.3,743.05,No,25-48,19.553947368421053,1,0
Male,0,Yes,No,72,Yes,Yes,DSL,Yes,Yes,Yes,Yes,No,No,Two year,Yes,Bank transfer (automatic),67.8,4804.65,No,60+,66.73124999999999,6,1
Male,0,No,No,1,Yes,Yes,No,No internet service,No internet service,No internet service,No internet service,No internet service,No internet service,Month-to-month,Yes,Mailed check,24.05,24.05,Yes,0-12,24.05,2,0
Male,0,Yes,Yes,72,Yes,No,No,No internet service,No internet service,No internet service,No internet service,No internet service,No internet service,Two year,Yes,Credit card (automatic),19.8,1414.65,No,60+,19.647916666666667,1,0
Male,0,Yes,No,55,Yes,Yes,No,No internet service,No internet service,No internet service,No internet service,No internet service,No internet service,Two year,No,Bank transfer (automatic),25.7,1443.65,No,49-60,26.24818181818182,2,0
Female,0,Yes,Yes,51,No,No phone service,DSL,No,No,Yes,Yes,Yes,Yes,One year,Yes,Electronic check,56.15,2898.95,No,49-60,56.84215686274509,4,1
Male,0,No,No,63,Yes,No,DSL,Yes,Yes,Yes,Yes,Yes,Yes,Two year,Yes,Bank transfer (automatic),86.7,5309.5,No,60+,84.27777777777777,7,1
Female,0,No,No,1,Yes,No,No,No internet service,No internet service,No internet service,No internet service,No internet service,No internet service,Month-to-month,No,Mailed check,20.4,20.4,No,0-12,20.4,1,0
Female,0,Yes,Yes,23,Yes,No,No,No internet service,No internet service,No internet service,No internet service,No internet service,No internet service,Two year,Yes,Mailed check,19.65,451.55,No,13-24,19.632608695652173,1,0
Female,0,No,No,1,Yes,No,DSL,No,Yes,No,No,No,No,Month-to-month,No,Electronic check,50.55,50.55,Yes,0-12,50.55,2,1
Female,0,No,No,2,Yes,Yes,DSL,No,No,No,Yes,No,No,Month-to-month,Yes,Mailed check,54.35,117.05,No,0-12,58.525,3,1
Female,1,No,No,52,Yes,Yes,Fiber optic,Yes,Yes,Yes,No,Yes,Yes,Month-to-month,No,Credit card (automatic),108.1,5839.3,No,49-60,112.29423076923078,7,1
Female,0,No,No,36,Yes,Yes,DSL,Yes,No,No,No,No,No,One year,No,Mailed check,54.45,1893.5,No,25-48,52.59722222222222,3,1
Female,0,No,No,1,Yes,No,DSL,No,No,No,No,No,No,Month-to-month,No,Mailed check,45.35,45.35,No,0-12,45.35,1,1
Female,0,No,No,28,Yes,Yes,DSL,Yes,No,Yes,No,No,No,One year,No,Mailed check,59.0,1654.45,No,25-48,59.0875,4,1
Female,0,Yes,Yes,7,Yes,No,DSL,Yes,Yes,Yes,No,Yes,No,One year,No,Electronic check,69.45,477.05,No,0-12,68.15,5,1
Male,0,No,No,14,Yes,Yes,Fiber optic,No,Yes,No,No,Yes,Yes,Month-to-month,Yes,Electronic check,100.55,1415.55,Yes,13-24,101.11071428571428,5,1
Male,1,Yes,No,72,No,No phone service,DSL,Yes,Yes,Yes,Yes,Yes,Yes,Two year,Yes,Credit card (automatic),64.95,4546.0,No,60+,63.138888888888886,6,1
Female,0,Yes,Yes,1,Yes,No,No,No internet service,No internet service,No internet service,No internet service,No internet service,No internet service,Month-to-month,Yes,Mailed check,20.5,20.5,Yes,0-12,20.5,1,0
Female,0,No,No,10,Yes,No,No,No internet service,No internet service,No internet service,No internet service,No internet service,No internet service,Month-to-month,No,Mailed check,18.85,163.2,No,0-12,16.32,1,0
Male,0,No,No,42,Yes,No,No,No internet service,No internet service,No internet service,No internet service,No internet service,No internet service,One year,No,Bank transfer (automatic),19.8,849.9,No,25-48,20.235714285714284,1,0
Female,0,No,No,7,No,No phone service,DSL,No,No,No,No,No,No,Month-to-month,No,Bank transfer (automatic),25.05,189.95,No,0-12,27.135714285714283,0,1
Male,0,No,No,4,Yes,No,Fiber optic,No,No,Yes,No,No,No,Month-to-month,Yes,Bank transfer (automatic),74.8,321.9,Yes,0-12,80.475,2,1
Male,0,Yes,Yes,72,Yes,Yes,Fiber optic,Yes,Yes,Yes,Yes,Yes,Yes,Two year,Yes,Credit card (automatic),114.3,8058.55,No,60+,111.92430555555556,8,1
Female,0,Yes,No,20,No,No phone service,DSL,No,No,No,No,No,No,Month-to-month,Yes,Electronic check,24.45,482.8,Yes,13-24,24.14,0,1
Male,0,No,No,63,Yes,No,Fiber optic,Yes,Yes,Yes,Yes,Yes,Yes,Two year,No,Credit card (automatic),109.2,7049.75,No,60+,111.90079365079364,7,1
Female,0,No,No,56,No,No phone service,DSL,Yes,Yes,Yes,Yes,No,No,Two year,No,Bank transfer (automatic),45.05,2560.1,No,49-60,45.71607142857143,4,1
Female,0,No,Yes,5,Yes,No,DSL,No,No,No,Yes,No,No,Month-to-month,Yes,Mailed check,51.0,286.8,No,0-12,57.36,2,1
Female,0,Yes,No,72,Yes,Yes,Fiber optic,No,Yes,Yes,Yes,Yes,Yes,Two year,Yes,Bank transfer (automatic),110.45,7982.5,No,60+,110.86805555555556,7,1
Male,1,Yes,Yes,68,Yes,Yes,Fiber optic,No,Yes,Yes,No,No,No,Month-to-month,Yes,Electronic check,84.65,5683.6,No,60+,83.58235294117648,4,1
Male,0,Yes,Yes,67,Yes,No,DSL,Yes,Yes,No,Yes,No,No,One year,No,Mailed check,60.05,3994.05,No,60+,59.61268656716418,4,1
Male,0,Yes,Yes,8,Yes,No,DSL,No,No,No,No,No,No,Month-to-month,No,Bank transfer (automatic),44.65,369.15,No,0-12,46.14375,1,1
Male,0,Yes,Yes,52,Yes,Yes,Fiber optic,No,Yes,No,Yes,No,Yes,Month-to-month,Yes,Bank transfer (automatic),93.25,4631.7,No,49-60,89.07115384615385,5,1
Female,0,Yes,Yes,18,Yes,No,No,No internet service,No internet service,No internet service,No internet service,No internet service,No internet service,Month-to-month,Yes,Mailed check,20.25,401.95,No,13-24,22.33055555555556,1,0
Female,0,Yes,Yes,59,Yes,Yes,No,No internet service,No internet service,No internet service,No internet service,No internet service,No internet service,Two year,No,Mailed check,25.45,1534.05,No,49-60,26.00084745762712,2,0
Female,0,No,No,60,Yes,No,No,No internet service,No internet service,No internet service,No internet service,No internet service,No internet service,Two year,No,Mailed check,20.6,1093.0,No,49-60,18.216666666666665,1,0
Male,0,No,No,7,Yes,Yes,Fiber optic,No,No,No,No,Yes,Yes,Month-to-month,Yes,Electronic check,94.1,701.3,No,0-12,100.18571428571428,4,1
Male,0,Yes,Yes,59,No,No phone service,DSL,Yes,No,Yes,No,No,No,One year,No,Mailed check,34.8,1980.3,No,49-60,33.56440677966101,2,1
Male,0,No,No,46,No,No phone service,DSL,Yes,No,Yes,Yes,Yes,Yes,Two year,Yes,Bank transfer (automatic),60.75,2893.4,No,25-48,62.9,5,1
Male,0,No,No,5,Yes,No,DSL,No,Yes,No,No,No,No,Month-to-month,Yes,Electronic check,51.35,262.3,No,0-12,52.46,2,1
Male,1,Yes,No,59,No,No phone service,DSL,Yes,No,Yes,Yes,Yes,Yes,Two year,Yes,Credit card (automatic),64.05,3886.85,No,49-60,65.87881355932203,5,1
Female,0,Yes,No,70,Yes,Yes,DSL,No,Yes,Yes,Yes,Yes,Yes,Two year,Yes,Bank transfer (automatic),84.8,5917.55,No,60+,84.53642857142857,7,1
Female,0,No,No,14,Yes,No,Fiber optic,No,No,No,No,No,No,Month-to-month,Yes,Credit card (automatic),71.0,914.0,Yes,13-24,65.28571428571429,1,1
Female,0,No,No,44,Yes,Yes,DSL,No,No,No,No,No,No,Month-to-month,Yes,Mailed check,50.15,2139.1,No,25-48,48.61590909090909,2,1
Female,0,Yes,No,64,Yes,Yes,Fiber optic,Yes,No,Yes,No,Yes,No,Two year,Yes,Credit card (automatic),94.6,5948.7,No,60+,92.9484375,5,1
Female,0,Yes,Yes,58,No,No phone service,DSL,Yes,No,Yes,Yes,Yes,Yes,Two year,No,Mailed check,59.75,3624.35,No,49-60,62.48879310344827,5,1
Female,1,Yes,No,46,Yes,Yes,Fiber optic,No,No,No,Yes,Yes,Yes,One year,No,Electronic check,100.25,4753.85,No,25-48,103.3445652173913,5,1
Male,1,Yes,No,58,Yes,Yes,Fiber optic,No,Yes,No,No,Yes,Yes,Month-to-month,Yes,Electronic check,98.9,5780.7,No,49-60,99.66724137931034,5,1
Female,0,Yes,No,72,Yes,Yes,Fiber optic,No,Yes,No,No,Yes,Yes,Two year,Yes,Credit card (automatic),97.7,6869.7,No,60+,95.4125,5,1
Female,1,No,No,30,No,No phone service,DSL,No,No,Yes,No,Yes,No,Month-to-month,Yes,Electronic check,40.3,1172.95,Yes,25-48,39.098333333333336,2,1
Male,1,No,No,11,Yes,Yes,DSL,Yes,Yes,No,No,No,No,Month-to-month,No,Bank transfer (automatic),60.25,662.95,No,0-12,60.26818181818182,4,1
Female,1,No,No,34,No,No phone service,DSL,No,Yes,Yes,No,Yes,Yes,Month-to-month,Yes,Electronic check,56.25,1765.95,No,25-48,51.93970588235294,4,1
Male,0,No,No,54,No,No phone service,DSL,Yes,Yes,No,No,No,Yes,Two year,No,Bank transfer (automatic),46.2,2431.95,No,49-60,45.036111111111104,3,1
Female,0,No,No,3,No,No phone service,DSL,No,Yes,No,No,Yes,Yes,Month-to-month,Yes,Electronic check,50.6,155.35,Yes,0-12,51.78333333333333,3,1
Female,0,Yes,Yes,72,Yes,Yes,No,No internet service,No internet service,No internet service,No internet service,No internet service,No internet service,Two year,No,Mailed check,24.9,1859.2,No,60+,25.822222222222223,2,0
Female,0,Yes,Yes,40,Yes,Yes,Fiber optic,No,No,Yes,Yes,No,No,Month-to-month,Yes,Electronic check,84.85,3303.05,Yes,25-48,82.57625,4,1
Female,0,Yes,Yes,2,Yes,No,DSL,No,No,No,No,Yes,Yes,Month-to-month,No,Mailed check,65.7,134.35,Yes,0-12,67.175,3,1
Male,0,Yes,Yes,54,Yes,Yes,DSL,No,No,Yes,No,No,Yes,Two year,No,Credit card (automatic),63.35,3409.1,No,49-60,63.13148148148148,4,1
Female,0,No,No,14,Yes,No,DSL,Yes,No,No,No,No,No,Month-to-month,No,Bank transfer (automatic),50.1,709.5,No,13-24,50.67857142857143,2,1
Female,0,No,No,1,Yes,No,Fiber optic,No,No,No,No,No,No,Month-to-month,No,Electronic check,70.5,70.5,Yes,0-12,70.5,1,1
Female,0,No,No,10,Yes,Yes,Fiber optic,No,Yes,Yes,No,No,Yes,Month-to-month,Yes,Electronic check,94.85,953.45,Yes,0-12,95.345,5,1
Female,0,No,No,1,Yes,No,DSL,Yes,No,No,No,No,No,Month-to-month,No,Electronic check,50.15,50.15,No,0-12,50.15,2,1
Male,0,No,No,1,Yes,No,No,No internet service,No internet service,No internet service,No internet service,No internet service,No internet service,Month-to-month,No,Mailed check,19.75,19.75,Yes,0-12,19.75,1,0
Male,0,No,No,56,Yes,Yes,DSL,Yes,Yes,No,Yes,No,No,One year,Yes,Bank transfer (automatic),64.65,3665.55,No,49-60,65.45625,5,1
Female,0,Yes,No,68,Yes,No,DSL,Yes,Yes,No,Yes,Yes,Yes,Two year,Yes,Bank transfer (automatic),79.6,5515.8,No,60+,81.11470588235295,6,1
Female,0,Yes,Yes,14,Yes,No,No,No internet service,No internet service,No internet service,No internet service,No internet service,No internet service,One year,Yes,Mailed check,19.5,272.0,No,13-24,19.428571428571427,1,0
Male,0,Yes,Yes,68,Yes,No,Fiber optic,Yes,No,No,Yes,Yes,Yes,Two year,Yes,Electronic check,99.55,6668.0,No,60+,98.05882352941175,5,1
Male,1,Yes,No,55,Yes,Yes,Fiber optic,No,No,No,No,No,No,Month-to-month,Yes,Electronic check,74.0,4052.4,No,49-60,73.68,2,1
Female,0,No,No,16,No,No phone service,DSL,Yes,No,No,No,Yes,No,Month-to-month,Yes,Electronic check,38.9,664.4,No,13-24,41.525,2,1
Male,1,No,No,9,Yes,No,Fiber optic,No,No,No,No,No,Yes,Month-to-month,Yes,Electronic check,79.55,718.55,No,0-12,79.83888888888889,2,1
Male,0,Yes,Yes,14,Yes,No,DSL,Yes,Yes,No,No,Yes,No,Month-to-month,Yes,Electronic check,65.45,937.6,Yes,13-24,66.97142857142858,4,1
Male,1,Yes,No,58,Yes,Yes,Fiber optic,No,No,Yes,No,Yes,Yes,Month-to-month,Yes,Electronic check,98.7,5812.6,Yes,49-60,100.21724137931037,5,1
Male,0,No,No,53,No,No phone service,DSL,Yes,Yes,No,No,No,Yes,Month-to-month,Yes,Bank transfer (automatic),46.3,2546.85,No,49-60,48.053773584905656,3,1
Male,0,Yes,No,70,Yes,Yes,Fiber optic,Yes,Yes,Yes,No,Yes,No,Two year,Yes,Credit card (automatic),99.35,6944.5,No,60+,99.20714285714286,6,1
Female,1,Yes,Yes,14,Yes,Yes,Fiber optic,No,No,No,No,Yes,Yes,Month-to-month,Yes,Electronic check,95.8,1346.3,No,13-24,96.16428571428573,4,1
Male,0,Yes,Yes,22,Yes,No,DSL,Yes,No,Yes,Yes,Yes,No,One year,Yes,Bank transfer (automatic),67.5,1544.05,Yes,13-24,70.18409090909091,5,1
Female,0,Yes,No,10,Yes,Yes,Fiber optic,Yes,No,No,No,No,No,Month-to-month,Yes,Credit card (automatic),78.15,765.15,No,0-12,76.515,3,1
Female,0,Yes,Yes,29,Yes,Yes,No,No internet service,No internet service,No internet service,No internet service,No internet service,No internet service,Two year,No,Mailed check,26.1,692.55,No,25-48,23.88103448275862,2,0
Female,0,No,No,1,Yes,No,Fiber optic,No,No,No,No,No,No,Month-to-month,Yes,Electronic check,69.6,69.6,Yes,0-12,69.6,1,1
Male,0,Yes,No,49,Yes,Yes,DSL,Yes,No,Yes,Yes,Yes,Yes,One year,No,Electronic check,84.35,4059.35,Yes,49-60,82.84387755102041,7,1
Female,1,Yes,No,68,Yes,Yes,Fiber optic,No,Yes,No,No,Yes,Yes,Month-to-month,Yes,Electronic check,100.2,6851.65,Yes,60+,100.7595588235294,5,1
Female,0,No,No,1,Yes,No,Fiber optic,No,No,No,No,Yes,No,Month-to-month,No,Electronic check,78.05,78.05,Yes,0-12,78.05,2,1
Female,0,No,No,30,No,No phone service,DSL,No,No,No,Yes,No,Yes,One year,Yes,Credit card (automatic),40.35,1187.05,No,25-48,39.568333333333335,2,1
Female,0,Yes,No,72,Yes,Yes,DSL,Yes,Yes,Yes,Yes,Yes,No,Two year,No,Credit card (automatic),79.2,5401.9,No,60+,75.02638888888889,7,1
Female,0,No,No,10,Yes,No,No,No internet service,No internet service,No internet service,No internet service,No internet service,No internet service,Month-to-month,Yes,Mailed check,20.9,247.0,No,0-12,24.7,1,0
Male,0,No,No,7,Yes,Yes,Fiber optic,No,No,No,No,No,No,Month-to-month,No,Electronic check,73.6,520.0,Yes,0-12,74.28571428571429,2,1
Female,0,No,No,9,Yes,Yes,Fiber optic,No,No,No,No,No,No,Month-to-month,Yes,Electronic check,74.75,706.6,Yes,0-12,78.51111111111112,2,1
Female,0,No,Yes,1,Yes,No,DSL,Yes,No,No,No,No,No,Month-to-month,No,Mailed check,49.9,49.9,No,0-12,49.9,2,1
Female,0,No,No,20,Yes,Yes,DSL,No,Yes,No,Yes,No,Yes,Month-to-month,Yes,Credit card (automatic),68.9,1370.35,No,13-24,68.5175,5,1
Female,0,No,No,1,Yes,No,No,No internet service,No internet service,No internet service,No internet service,No internet service,No internet service,Month-to-month,Yes,Mailed check,20.25,20.25,No,0-12,20.25,1,0
Female,0,No,No,29,Yes,Yes,Fiber optic,No,No,No,No,No,No,Month-to-month,Yes,Credit card (automatic),76.0,2215.25,No,25-48,76.38793103448276,2,1
Male,0,No,No,1,Yes,No,Fiber optic,No,No,No,Yes,No,No,Month-to-month,No,Electronic check,74.0,74.0,No,0-12,74.0,2,1
Male,0,No,No,3,Yes,No,Fiber optic,Yes,No,No,Yes,No,No,Month-to-month,Yes,Mailed check,82.3,214.4,No,0-12,71.46666666666667,3,1
Female,0,No,No,20,Yes,No,Fiber optic,Yes,No,Yes,No,Yes,No,Month-to-month,Yes,Bank transfer (automatic),89.4,1871.15,No,13-24,93.5575,4,1
Male,0,No,Yes,64,Yes,No,Fiber optic,No,Yes,No,Yes,Yes,Yes,Month-to-month,Yes,Credit card (automatic),99.15,6171.2,No,60+,96.425,5,1
Male,0,No,No,1,Yes,No,No,No internet service,No internet service,No internet service,No internet service,No internet service,No internet service,Month-to-month,Yes,Mailed check,20.2,20.2,Yes,0-12,20.2,1,0
Female,0,No,No,6,No,No phone service,DSL,Yes,No,No,No,No,No,Month-to-month,No,Bank transfer (automatic),29.45,161.45,No,0-12,26.90833333333333,1,1
Male,0,Yes,No,50,Yes,No,No,No internet service,No internet service,No internet service,No internet service,No internet service,No internet service,Two year,No,Electronic check,19.8,1013.2,No,49-60,20.264,1,0
Male,0,No,No,6,Yes,No,DSL,Yes,No,No,No,No,Yes,Month-to-month,Yes,Bank transfer (automatic),59.15,336.7,No,0-12,56.11666666666667,3,1
Male,0,Yes,Yes,7,Yes,No,DSL,No,No,No,No,No,No,Month-to-month,No,Electronic check,44.75,333.65,No,0-12,47.66428571428571,1,1
Male,0,Yes,Yes,72,Yes,Yes,Fiber optic,No,No,Yes,No,No,Yes,Two year,Yes,Credit card (automatic),90.8,6511.8,No,60+,90.44166666666666,4,1
Male,0,Yes,No,8,Yes,No,DSL,No,Yes,No,No,No,No,Month-to-month,Yes,Bank transfer (automatic),49.55,393.45,No,0-12,49.18125,2,1
Female,0,Yes,Yes,67,Yes,Yes,Fiber optic,Yes,No,No,Yes,Yes,Yes,Two year,No,Credit card (automatic),106.7,7009.5,No,60+,104.61940298507464,6,1
Female,1,Yes,No,24,Yes,Yes,Fiber optic,No,No,No,No,Yes,Yes,Month-to-month,Yes,Electronic check,93.55,2264.05,Yes,13-24,94.33541666666667,4,1
Female,0,Yes,No,72,Yes,Yes,Fiber optic,Yes,Yes,No,No,No,Yes,Two year,Yes,Credit card (automatic),94.45,6921.7,No,60+,96.13472222222222,5,1
Male,0,Yes,Yes,33,Yes,No,No,No internet service,No internet service,No internet service,No internet service,No internet service,No internet service,One year,Yes,Bank transfer (automatic),19.45,600.25,No,25-48,18.189393939393938,1,0
Male,0,No,No,2,No,No phone service,DSL,No,No,No,No,No,No,Month-to-month,Yes,Electronic check,25.05,56.35,Yes,0-12,28.175,0,1
Male,0,Yes,No,70,Yes,No,DSL,Yes,Yes,No,Yes,No,Yes,Two year,No,Mailed check,67.95,4664.15,No,60+,66.63071428571428,5,1
Female,0,No,No,22,Yes,No,DSL,No,Yes,Yes,No,Yes,No,One year,No,Bank transfer (automatic),65.25,1441.8,No,13-24,65.53636363636363,4,1
Female,0,No,No,59,Yes,Yes,Fiber optic,Yes,Yes,Yes,No,No,Yes,Month-to-month,Yes,Bank transfer (automatic),99.45,5623.7,No,49-60,95.31694915254236,6,1
Male,0,No,No,36,Yes,No,No,No internet service,No internet service,No internet service,No internet service,No internet service,No internet service,One year,Yes,Credit card (automatic),20.35,695.85,No,25-48,19.329166666666666,1,0
Female,0,Yes,Yes,51,Yes,No,No,No internet service,No internet service,No internet service,No internet service,No internet service,No internet service,Two year,No,Mailed check,19.95,1028.75,No,49-60,20.17156862745098,1,0
Male,0,Yes,No,53,Yes,Yes,DSL,Yes,No,Yes,Yes,Yes,No,One year,No,Bank transfer (automatic),77.4,4155.95,No,49-60,78.41415094339622,6,1
Female,0,Yes,Yes,20,Yes,No,No,No internet service,No internet service,No internet service,No internet service,No internet service,No internet service,One year,No,Bank transfer (automatic),19.7,395.6,No,13-24,19.78,1,0
Male,0,Yes,No,63,Yes,No,Fiber optic,Yes,No,Yes,No,Yes,Yes,Two year,No,Credit card (automatic),99.7,6330.4,No,60+,100.48253968253968,5,1
Female,0,No,No,40,Yes,No,Fiber optic,No,Yes,No,No,No,No,Month-to-month,No,Credit card (automatic),74.8,2971.7,No,25-48,74.29249999999999,2,1
Male,0,No,No,35,Yes,No,No,No internet service,No internet service,No internet service,No internet service,No internet service,No internet service,One year,Yes,Mailed check,19.15,638.0,No,25-48,18.228571428571428,1,0
Male,0,Yes,Yes,26,Yes,No,Fiber optic,No,No,No,No,No,Yes,One year,No,Bank transfer (automatic),78.95,2034.25,No,25-48,78.24038461538461,2,1
Male,1,Yes,No,27,Yes,Yes,Fiber optic,No,Yes,Yes,No,No,Yes,Month-to-month,Yes,Electronic check,95.55,2510.2,Yes,25-48,92.97037037037036,5,1
Male,0,No,Yes,53,Yes,No,DSL,Yes,Yes,No,Yes,No,No,One year,No,Credit card (automatic),62.85,3419.5,No,49-60,64.51886792452831,4,1
Male,1,Yes,No,34,Yes,No,Fiber optic,No,No,No,No,No,No,Month-to-month,No,Credit card (automatic),71.55,2427.35,No,25-48,71.39264705882353,1,1
Female,1,Yes,No,19,Yes,Yes,Fiber optic,No,No,No,No,Yes,Yes,Month-to-month,Yes,Electronic check,94.95,1760.25,No,13-24,92.64473684210526,4,1
Male,0,Yes,No,43,Yes,No,Fiber optic,Yes,Yes,Yes,No,No,No,Month-to-month,Yes,Credit card (automatic),86.1,3551.65,No,25-48,82.59651162790698,4,1
Male,0,Yes,Yes,6,Yes,No,No,No internet service,No internet service,No internet service,No internet service,No internet service,No internet service,Month-to-month,No,Mailed check,19.55,122.9,No,0-12,20.48333333333333,1,0
Male,0,No,Yes,56,Yes,Yes,No,No internet service,No internet service,No internet service,No internet service,No internet service,No internet service,Two year,Yes,Mailed check,24.8,1424.2,No,49-60,25.432142857142857,2,0
Male,0,No,No,57,No,No phone service,DSL,No,Yes,No,No,Yes,No,Month-to-month,Yes,Electronic check,39.3,2111.45,Yes,49-60,37.04298245614035,2,1
Male,0,Yes,Yes,34,Yes,No,Fiber optic,No,No,Yes,No,Yes,No,Month-to-month,Yes,Mailed check,84.05,2909.95,No,25-48,85.58676470588235,3,1
Female,0,No,No,10,No,No phone service,DSL,No,Yes,No,Yes,No,No,Month-to-month,No,Electronic check,36.25,374.0,No,0-12,37.4,2,1
Female,0,No,No,1,Yes,No,No,No internet service,No internet service,No internet service,No internet service,No internet service,No internet service,Month-to-month,Yes,Mailed check,20.25,20.25,Yes,0-12,20.25,1,0
Female,0,No,No,13,No,No phone service,DSL,No,No,No,No,No,No,Month-to-month,Yes,Electronic check,23.9,300.8,Yes,13-24,23.138461538461534,0,1
Male,0,No,No,56,Yes,Yes,Fiber optic,No,Yes,No,No,Yes,Yes,Month-to-month,No,Electronic check,98.6,5581.05,No,49-60,99.66160714285716,5,1
Female,0,Yes,No,55,Yes,Yes,Fiber optic,No,Yes,Yes,No,Yes,Yes,Month-to-month,Yes,Credit card (automatic),103.65,5676.65,No,49-60,103.21181818181816,6,1
Female,0,Yes,Yes,36,Yes,Yes,DSL,Yes,Yes,Yes,Yes,Yes,Yes,Two year,Yes,Credit card (automatic),92.9,3379.25,No,25-48,93.86805555555556,8,1
Male,0,Yes,No,47,Yes,No,No,No internet service,No internet service,No internet service,No internet service,No internet service,No internet service,One year,No,Bank transfer (automatic),19.9,942.95,No,25-48,20.06276595744681,1,0
Female,0,Yes,Yes,12,Yes,No,No,No internet service,No internet service,No internet service,No internet service,No internet service,No internet service,Month-to-month,Yes,Credit card (automatic),20.1,232.4,No,0-12,19.366666666666667,1,0
Female,0,No,No,1,Yes,No,Fiber optic,No,No,Yes,No,Yes,No,Month-to-month,Yes,Electronic check,85.45,85.45,Yes,0-12,85.45,3,1
Male,1,No,No,24,Yes,Yes,Fiber optic,No,Yes,No,No,No,No,Month-to-month,Yes,Electronic check,80.5,2088.45,No,13-24,87.01875,3,1
Female,0,No,No,63,Yes,Yes,Fiber optic,No,Yes,No,No,Yes,Yes,One year,No,Bank transfer (automatic),99.9,6137.0,Yes,60+,97.41269841269842,5,1
Female,1,No,No,35,No,No phone service,DSL,No,No,Yes,No,Yes,No,Month-to-month,Yes,Electronic check,39.85,1434.6,No,25-48,40.98857142857143,2,1
Female,0,No,No,67,Yes,No,DSL,Yes,Yes,No,Yes,No,No,One year,No,Credit card (automatic),60.5,3870.0,No,60+,57.76119402985075,4,1
Male,0,No,No,25,Yes,Yes,Fiber optic,No,No,No,No,No,Yes,Month-to-month,Yes,Electronic check,84.8,2043.45,Yes,25-48,81.738,3,1
Male,0,No,No,21,Yes,Yes,Fiber optic,Yes,No,Yes,No,Yes,Yes,Month-to-month,No,Mailed check,103.85,2215.0,No,13-24,105.47619047619048,6,1
Female,0,No,No,13,Yes,No,DSL,Yes,Yes,No,Yes,No,Yes,Month-to-month,No,Bank transfer (automatic),67.8,842.25,No,13-24,64.78846153846153,5,1
Male,0,Yes,No,35,Yes,Yes,Fiber optic,No,No,No,No,No,No,Month-to-month,Yes,Electronic check,75.2,2576.2,Yes,25-48,73.60571428571428,2,1
Male,1,Yes,No,71,Yes,Yes,No,No internet service,No internet service,No internet service,No internet service,No internet service,No internet service,Two year,No,Bank transfer (automatic),24.85,1901.0,No,60+,26.774647887323944,2,0
Female,0,No,No,29,Yes,No,No,No internet service,No internet service,No internet service,No internet service,No internet service,No internet service,Month-to-month,No,Credit card (automatic),19.35,601.6,No,25-48,20.7448275862069,1,0
Male,0,Yes,No,71,No,No phone service,DSL,No,Yes,No,No,Yes,Yes,Two year,No,Electronic check,49.35,3515.25,Yes,60+,49.51056338028169,3,1
Male,1,Yes,No,7,Yes,No,Fiber optic,No,No,No,No,Yes,Yes,Month-to-month,Yes,Electronic check,89.0,605.45,No,0-12,86.49285714285715,3,1
Female,1,No,No,57,No,No phone service,DSL,No,Yes,Yes,No,Yes,Yes,Month-to-month,Yes,Electronic check,55.0,3094.05,No,49-60,54.28157894736842,4,1
Male,0,Yes,No,65,Yes,Yes,DSL,Yes,No,Yes,Yes,No,Yes,Two year,No,Bank transfer (automatic),76.15,4929.55,No,60+,75.83923076923077,6,1
Male,0,No,No,27,Yes,No,No,No internet service,No internet service,No internet service,No internet service,No internet service,No internet service,One year,No,Mailed check,20.3,595.05,No,25-48,22.038888888888888,1,0
Male,0,No,No,6,Yes,Yes,Fiber optic,No,No,No,No,No,No,Month-to-month,Yes,Electronic check,74.9,469.8,Yes,0-12,78.3,2,1
Female,1,No,No,72,Yes,Yes,Fiber optic,Yes,Yes,Yes,Yes,Yes,Yes,Two year,Yes,Credit card (automatic),117.35,8436.25,No,60+,117.17013888888889,8,1
Male,0,No,No,1,Yes,No,No,No internet service,No internet service,No internet service,No internet service,No internet service,No internet service,Month-to-month,Yes,Mailed check,19.75,19.75,No,0-12,19.75,1,0
Male,0,No,No,11,Yes,No,DSL,No,No,No,No,No,No,Month-to-month,No,Credit card (automatic),45.2,492.0,No,0-12,44.72727272727273,1,1
Male,0,Yes,Yes,39,Yes,Yes,No,No internet service,No internet service,No internet service,No internet service,No internet service,No internet service,Two year,No,Mailed check,25.2,987.95,No,25-48,25.33205128205128,2,0
Female,1,No,No,59,Yes,Yes,Fiber optic,Yes,Yes,Yes,No,No,No,Month-to-month,Yes,Electronic check,89.75,5496.9,No,49-60,93.16779661016948,5,1
Male,0,No,No,26,Yes,No,DSL,Yes,No,No,Yes,Yes,Yes,One year,No,Bank transfer (automatic),75.0,1908.35,No,25-48,73.39807692307691,5,1
Male,1,No,No,2,Yes,No,DSL,No,No,Yes,No,No,No,Month-to-month,No,Mailed check,49.95,107.1,No,0-12,53.55,2,1
Female,0,Yes,Yes,72,No,No phone service,DSL,Yes,Yes,Yes,Yes,Yes,Yes,Two year,No,Bank transfer (automatic),65.7,4575.35,No,60+,63.54652777777778,6,1
Male,0,Yes,No,65,Yes,Yes,DSL,Yes,Yes,Yes,No,No,No,One year,No,Credit card (automatic),67.05,4309.55,No,60+,66.30076923076923,5,1
Male,0,Yes,Yes,72,Yes,Yes,Fiber optic,No,Yes,Yes,Yes,Yes,Yes,Two year,No,Credit card (automatic),110.9,7922.75,No,60+,110.03819444444444,7,1
Male,0,No,No,6,Yes,Yes,Fiber optic,No,No,No,Yes,No,Yes,Month-to-month,Yes,Bank transfer (automatic),87.95,522.35,No,0-12,87.05833333333334,4,1
Male,1,No,No,32,Yes,No,No,No internet service,No internet service,No internet service,No internet service,No internet service,No internet service,One year,No,Credit card (automatic),19.8,587.7,No,25-48,18.365625,1,0
Female,0,Yes,No,50,Yes,Yes,DSL,No,No,Yes,No,Yes,Yes,One year,No,Bank transfer (automatic),75.7,3876.2,No,49-60,77.524,5,1
Male,0,Yes,No,61,No,No phone service,DSL,Yes,No,Yes,Yes,Yes,Yes,Two year,Yes,Mailed check,62.15,3778.85,No,60+,61.9483606557377,5,1
Female,0,No,No,15,Yes,No,Fiber optic,No,Yes,Yes,No,Yes,Yes,Month-to-month,Yes,Electronic check,101.25,1457.25,Yes,13-24,97.15,5,1
Male,0,Yes,No,72,Yes,Yes,Fiber optic,Yes,Yes,Yes,Yes,Yes,Yes,Two year,No,Bank transfer (automatic),115.15,8349.45,No,60+,115.96458333333334,8,1
Male,0,No,No,9,Yes,No,No,No internet service,No internet service,No internet service,No internet service,No internet service,No internet service,Month-to-month,Yes,Mailed check,18.95,185.6,Yes,0-12,20.62222222222222,1,0
Female,0,No,No,1,Yes,No,No,No internet service,No internet service,No internet service,No internet service,No internet service,No internet service,Month-to-month,No,Mailed check,19.5,19.5,No,0-12,19.5,1,0
Female,0,No,No,12,Yes,Yes,Fiber optic,No,No,No,No,No,Yes,Month-to-month,Yes,Electronic check,86.55,1066.9,No,0-12,88.90833333333335,3,1
Female,0,No,No,37,No,No phone service,DSL,No,No,No,Yes,No,No,Month-to-month,No,Credit card (automatic),28.6,973.55,Yes,25-48,26.31216216216216,1,1
Male,0,Yes,Yes,61,Yes,No,No,No internet service,No internet service,No internet service,No internet service,No internet service,No internet service,One year,No,Mailed check,20.4,1226.45,No,60+,20.105737704918035,1,0
Male,0,Yes,Yes,18,Yes,No,No,No internet service,No internet service,No internet service,No internet service,No internet service,No internet service,One year,No,Bank transfer (automatic),19.8,342.3,No,13-24,19.016666666666666,1,0
Male,0,No,Yes,21,Yes,No,DSL,No,No,No,No,No,No,Month-to-month,No,Mailed check,45.65,985.05,No,13-24,46.90714285714286,1,1
Male,0,Yes,Yes,68,No,No phone service,DSL,Yes,Yes,Yes,Yes,No,Yes,Two year,Yes,Mailed check,56.4,3948.45,No,60+,58.065441176470586,5,1
Male,1,No,No,12,Yes,Yes,Fiber optic,No,No,No,No,No,No,Month-to-month,Yes,Credit card (automatic),73.3,828.05,No,0-12,69.00416666666666,2,1
Female,1,No,No,2,No,No phone service,DSL,No,No,No,No,No,No,Month-to-month,No,Electronic check,24.35,41.85,Yes,0-12,20.925,0,1
Female,0,Yes,No,62,Yes,Yes,Fiber optic,No,No,Yes,No,Yes,Yes,Month-to-month,Yes,Electronic check,101.35,6164.7,No,60+,99.43064516129031,5,1
Female,1,No,No,29,Yes,Yes,Fiber optic,No,No,No,Yes,Yes,Yes,Month-to-month,No,Electronic check,98.65,2862.75,Yes,25-48,98.71551724137932,5,1
Male,0,No,Yes,1,No,No phone service,DSL,No,Yes,No,Yes,No,No,Month-to-month,No,Mailed check,33.6,33.6,No,0-12,33.6,2,1
Male,1,Yes,No,5,Yes,Yes,Fiber optic,No,No,Yes,No,No,No,Month-to-month,Yes,Bank transfer (automatic),79.9,343.95,Yes,0-12,68.78999999999999,3,1
Female,0,No,No,1,Yes,No,No,No internet service,No internet service,No internet service,No internet service,No internet service,No internet service,Month-to-month,No,Electronic check,20.7,20.7,No,0-12,20.7,1,0
Male,0,No,Yes,62,Yes,Yes,Fiber optic,No,No,Yes,Yes,Yes,Yes,Two year,Yes,Electronic check,104.05,6590.5,No,60+,106.2983870967742,6,1
Female,0,Yes,Yes,36,Yes,No,No,No internet service,No internet service,No internet service,No internet service,No internet service,No internet service,Two year,No,Bank transfer (automatic),20.25,717.95,No,25-48,19.94305555555556,1,0
Female,1,No,No,28,Yes,Yes,Fiber optic,No,No,Yes,Yes,Yes,Yes,Month-to-month,Yes,Electronic check,103.3,2890.65,Yes,25-48,103.2375,6,1
Female,0,Yes,Yes,69,Yes,Yes,DSL,Yes,Yes,No,Yes,Yes,No,One year,No,Credit card (automatic),73.7,4885.85,No,60+,70.80942028985508,6,1
Female,0,Yes,No,11,Yes,Yes,Fiber optic,Yes,No,No,Yes,Yes,No,Month-to-month,Yes,Credit card (automatic),96.2,1222.05,Yes,0-12,111.09545454545454,5,1
Female,0,Yes,No,63,Yes,Yes,Fiber optic,No,Yes,Yes,Yes,Yes,Yes,Month-to-month,Yes,Electronic check,108.75,6871.7,No,60+,109.07460317460315,7,1
Male,0,No,No,23,Yes,No,No,No internet service,No internet service,No internet service,No internet service,No internet service,No internet service,One year,No,Bank transfer (automatic),20.15,405.6,No,13-24,17.63478260869565,1,0
Male,0,No,No,10,Yes,No,No,No internet service,No internet service,No internet service,No internet service,No internet service,No internet service,Month-to-month,No,Credit card (automatic),19.75,208.25,No,0-12,20.825,1,0
Female,0,Yes,No,71,Yes,Yes,No,No internet service,No internet service,No internet service,No internet service,No internet service,No internet service,Two year,Yes,Credit card (automatic),25.95,1801.9,No,60+,25.378873239436626,2,0
Female,1,No,No,45,Yes,Yes,DSL,Yes,No,No,Yes,No,Yes,Month-to-month,Yes,Electronic check,70.05,3062.45,No,25-48,68.05444444444444,5,1
Female,0,Yes,Yes,70,Yes,Yes,No,No internet service,No internet service,No internet service,No internet service,No internet service,No internet service,Two year,No,Mailed check,24.05,1764.75,No,60+,25.210714285714285,2,0
Female,0,No,Yes,22,Yes,Yes,Fiber optic,No,No,No,No,No,Yes,Month-to-month,Yes,Electronic check,84.75,1816.75,No,13-24,82.57954545454545,3,1
Female,0,Yes,Yes,52,Yes,Yes,No,No internet service,No internet service,No internet service,No internet service,No internet service,No internet service,Two year,No,Mailed check,23.05,1255.1,No,49-60,24.13653846153846,2,0
Male,0,Yes,No,55,Yes,Yes,Fiber optic,No,No,Yes,Yes,Yes,Yes,One year,Yes,Electronic check,104.15,5743.05,Yes,49-60,104.41909090909093,6,1
Female,0,No,No,65,No,No phone service,DSL,Yes,No,Yes,Yes,Yes,Yes,Two year,No,Credit card (automatic),59.95,3921.1,No,60+,60.324615384615385,5,1
Female,0,Yes,Yes,72,Yes,No,No,No internet service,No internet service,No internet service,No internet service,No internet service,No internet service,Two year,No,Bank transfer (automatic),19.55,1463.45,No,60+,20.325694444444444,1,0
Male,0,Yes,No,10,Yes,No,No,No internet service,No internet service,No internet service,No internet service,No internet service,No internet service,One year,No,Bank transfer (automatic),19.6,189.45,No,0-12,18.945,1,0
Female,0,No,Yes,7,Yes,No,No,No internet service,No internet service,No internet service,No internet service,No internet service,No internet service,One year,No,Mailed check,20.05,96.8,No,0-12,13.828571428571427,1,0
Male,1,No,No,5,Yes,No,Fiber optic,No,Yes,No,No,No,Yes,Month-to-month,Yes,Electronic check,85.55,408.5,No,0-12,81.7,3,1
Female,0,Yes,Yes,24,Yes,Yes,DSL,Yes,No,Yes,No,Yes,Yes,Two year,No,Credit card (automatic),78.6,1846.65,No,13-24,76.94375000000001,6,1
Female,0,Yes,Yes,72,Yes,Yes,Fiber optic,Yes,Yes,Yes,Yes,Yes,Yes,Two year,Yes,Credit card (automatic),116.8,8456.75,No,60+,117.45486111111111,8,1
Male,0,No,No,21,No,No phone service,DSL,Yes,No,No,Yes,Yes,No,Month-to-month,Yes,Mailed check,43.55,1011.5,No,13-24,48.16666666666666,3,1
Male,0,Yes,No,69,No,No phone service,DSL,No,Yes,Yes,Yes,Yes,Yes,One year,Yes,Credit card (automatic),60.8,4263.4,No,60+,61.78840579710145,5,1
Male,0,Yes,Yes,44,Yes,No,DSL,No,Yes,No,Yes,No,No,Month-to-month,Yes,Bank transfer (automatic),54.9,2549.1,No,25-48,57.934090909090905,3,1
Female,1,Yes,Yes,61,Yes,Yes,DSL,No,No,Yes,No,Yes,No,One year,Yes,Electronic check,65.2,3965.05,No,60+,65.00081967213114,4,1
Male,1,No,No,24,Yes,Yes,Fiber optic,No,Yes,Yes,No,Yes,Yes,Month-to-month,Yes,Credit card (automatic),102.95,2496.7,Yes,13-24,104.02916666666664,6,1
Female,0,No,No,1,Yes,No,Fiber optic,No,No,No,No,Yes,Yes,Month-to-month,No,Electronic check,90.6,90.6,Yes,0-12,90.6,3,1
Female,0,No,No,6,Yes,No,DSL,No,No,No,Yes,No,No,Month-to-month,Yes,Bank transfer (automatic),50.8,288.05,Yes,0-12,48.00833333333333,2,1
Male,0,No,No,4,Yes,Yes,Fiber optic,No,Yes,No,No,No,Yes,Month-to-month,Yes,Electronic check,90.05,368.1,Yes,0-12,92.025,4,1
Male,0,Yes,No,72,Yes,Yes,Fiber optic,No,Yes,Yes,Yes,Yes,Yes,Two year,Yes,Electronic check,108.2,7840.6,No,60+,108.89722222222224,7,1
Male,0,No,No,72,Yes,Yes,DSL,Yes,Yes,Yes,Yes,Yes,Yes,Two year,No,Bank transfer (automatic),92.0,6632.75,No,60+,92.12152777777776,8,1
Male,1,Yes,No,14,Yes,Yes,Fiber optic,No,No,No,No,No,No,Month-to-month,Yes,Electronic check,75.1,1013.35,No,13-24,72.38214285714285,2,1
Male,0,No,No,7,Yes,Yes,No,No internet service,No internet service,No internet service,No internet service,No internet service,No internet service,Month-to-month,Yes,Bank transfer (automatic),25.05,152.95,No,0-12,21.85,2,0
Female,0,No,No,48,Yes,No,Fiber optic,No,Yes,No,No,No,No,One year,No,Electronic check,75.15,3772.65,No,25-48,78.596875,2,1
Male,0,Yes,Yes,55,Yes,No,No,No internet service,No internet service,No internet service,No internet service,No internet service,No internet service,One year,No,Mailed check,19.5,1026.35,No,49-60,18.66090909090909,1,0
Male,0,No,No,1,Yes,No,No,No internet service,No internet service,No internet service,No internet service,No internet service,No internet service,Month-to-month,No,Credit card (automatic),19.3,19.3,No,0-12,19.3,1,0
Male,0,No,No,45,Yes,No,Fiber optic,Yes,Yes,Yes,Yes,Yes,Yes,One year,No,Credit card (automatic),112.2,5031.85,No,25-48,111.81888888888888,7,1
Male,0,No,No,3,Yes,No,Fiber optic,No,No,No,No,No,No,Month-to-month,Yes,Mailed check,70.3,220.4,No,0-12,73.46666666666667,1,1
Female,0,Yes,No,71,Yes,No,No,No internet service,No internet service,No internet service,No internet service,No internet service,No internet service,Two year,No,Mailed check,19.6,1416.5,No,60+,19.950704225352112,1,0
Male,0,Yes,No,8,Yes,No,No,No internet service,No internet service,No internet service,No internet service,No internet service,No internet service,Month-to-month,No,Mailed check,20.25,158.35,No,0-12,19.79375,1,0
Female,0,Yes,No,3,Yes,Yes,Fiber optic,No,No,No,No,No,No,Month-to-month,Yes,Electronic check,75.85,256.6,Yes,0-12,85.53333333333335,2,1
Male,0,Yes,Yes,69,Yes,No,DSL,Yes,Yes,No,Yes,Yes,Yes,Two year,No,Bank transfer (automatic),80.65,5542.55,No,60+,80.3268115942029,6,1
Male,0,Yes,Yes,1,Yes,No,Fiber optic,No,No,No,No,No,No,Month-to-month,Yes,Electronic check,68.5,68.5,Yes,0-12,68.5,1,1
Female,1,Yes,No,72,Yes,Yes,Fiber optic,Yes,Yes,Yes,Yes,Yes,Yes,Two year,Yes,Credit card (automatic),115.75,8443.7,No,60+,117.27361111111112,8,1
Male,0,No,No,11,Yes,No,Fiber optic,Yes,No,No,No,No,No,Month-to-month,Yes,Electronic check,73.5,791.75,Yes,0-12,71.97727272727273,2,1
Male,0,No,No,71,Yes,Yes,DSL,Yes,Yes,Yes,Yes,No,Yes,Two year,No,Bank transfer (automatic),80.6,5708.2,No,60+,80.39718309859154,7,1
Female,0,No,No,1,Yes,No,Fiber optic,No,No,No,No,No,No,Month-to-month,Yes,Mailed check,69.95,69.95,Yes,0-12,69.95,1,1
Female,0,Yes,No,33,No,No phone service,DSL,Yes,No,Yes,Yes,Yes,Yes,Two year,No,Bank transfer (automatic),59.55,2016.3,No,25-48,61.1,5,1
Female,0,No,No,16,Yes,No,No,No internet service,No internet service,No internet service,No internet service,No internet service,No internet service,One year,No,Mailed check,19.05,326.65,No,13-24,20.415625,1,0
Female,1,Yes,No,56,Yes,Yes,Fiber optic,Yes,Yes,Yes,Yes,No,No,One year,No,Electronic check,95.65,5471.75,No,49-60,97.70982142857144,6,1
Female,0,No,No,1,Yes,No,No,No internet service,No internet service,No internet service,No internet service,No internet service,No internet service,Month-to-month,No,Credit card (automatic),19.95,19.95,No,0-12,19.95,1,0
Male,0,No,No,5,Yes,No,DSL,No,No,Yes,No,Yes,Yes,Month-to-month,Yes,Electronic check,70.05,346.4,Yes,0-12,69.28,4,1
Male,0,Yes,Yes,57,Yes,No,No,No internet service,No internet service,No internet service,No internet service,No internet service,No internet service,One year,No,Mailed check,19.4,1061.6,No,49-60,18.62456140350877,1,0
Male,0,Yes,Yes,56,No,No phone service,DSL,No,Yes,Yes,No,No,No,One year,Yes,Credit card (automatic),36.1,1971.5,No,49-60,35.205357142857146,2,1
Male,0,No,No,8,Yes,Yes,Fiber optic,No,Yes,Yes,No,Yes,No,Month-to-month,Yes,Electronic check,94.0,773.65,Yes,0-12,96.70625,5,1
Female,0,Yes,Yes,22,Yes,No,DSL,Yes,Yes,Yes,No,No,No,Month-to-month,No,Mailed check,61.15,1422.05,Yes,13-24,64.63863636363637,4,1
Female,0,No,No,1,Yes,No,No,No internet service,No internet service,No internet service,No internet service,No internet service,No internet service,Month-to-month,No,Mailed check,19.75,19.75,No,0-12,19.75,1,0
Female,0,No,Yes,40,Yes,No,DSL,Yes,No,No,Yes,Yes,No,Month-to-month,Yes,Credit card (automatic),64.1,2460.35,No,25-48,61.50875,4,1
Male,0,Yes,Yes,46,Yes,No,No,No internet service,No internet service,No internet service,No internet service,No internet service,No internet service,Two year,No,Credit card (automatic),19.75,856.5,No,25-48,18.619565217391305,1,0
Male,0,Yes,Yes,63,Yes,No,No,No internet service,No internet service,No internet service,No internet service,No internet service,No internet service,Two year,No,Mailed check,19.7,1275.85,No,60+,20.2515873015873,1,0
Male,0,Yes,Yes,68,Yes,Yes,Fiber optic,Yes,Yes,Yes,No,Yes,Yes,Two year,Yes,Electronic check,110.2,7467.5,No,60+,109.81617647058825,7,1
Male,0,Yes,Yes,69,Yes,No,Fiber optic,Yes,Yes,No,Yes,Yes,Yes,Two year,Yes,Credit card (automatic),106.35,7261.75,No,60+,105.2427536231884,6,1
Female,0,Yes,No,56,Yes,Yes,Fiber optic,No,Yes,Yes,Yes,No,No,Month-to-month,No,Electronic check,90.55,5116.6,No,49-60,91.36785714285716,5,1
Female,0,Yes,Yes,10,Yes,No,DSL,No,Yes,Yes,No,No,Yes,One year,Yes,Mailed check,65.9,660.05,No,0-12,66.005,4,1
Male,0,No,No,63,Yes,Yes,Fiber optic,Yes,Yes,Yes,Yes,Yes,No,One year,No,Credit card (automatic),104.5,6590.8,No,60+,104.61587301587302,7,1
Female,0,Yes,Yes,24,No,No phone service,DSL,Yes,Yes,Yes,Yes,No,Yes,Two year,Yes,Mailed check,52.5,1208.15,No,13-24,50.33958333333334,5,1
Female,0,No,No,19,Yes,Yes,DSL,No,No,Yes,No,No,No,Month-to-month,Yes,Mailed check,56.1,1033.9,No,13-24,54.41578947368421,3,1
Male,0,Yes,Yes,22,Yes,Yes,Fiber optic,No,No,Yes,No,Yes,No,Month-to-month,Yes,Electronic check,88.75,1885.15,No,13-24,85.68863636363636,4,1
Male,0,Yes,No,29,Yes,Yes,Fiber optic,Yes,Yes,No,No,No,No,Month-to-month,Yes,Electronic check,84.45,2467.1,Yes,25-48,85.07241379310345,4,1
Male,0,Yes,No,13,Yes,Yes,DSL,No,No,Yes,No,Yes,Yes,One year,Yes,Mailed check,75.3,989.45,Yes,13-24,76.11153846153846,5,1
Female,0,Yes,No,70,Yes,Yes,No,No internet service,No internet service,No internet service,No internet service,No internet service,No internet service,Two year,Yes,Bank transfer (automatic),26.0,2006.95,No,60+,28.670714285714286,2,0
Female,0,Yes,No,49,Yes,No,Fiber optic,No,Yes,Yes,No,Yes,Yes,Month-to-month,No,Electronic check,99.4,5025.0,No,49-60,102.55102040816328,5,1
Female,1,Yes,No,43,Yes,Yes,Fiber optic,Yes,No,Yes,Yes,Yes,Yes,One year,Yes,Mailed check,109.55,4830.25,Yes,25-48,112.3313953488372,7,1
Female,0,No,No,3,Yes,No,No,No internet service,No internet service,No internet service,No internet service,No internet service,No internet service,Month-to-month,Yes,Mailed check,19.6,59.75,Yes,0-12,19.916666666666668,1,0
Male,0,Yes,Yes,42,Yes,No,DSL,No,No,Yes,Yes,Yes,Yes,One year,No,Electronic check,73.15,3088.25,No,25-48,73.5297619047619,5,1
Male,0,No,No,57,Yes,No,DSL,No,Yes,No,Yes,No,No,One year,Yes,Mailed check,54.65,3134.7,No,49-60,54.99473684210526,3,1
Male,1,No,No,2,Yes,No,DSL,Yes,No,Yes,No,Yes,No,Month-to-month,No,Bank transfer (automatic),66.4,94.55,Yes,0-12,47.275,4,1
Female,0,Yes,No,72,Yes,Yes,Fiber optic,Yes,Yes,Yes,Yes,Yes,Yes,Two year,Yes,Credit card (automatic),115.55,8312.4,No,60+,115.45,8,1
Female,1,No,No,46,Yes,Yes,Fiber optic,No,Yes,Yes,No,Yes,Yes,Month-to-month,Yes,Electronic check,104.45,4863.85,No,25-48,105.7358695652174,6,1
Male,1,Yes,No,66,Yes,Yes,Fiber optic,No,No,No,Yes,Yes,Yes,Month-to-month,Yes,Credit card (automatic),100.05,6871.9,Yes,60+,104.11969696969696,5,1
Male,0,No,No,62,Yes,Yes,Fiber optic,Yes,Yes,No,Yes,No,Yes,One year,No,Electronic check,102.0,6529.25,Yes,60+,105.31048387096774,6,1
Female,0,Yes,No,72,Yes,Yes,DSL,Yes,Yes,Yes,Yes,Yes,Yes,Two year,Yes,Bank transfer (automatic),91.15,6637.9,No,60+,92.19305555555556,8,1
Male,0,Yes,Yes,35,Yes,No,Fiber optic,No,Yes,No,Yes,Yes,No,One year,Yes,Electronic check,89.7,3165.6,No,25-48,90.44571428571427,4,1
Male,0,Yes,No,17,Yes,Yes,Fiber optic,Yes,Yes,Yes,No,No,No,Month-to-month,No,Credit card (automatic),90.2,1454.15,Yes,13-24,85.53823529411765,5,1
Female,0,Yes,No,72,Yes,Yes,DSL,Yes,Yes,Yes,Yes,Yes,Yes,Two year,Yes,Electronic check,92.4,6786.1,No,60+,94.2513888888889,8,1
Female,0,Yes,Yes,28,Yes,No,No,No internet service,No internet service,No internet service,No internet service,No internet service,No internet service,One year,No,Mailed check,19.9,543.0,No,25-48,19.392857142857142,1,0
Male,0,Yes,No,56,Yes,Yes,No,No internet service,No internet service,No internet service,No internet service,No internet service,No internet service,Two year,Yes,Credit card (automatic),25.15,1327.15,Yes,49-60,23.699107142857144,2,0
Female,0,No,No,31,Yes,Yes,Fiber optic,No,No,No,Yes,No,No,Month-to-month,Yes,Credit card (automatic),79.85,2404.15,Yes,25-48,77.55322580645162,3,1
Male,0,No,No,45,Yes,No,No,No internet service,No internet service,No internet service,No internet service,No internet service,No internet service,One year,No,Bank transfer (automatic),18.85,867.3,No,25-48,19.273333333333333,1,0
Female,0,No,No,1,Yes,Yes,No,No internet service,No internet service,No internet service,No internet service,No internet service,No internet service,Month-to-month,Yes,Mailed check,25.75,25.75,No,0-12,25.75,2,0
Female,0,No,No,2,Yes,No,DSL,No,Yes,No,No,No,No,Month-to-month,Yes,Mailed check,49.6,114.7,Yes,0-12,57.35,2,1
Female,0,No,No,6,Yes,No,No,No internet service,No internet service,No internet service,No internet service,No internet service,No internet service,Month-to-month,Yes,Mailed check,20.95,109.5,No,0-12,18.25,1,0
Female,0,Yes,No,48,Yes,No,Fiber optic,No,Yes,Yes,No,Yes,Yes,One year,Yes,Electronic check,97.05,4692.95,No,25-48,97.76979166666666,5,1
Male,0,Yes,Yes,25,Yes,Yes,No,No internet service,No internet service,No internet service,No internet service,No internet service,No internet service,Month-to-month,Yes,Bank transfer (automatic),25.4,546.85,No,25-48,21.874,2,0
Male,0,Yes,Yes,64,Yes,No,No,No internet service,No internet service,No internet service,No internet service,No internet service,No internet service,Two year,Yes,Bank transfer (automatic),19.7,1274.05,No,60+,19.90703125,1,0
Male,0,No,No,50,No,No phone service,DSL,Yes,Yes,No,No,No,No,Month-to-month,Yes,Mailed check,35.0,1782.4,No,49-60,35.648,2,1
Female,0,Yes,Yes,52,Yes,Yes,Fiber optic,No,No,Yes,No,Yes,Yes,One year,No,Bank transfer (automatic),101.25,5301.1,No,49-60,101.94423076923076,5,1
Male,1,Yes,No,4,Yes,No,Fiber optic,No,No,No,No,No,No,Month-to-month,Yes,Electronic check,70.2,280.35,No,0-12,70.0875,1,1
Female,1,No,No,32,Yes,No,Fiber optic,No,No,No,No,Yes,Yes,Month-to-month,No,Electronic check,90.95,2897.95,No,25-48,90.5609375,3,1
Male,0,Yes,Yes,45,Yes,Yes,DSL,Yes,Yes,No,Yes,Yes,No,Two year,No,Credit card (automatic),73.85,3371.0,No,25-48,74.91111111111111,6,1
Male,0,Yes,No,9,Yes,Yes,Fiber optic,Yes,No,No,No,No,Yes,Month-to-month,Yes,Electronic check,88.05,801.3,No,0-12,89.03333333333333,4,1
Female,1,Yes,No,66,Yes,Yes,Fiber optic,No,No,Yes,Yes,Yes,Yes,One year,Yes,Credit card (automatic),105.95,6975.25,Yes,60+,105.68560606060606,6,1
Male,0,No,Yes,3,Yes,Yes,Fiber optic,No,No,Yes,No,No,Yes,Month-to-month,No,Electronic check,91.85,257.05,Yes,0-12,85.68333333333334,4,1
Female,0,No,No,54,Yes,No,No,No internet service,No internet service,No internet service,No internet service,No internet service,No internet service,Two year,No,Mailed check,20.1,1079.45,No,49-60,19.989814814814817,1,0
Female,0,Yes,Yes,1,No,No phone service,DSL,No,No,No,Yes,Yes,No,Month-to-month,No,Electronic check,40.1,40.1,Yes,0-12,40.1,2,1
Female,0,Yes,Yes,64,Yes,Yes,Fiber optic,Yes,Yes,No,Yes,Yes,Yes,Two year,No,Bank transfer (automatic),110.3,6997.3,No,60+,109.3328125,7,1
Female,1,No,No,31,Yes,Yes,Fiber optic,No,No,No,No,No,No,Month-to-month,Yes,Electronic check,73.9,2217.15,Yes,25-48,71.5209677419355,2,1
Female,0,No,No,14,Yes,No,Fiber optic,No,No,No,No,Yes,Yes,Month-to-month,Yes,Mailed check,89.8,1129.1,Yes,13-24,80.64999999999999,3,1
Female,0,No,No,12,Yes,No,Fiber optic,Yes,No,No,No,Yes,No,One year,Yes,Credit card (automatic),85.15,979.05,No,0-12,81.58749999999999,3,1
Male,1,Yes,No,67,Yes,No,DSL,Yes,Yes,No,Yes,No,No,One year,Yes,Bank transfer (automatic),60.95,4119.4,No,60+,61.48358208955224,4,1
Female,0,Yes,Yes,35,Yes,Yes,DSL,Yes,No,Yes,Yes,Yes,No,Month-to-month,No,Electronic check,72.25,2568.55,Yes,25-48,73.38714285714286,6,1
Female,0,No,No,45,Yes,Yes,DSL,Yes,No,No,Yes,No,Yes,Two year,No,Mailed check,73.55,3349.1,No,25-48,74.42444444444445,5,1
Male,0,No,No,10,Yes,No,DSL,No,No,No,No,No,No,Month-to-month,No,Mailed check,46.0,492.1,No,0-12,49.21,1,1
Female,1,No,No,29,Yes,Yes,DSL,Yes,Yes,No,No,No,No,Month-to-month,Yes,Bank transfer (automatic),58.55,1718.95,No,25-48,59.27413793103448,4,1
Female,0,No,No,24,Yes,Yes,No,No internet service,No internet service,No internet service,No internet service,No internet service,No internet service,One year,No,Bank transfer (automatic),24.6,605.25,No,13-24,25.21875,2,0
Male,0,Yes,Yes,66,Yes,No,No,No internet service,No internet service,No internet service,No internet service,No internet service,No internet service,Two year,Yes,Mailed check,19.75,1344.5,No,60+,20.37121212121212,1,0
Male,0,No,No,51,Yes,No,Fiber optic,Yes,No,No,No,Yes,No,One year,No,Mailed check,86.35,4267.15,No,49-60,83.66960784313724,3,1
Female,0,Yes,No,45,Yes,Yes,No,No internet service,No internet service,No internet service,No internet service,No internet service,No internet service,Two year,No,Mailed check,25.5,1121.05,No,25-48,24.912222222222223,2,0
Female,0,Yes,No,49,Yes,No,No,No internet service,No internet service,No internet service,No internet service,No internet service,No internet service,One year,No,Credit card (automatic),19.0,918.7,No,49-60,18.748979591836736,1,0
Female,0,Yes,No,29,Yes,No,No,No internet service,No internet service,No internet service,No internet service,No internet service,No internet service,Two year,Yes,Mailed check,19.55,521.8,No,25-48,17.99310344827586,1,0
Male,0,Yes,Yes,40,Yes,Yes,Fiber optic,Yes,Yes,No,Yes,Yes,Yes,Month-to-month,Yes,Credit card (automatic),110.1,4469.1,No,25-48,111.7275,7,1
Female,1,No,No,37,Yes,Yes,Fiber optic,No,No,No,No,Yes,Yes,Month-to-month,Yes,Electronic check,96.55,3580.3,Yes,25-48,96.76486486486488,4,1
Male,0,No,No,25,Yes,No,Fiber optic,No,No,No,No,No,No,Month-to-month,No,Electronic check,69.75,1729.35,No,25-48,69.17399999999999,1,1
Female,0,No,No,22,No,No phone service,DSL,No,No,Yes,No,Yes,Yes,Month-to-month,Yes,Electronic check,50.6,1073.3,No,13-24,48.78636363636363,3,1
Male,0,No,No,72,No,No phone service,DSL,Yes,Yes,Yes,Yes,Yes,Yes,Two year,Yes,Bank transfer (automatic),65.6,4566.5,No,60+,63.42361111111112,6,1
Female,0,No,No,7,No,No phone service,DSL,No,Yes,No,No,No,Yes,Month-to-month,Yes,Credit card (automatic),40.1,293.3,Yes,0-12,41.9,2,1
Male,0,Yes,Yes,33,Yes,No,DSL,No,Yes,Yes,Yes,Yes,Yes,Two year,No,Credit card (automatic),82.1,2603.1,No,25-48,78.88181818181818,6,1
Female,0,No,No,23,Yes,No,Fiber optic,No,Yes,No,Yes,No,No,Month-to-month,Yes,Mailed check,79.1,1783.75,No,13-24,77.55434782608695,3,1
Male,1,No,No,24,Yes,Yes,Fiber optic,No,Yes,No,No,Yes,Yes,Month-to-month,Yes,Electronic check,101.25,2440.15,Yes,13-24,101.67291666666668,5,1
Female,0,No,No,1,Yes,No,Fiber optic,No,No,No,No,Yes,No,Month-to-month,No,Electronic check,79.55,79.55,Yes,0-12,79.55,2,1
Male,0,No,No,69,Yes,Yes,DSL,Yes,Yes,Yes,Yes,Yes,Yes,Two year,No,Mailed check,90.65,6322.1,No,60+,91.62463768115944,8,1
Female,0,No,Yes,3,Yes,No,No,No internet service,No internet service,No internet service,No internet service,No internet service,No internet service,One year,Yes,Credit card (automatic),20.55,57.4,No,0-12,19.133333333333333,1,0
Male,0,No,No,56,Yes,No,DSL,No,Yes,No,Yes,Yes,Yes,One year,Yes,Bank transfer (automatic),75.75,4284.65,No,49-60,76.51160714285713,5,1
Male,0,No,No,65,Yes,Yes,Fiber optic,Yes,No,Yes,Yes,Yes,Yes,One year,Yes,Credit card (automatic),110.0,7138.65,No,60+,109.8253846153846,7,1
Male,0,Yes,No,71,Yes,No,No,No internet service,No internet service,No internet service,No internet service,No internet service,No internet service,One year,No,Electronic check,20.85,1539.75,No,60+,21.68661971830986,1,0
Female,1,No,No,14,Yes,Yes,Fiber optic,No,No,Yes,No,No,No,Month-to-month,Yes,Bank transfer (automatic),80.35,1058.1,No,13-24,75.57857142857142,3,1
Female,0,No,No,2,Yes,No,Fiber optic,No,No,No,No,No,No,Month-to-month,Yes,Electronic check,70.15,123.8,No,0-12,61.9,1,1
Female,0,No,No,32,Yes,Yes,Fiber optic,No,No,No,No,Yes,No,One year,No,Electronic check,84.05,2781.85,Yes,25-48,86.9328125,3,1
Male,0,No,No,40,Yes,No,DSL,Yes,No,Yes,No,No,Yes,Month-to-month,No,Electronic check,67.45,2731.0,No,25-48,68.275,4,1
Male,0,No,No,1,Yes,No,No,No internet service,No internet service,No internet service,No internet service,No internet service,No internet service,Month-to-month,No,Credit card (automatic),20.75,20.75,No,0-12,20.75,1,0
Male,0,No,No,1,Yes,No,Fiber optic,No,No,No,No,Yes,Yes,Month-to-month,Yes,Electronic check,89.1,89.1,Yes,0-12,89.1,3,1
Female,0,No,No,7,Yes,No,Fiber optic,No,No,No,No,No,No,Month-to-month,Yes,Mailed check,69.9,497.3,No,0-12,71.04285714285714,1,1
Female,0,Yes,No,15,Yes,Yes,DSL,No,No,No,No,No,No,Month-to-month,Yes,Electronic check,51.1,711.15,No,13-24,47.41,2,1
Female,0,Yes,Yes,17,Yes,Yes,Fiber optic,Yes,No,Yes,No,Yes,No,Month-to-month,No,Electronic check,94.4,1607.2,Yes,13-24,94.54117647058824,5,1
Male,0,No,No,19,Yes,No,Fiber optic,No,Yes,Yes,No,No,No,Month-to-month,Yes,Electronic check,78.25,1490.95,Yes,13-24,78.47105263157896,3,1
Male,0,No,No,71,Yes,Yes,No,No internet service,No internet service,No internet service,No internet service,No internet service,No internet service,Two year,No,Bank transfer (automatic),25.55,1898.1,No,60+,26.73380281690141,2,0
Female,0,Yes,Yes,54,Yes,Yes,DSL,Yes,No,No,Yes,No,No,Two year,No,Bank transfer (automatic),60.0,3273.95,No,49-60,60.6287037037037,4,1
Male,0,Yes,No,31,Yes,Yes,Fiber optic,Yes,Yes,No,Yes,No,No,Month-to-month,Yes,Credit card (automatic),90.55,2929.75,No,25-48,94.50806451612904,5,1
Female,0,No,No,11,Yes,No,Fiber optic,Yes,No,No,No,No,No,Month-to-month,No,Electronic check,76.4,838.7,No,0-12,76.24545454545455,2,1
Female,1,No,No,18,Yes,No,Fiber optic,No,No,Yes,No,No,Yes,Month-to-month,Yes,Electronic check,84.95,1443.65,No,13-24,80.20277777777778,3,1
Female,1,No,No,72,Yes,Yes,Fiber optic,Yes,Yes,No,Yes,Yes,Yes,Two year,Yes,Bank transfer (automatic),110.1,7746.7,No,60+,107.59305555555557,7,1
Female,1,No,No,71,Yes,Yes,Fiber optic,No,Yes,No,No,Yes,Yes,Month-to-month,Yes,Credit card (automatic),99.65,6951.15,No,60+,97.90352112676057,5,1
Male,1,No,No,5,No,No phone service,DSL,No,No,Yes,Yes,Yes,No,Month-to-month,No,Credit card (automatic),45.4,214.75,No,0-12,42.95,3,1
Male,0,Yes,No,38,Yes,Yes,DSL,No,No,Yes,Yes,No,Yes,One year,No,Credit card (automatic),69.0,2669.45,No,25-48,70.2486842105263,5,1
Male,0,No,Yes,5,Yes,No,DSL,No,No,No,Yes,No,No,Month-to-month,Yes,Bank transfer (automatic),48.65,235.2,No,0-12,47.04,2,1
Male,1,No,No,2,Yes,No,DSL,No,No,No,No,No,No,Month-to-month,Yes,Electronic check,44.15,92.65,Yes,0-12,46.325,1,1
Female,1,No,No,52,Yes,Yes,DSL,Yes,No,Yes,No,No,No,Two year,No,Bank transfer (automatic),59.85,3103.25,No,49-60,59.67788461538461,4,1
Female,1,No,No,8,Yes,Yes,Fiber optic,No,No,No,No,No,No,Month-to-month,Yes,Electronic check,75.75,606.25,Yes,0-12,75.78125,2,1
Female,0,No,No,68,Yes,Yes,DSL,No,Yes,Yes,No,Yes,Yes,Two year,Yes,Electronic check,80.65,5330.2,No,60+,78.38529411764705,6,1
Male,0,Yes,Yes,69,Yes,No,No,No internet service,No internet service,No internet service,No internet service,No internet service,No internet service,One year,Yes,Credit card (automatic),20.55,1403.1,No,60+,20.33478260869565,1,0
Female,0,Yes,No,42,Yes,Yes,DSL,Yes,Yes,No,Yes,No,No,Month-to-month,Yes,Credit card (automatic),66.4,2727.8,No,25-48,64.94761904761906,5,1
Female,0,No,No,50,Yes,No,Fiber optic,No,Yes,No,Yes,Yes,Yes,Two year,Yes,Mailed check,100.2,5038.45,No,49-60,100.769,5,1
Female,0,No,No,1,Yes,No,No,No internet service,No internet service,No internet service,No internet service,No internet service,No internet service,Month-to-month,Yes,Mailed check,19.1,19.1,Yes,0-12,19.1,1,0
Male,1,Yes,No,1,Yes,Yes,Fiber optic,Yes,No,No,No,No,No,Month-to-month,Yes,Electronic check,80.3,80.3,Yes,0-12,80.3,3,1
Male,0,Yes,No,33,Yes,No,DSL,No,No,No,No,No,No,Month-to-month,Yes,Credit card (automatic),44.55,1462.6,No,25-48,44.32121212121212,1,1
Female,0,No,No,7,Yes,No,No,No internet service,No internet service,No internet service,No internet service,No internet service,No internet service,Month-to-month,No,Mailed check,20.35,150.6,No,0-12,21.514285714285712,1,0
Male,0,Yes,Yes,64,Yes,Yes,Fiber optic,Yes,Yes,Yes,No,No,No,Month-to-month,Yes,Electronic check,91.8,5960.5,No,60+,93.1328125,5,1
Female,0,No,No,1,Yes,No,Fiber optic,No,No,Yes,No,No,No,Month-to-month,Yes,Electronic check,74.9,74.9,Yes,0-12,74.9,2,1
Male,0,No,No,59,Yes,No,No,No internet service,No internet service,No internet service,No internet service,No internet service,No internet service,Two year,Yes,Bank transfer (automatic),20.2,1192.3,No,49-60,20.208474576271183,1,0
Female,0,Yes,No,6,Yes,Yes,DSL,No,No,No,No,No,No,Month-to-month,No,Electronic check,50.35,314.55,No,0-12,52.425,2,1
Female,0,No,No,3,Yes,No,No,No internet service,No internet service,No internet service,No internet service,No internet service,No internet service,Month-to-month,No,Mailed check,18.8,56.0,No,0-12,18.666666666666668,1,0
Female,0,Yes,No,15,Yes,No,No,No internet service,No internet service,No internet service,No internet service,No internet service,No internet service,Month-to-month,No,Credit card (automatic),20.45,330.8,No,13-24,22.05333333333333,1,0
Male,0,Yes,Yes,13,Yes,No,DSL,No,No,No,No,Yes,Yes,One year,Yes,Electronic check,64.75,877.35,No,13-24,67.48846153846154,3,1
Female,0,No,No,23,Yes,Yes,Fiber optic,No,Yes,No,No,Yes,Yes,Month-to-month,Yes,Credit card (automatic),98.7,2249.1,No,13-24,97.78695652173911,5,1
Male,1,Yes,No,31,Yes,Yes,Fiber optic,Yes,No,No,No,Yes,No,Month-to-month,No,Electronic check,89.45,2807.65,No,25-48,90.56935483870969,4,1
Male,0,No,No,29,Yes,No,DSL,Yes,Yes,No,Yes,No,No,One year,Yes,Electronic check,58.75,1696.2,No,25-48,58.4896551724138,4,1
Female,0,Yes,No,49,Yes,No,No,No internet service,No internet service,No internet service,No internet service,No internet service,No internet service,One year,No,Credit card (automatic),20.7,1032.05,No,49-60,21.062244897959182,1,0
Female,0,Yes,No,56,Yes,Yes,Fiber optic,No,No,No,No,Yes,No,Month-to-month,Yes,Bank transfer (automatic),85.6,4902.8,No,49-60,87.55,3,1
Female,0,No,No,63,Yes,Yes,DSL,Yes,Yes,Yes,Yes,No,Yes,Two year,Yes,Credit card (automatic),80.3,4995.35,No,60+,79.29126984126985,7,1
Male,0,Yes,No,63,Yes,Yes,DSL,No,No,Yes,Yes,Yes,Yes,Two year,No,Credit card (automatic),79.8,5034.05,No,60+,79.90555555555555,6,1
Male,1,Yes,Yes,24,Yes,Yes,Fiber optic,Yes,No,No,No,No,No,Month-to-month,Yes,Electronic check,79.85,1857.75,No,13-24,77.40625,3,1
Male,1,Yes,No,36,Yes,No,DSL,No,No,Yes,Yes,No,No,One year,No,Credit card (automatic),54.1,1992.85,No,25-48,55.35694444444445,3,1
Female,1,No,No,9,Yes,No,Fiber optic,No,No,No,No,Yes,No,Month-to-month,Yes,Electronic check,80.85,751.65,Yes,0-12,83.51666666666667,2,1
Male,0,No,No,3,No,No phone service,DSL,No,No,No,No,No,No,Month-to-month,No,Electronic check,24.75,66.95,Yes,0-12,22.316666666666663,0,1
Female,0,Yes,No,21,Yes,No,DSL,Yes,No,Yes,Yes,Yes,Yes,One year,No,Mailed check,80.9,1714.95,No,13-24,81.66428571428571,6,1
Male,0,Yes,Yes,13,Yes,Yes,No,No internet service,No internet service,No internet service,No internet service,No internet service,No internet service,One year,No,Bank transfer (automatic),24.5,343.6,No,13-24,26.430769230769236,2,0
Male,0,Yes,Yes,1,Yes,No,No,No internet service,No internet service,No internet service,No internet service,No internet service,No internet service,Month-to-month,Yes,Bank transfer (automatic),20.15,20.15,No,0-12,20.15,1,0
Female,0,Yes,Yes,25,Yes,No,No,No internet service,No internet service,No internet service,No internet service,No internet service,No internet service,One year,No,Mailed check,20.05,520.1,No,25-48,20.804,1,0
Male,0,Yes,Yes,71,Yes,No,No,No internet service,No internet service,No internet service,No internet service,No internet service,No internet service,Two year,Yes,Bank transfer (automatic),19.6,1387.45,No,60+,19.541549295774647,1,0
Male,0,No,No,66,Yes,Yes,Fiber optic,Yes,Yes,Yes,Yes,Yes,Yes,One year,Yes,Bank transfer (automatic),114.3,7383.7,No,60+,111.87424242424242,8,1
Female,0,No,No,45,Yes,No,Fiber optic,Yes,Yes,No,No,Yes,Yes,One year,Yes,Electronic check,100.3,4483.95,No,25-48,99.64333333333332,5,1
Female,0,Yes,No,22,Yes,No,Fiber optic,No,No,No,No,Yes,No,Month-to-month,Yes,Credit card (automatic),80.0,1706.45,No,13-24,77.56590909090909,2,1
Female,0,Yes,No,67,Yes,No,No,No internet service,No internet service,No internet service,No internet service,No internet service,No internet service,One year,Yes,Bank transfer (automatic),20.85,1327.4,No,60+,19.811940298507466,1,0
Female,0,Yes,No,68,Yes,Yes,Fiber optic,No,No,Yes,No,Yes,No,Two year,Yes,Bank transfer (automatic),89.95,5974.3,No,60+,87.85735294117647,4,1
Female,0,Yes,Yes,0,Yes,No,No,No internet service,No internet service,No internet service,No internet service,No internet service,No internet service,Two year,No,Mailed check,20.0,1397.475,No,,1397.475,1,0
Female,1,No,No,49,Yes,Yes,Fiber optic,No,No,Yes,No,No,Yes,Month-to-month,Yes,Credit card (automatic),90.85,4515.85,Yes,49-60,92.16020408163266,4,1
Female,1,No,No,4,Yes,Yes,DSL,No,No,No,No,No,No,Month-to-month,No,Mailed check,48.75,179.85,No,0-12,44.9625,2,1
Male,0,Yes,No,63,Yes,Yes,DSL,Yes,Yes,Yes,Yes,No,Yes,One year,No,Credit card (automatic),80.0,5040.2,No,60+,80.0031746031746,7,1
Female,0,Yes,No,2,Yes,No,Fiber optic,No,Yes,Yes,No,No,No,Month-to-month,No,Bank transfer (automatic),79.7,165.0,Yes,0-12,82.5,3,1
Male,0,No,No,21,Yes,No,No,No internet service,No internet service,No internet service,No internet service,No internet service,No internet service,One year,Yes,Mailed check,20.35,422.7,No,13-24,20.128571428571423,1,0
Male,0,Yes,Yes,55,Yes,No,DSL,Yes,Yes,No,Yes,No,No,Two year,No,Bank transfer (automatic),57.55,3046.4,Yes,49-60,55.38909090909091,4,1
Male,0,No,Yes,1,Yes,No,No,No internet service,No internet service,No internet service,No internet service,No internet service,No internet service,Month-to-month,Yes,Mailed check,20.25,20.25,No,0-12,20.25,1,0
Female,0,No,No,17,Yes,No,No,No internet service,No internet service,No internet service,No internet service,No internet service,No internet service,Two year,No,Mailed check,19.4,358.05,No,13-24,21.061764705882357,1,0
Male,0,No,No,30,Yes,Yes,Fiber optic,Yes,No,No,No,Yes,Yes,Month-to-month,Yes,Bank transfer (automatic),100.4,2936.25,No,25-48,97.875,5,1
Male,0,Yes,Yes,22,Yes,No,DSL,Yes,Yes,No,Yes,No,No,Month-to-month,Yes,Mailed check,57.95,1271.8,No,13-24,57.809090909090905,4,1
Female,0,No,No,9,Yes,No,DSL,No,No,No,Yes,Yes,No,Month-to-month,Yes,Bank transfer (automatic),59.5,530.05,No,0-12,58.89444444444444,3,1
Male,0,Yes,Yes,1,Yes,No,No,No internet service,No internet service,No internet service,No internet service,No internet service,No internet service,Month-to-month,No,Mailed check,19.2,19.2,No,0-12,19.2,1,0
Female,0,Yes,No,21,Yes,Yes,Fiber optic,No,No,No,No,No,Yes,Month-to-month,Yes,Electronic check,86.5,1808.7,Yes,13-24,86.12857142857143,3,1
Male,0,No,No,19,Yes,Yes,DSL,No,No,Yes,Yes,No,No,Month-to-month,No,Electronic check,59.55,1144.6,No,13-24,60.24210526315789,4,1
Female,0,Yes,Yes,69,Yes,Yes,Fiber optic,No,Yes,Yes,No,Yes,Yes,Month-to-month,Yes,Electronic check,103.95,7446.9,Yes,60+,107.92608695652171,6,1
Male,1,No,No,1,No,No phone service,DSL,No,No,No,No,No,No,Month-to-month,Yes,Electronic check,25.1,25.1,Yes,0-12,25.1,0,1
Female,0,Yes,No,72,Yes,Yes,Fiber optic,Yes,Yes,Yes,Yes,Yes,No,Two year,Yes,Bank transfer (automatic),103.95,7556.9,No,60+,104.95694444444445,7,1
Male,0,Yes,Yes,70,Yes,Yes,DSL,Yes,No,Yes,No,Yes,No,Two year,No,Credit card (automatic),68.95,4858.7,No,60+,69.41,5,1
Female,0,No,No,66,Yes,Yes,Fiber optic,Yes,Yes,Yes,Yes,No,Yes,Month-to-month,Yes,Bank transfer (automatic),103.1,6595.0,No,60+,99.92424242424242,7,1
Female,0,Yes,Yes,7,No,No phone service,DSL,No,No,No,No,No,No,Month-to-month,Yes,Electronic check,24.7,149.05,No,0-12,21.292857142857144,0,1
Female,1,Yes,Yes,46,Yes,Yes,Fiber optic,Yes,Yes,No,Yes,Yes,Yes,Month-to-month,Yes,Electronic check,110.2,4972.1,No,25-48,108.08913043478262,7,1
Male,0,No,No,39,No,No phone service,DSL,Yes,Yes,No,Yes,Yes,No,Month-to-month,Yes,Credit card (automatic),48.95,1880.85,Yes,25-48,48.22692307692307,4,1
Female,0,Yes,Yes,32,Yes,Yes,DSL,No,Yes,Yes,No,No,No,Month-to-month,No,Bank transfer (automatic),62.45,2045.55,No,25-48,63.9234375,4,1
Male,0,No,No,24,Yes,No,Fiber optic,No,Yes,Yes,No,No,Yes,Month-to-month,Yes,Electronic check,89.55,2187.15,No,13-24,91.13125,4,1
Male,0,Yes,Yes,6,Yes,No,Fiber optic,No,Yes,No,No,No,Yes,Month-to-month,Yes,Credit card (automatic),83.55,477.55,Yes,0-12,79.59166666666667,3,1
Female,0,No,No,37,Yes,Yes,DSL,Yes,Yes,Yes,Yes,Yes,No,Month-to-month,Yes,Credit card (automatic),78.9,2976.95,No,25-48,80.4581081081081,7,1
Male,0,No,Yes,8,Yes,No,No,No internet service,No internet service,No internet service,No internet service,No internet service,No internet service,Month-to-month,No,Mailed check,20.35,178.7,No,0-12,22.3375,1,0
Female,0,Yes,Yes,72,Yes,Yes,DSL,Yes,No,Yes,No,Yes,No,Two year,Yes,Bank transfer (automatic),71.45,5025.85,No,60+,69.80347222222223,5,1
Male,1,Yes,No,71,No,No phone service,DSL,Yes,Yes,Yes,Yes,No,No,Two year,No,Credit card (automatic),46.35,3353.4,No,60+,47.23098591549296,4,1
Female,0,Yes,No,16,Yes,No,Fiber optic,No,Yes,No,No,Yes,Yes,Month-to-month,Yes,Bank transfer (automatic),94.65,1461.15,No,13-24,91.321875,4,1
Female,0,Yes,No,57,No,No phone service,DSL,Yes,No,Yes,Yes,No,Yes,Month-to-month,Yes,Bank transfer (automatic),49.9,2782.4,No,49-60,48.8140350877193,4,1
Male,0,No,No,66,Yes,Yes,No,No internet service,No internet service,No internet service,No internet service,No internet service,No internet service,One year,No,Bank transfer (automatic),25.45,1699.15,No,60+,25.74469696969697,2,0
Female,1,No,No,17,Yes,No,Fiber optic,No,Yes,Yes,No,Yes,No,Month-to-month,Yes,Electronic check,89.15,1496.9,Yes,13-24,88.0529411764706,4,1
Female,0,No,Yes,21,Yes,No,No,No internet service,No internet service,No internet service,No internet service,No internet service,No internet service,Month-to-month,No,Mailed check,20.75,452.2,No,13-24,21.53333333333333,1,0
Male,0,Yes,No,66,Yes,Yes,DSL,Yes,Yes,Yes,No,No,No,Two year,Yes,Credit card (automatic),66.1,4428.45,No,60+,67.09772727272727,5,1
Female,0,Yes,No,17,Yes,Yes,DSL,No,Yes,No,No,Yes,Yes,Month-to-month,Yes,Bank transfer (automatic),75.4,1322.55,No,13-24,77.79705882352941,5,1
Male,0,No,Yes,1,Yes,No,Fiber optic,No,No,No,No,No,No,Month-to-month,Yes,Mailed check,70.45,70.45,Yes,0-12,70.45,1,1
Male,0,Yes,No,58,Yes,No,DSL,Yes,Yes,Yes,No,No,No,One year,No,Credit card (automatic),60.3,3563.8,Yes,49-60,61.4448275862069,4,1
Female,0,Yes,Yes,8,Yes,No,No,No internet service,No internet service,No internet service,No internet service,No internet service,No internet service,Month-to-month,No,Credit card (automatic),21.05,139.75,No,0-12,17.46875,1,0
Male,0,No,No,27,Yes,No,DSL,Yes,No,Yes,Yes,Yes,No,One year,No,Credit card (automatic),69.35,1927.3,No,25-48,71.38148148148149,5,1
Male,0,Yes,No,34,Yes,Yes,Fiber optic,No,Yes,No,No,No,Yes,Month-to-month,No,Mailed check,88.85,3000.25,No,25-48,88.24264705882354,4,1
Male,0,No,No,30,Yes,No,Fiber optic,No,Yes,No,No,Yes,Yes,One year,Yes,Bank transfer (automatic),97.0,3021.3,No,25-48,100.71,4,1
Male,0,No,No,33,Yes,No,DSL,No,Yes,Yes,No,Yes,No,Month-to-month,Yes,Credit card (automatic),66.4,2245.4,No,25-48,68.04242424242425,4,1
Male,0,No,Yes,1,No,No phone service,DSL,No,No,No,No,No,No,Month-to-month,No,Electronic check,24.75,24.75,Yes,0-12,24.75,0,1
Male,0,Yes,Yes,14,Yes,Yes,DSL,Yes,Yes,No,No,No,Yes,Month-to-month,No,Mailed check,69.2,944.65,No,13-24,67.475,5,1
Female,0,No,Yes,16,Yes,Yes,Fiber optic,No,No,No,Yes,No,No,One year,Yes,Credit card (automatic),79.5,1264.2,No,13-24,79.0125,3,1
Female,0,No,No,49,Yes,No,Fiber optic,No,No,Yes,Yes,Yes,Yes,Two year,No,Credit card (automatic),100.65,4917.75,No,49-60,100.3622448979592,5,1
Male,0,Yes,Yes,19,Yes,Yes,Fiber optic,No,No,Yes,Yes,Yes,Yes,Month-to-month,No,Electronic check,103.3,2012.7,Yes,13-24,105.93157894736842,6,1
Female,0,Yes,Yes,70,Yes,Yes,DSL,Yes,Yes,Yes,Yes,Yes,No,Two year,No,Bank transfer (automatic),79.7,5743.3,No,60+,82.04714285714286,7,1
Female,0,Yes,Yes,32,Yes,No,DSL,Yes,Yes,No,Yes,No,No,Month-to-month,No,Bank transfer (automatic),61.4,1864.65,No,25-48,58.2703125,4,1
Female,0,No,No,18,Yes,No,Fiber optic,No,No,No,No,No,No,Month-to-month,Yes,Electronic check,69.8,1221.65,No,13-24,67.86944444444445,1,1
Male,0,No,No,37,No,No phone service,DSL,Yes,Yes,No,Yes,No,No,Two year,Yes,Mailed check,40.55,1390.85,No,25-48,37.59054054054054,3,1
Female,0,No,No,4,Yes,Yes,Fiber optic,No,No,No,No,No,No,Month-to-month,Yes,Electronic check,75.65,302.35,No,0-12,75.5875,2,1
Female,0,Yes,No,16,Yes,Yes,Fiber optic,Yes,Yes,Yes,No,No,No,Month-to-month,No,Electronic check,90.7,1374.9,No,13-24,85.93125,5,1
Male,0,Yes,No,17,Yes,Yes,Fiber optic,No,Yes,No,No,No,No,Month-to-month,Yes,Bank transfer (automatic),80.5,1336.9,No,13-24,78.64117647058823,3,1
Female,0,No,Yes,19,Yes,No,DSL,Yes,Yes,Yes,No,No,No,Month-to-month,Yes,Electronic check,60.6,1297.8,No,13-24,68.30526315789473,4,1
Male,0,Yes,No,60,Yes,Yes,Fiber optic,No,No,Yes,No,Yes,Yes,Two year,No,Credit card (automatic),101.15,6067.4,No,49-60,101.12333333333332,5,1
Male,0,Yes,Yes,51,Yes,Yes,No,No internet service,No internet service,No internet service,No internet service,No internet service,No internet service,Two year,Yes,Mailed check,24.95,1222.25,No,49-60,23.965686274509803,2,0
Male,0,Yes,Yes,28,Yes,No,No,No internet service,No internet service,No internet service,No internet service,No internet service,No internet service,Two year,Yes,Credit card (automatic),20.3,487.95,No,25-48,17.426785714285714,1,0
Male,0,No,No,43,Yes,No,DSL,No,Yes,No,No,No,Yes,Two year,Yes,Electronic check,60.0,2548.55,No,25-48,59.2686046511628,3,1
Male,0,Yes,No,42,Yes,No,No,No internet service,No internet service,No internet service,No internet service,No internet service,No internet service,Two year,No,Electronic check,20.25,835.5,No,25-48,19.892857142857142,1,0
Male,0,No,No,3,Yes,No,Fiber optic,No,No,No,No,Yes,No,Month-to-month,Yes,Electronic check,78.5,242.05,Yes,0-12,80.68333333333334,2,1
Female,0,No,No,1,Yes,No,DSL,No,No,No,No,No,No,Month-to-month,No,Mailed check,44.75,44.75,No,0-12,44.75,1,1
Female,0,No,No,3,Yes,No,No,No internet service,No internet service,No internet service,No internet service,No internet service,No internet service,Month-to-month,No,Mailed check,19.85,63.75,Yes,0-12,21.25,1,0
Female,0,No,No,63,Yes,Yes,Fiber optic,Yes,Yes,Yes,No,Yes,No,Two year,No,Credit card (automatic),98.0,6218.45,No,60+,98.70555555555556,6,1
Male,1,No,No,3,Yes,No,Fiber optic,No,No,No,No,Yes,No,Month-to-month,Yes,Electronic check,79.9,260.9,Yes,0-12,86.96666666666665,2,1
Male,0,Yes,No,68,Yes,Yes,Fiber optic,Yes,Yes,No,Yes,Yes,Yes,Month-to-month,Yes,Electronic check,107.7,7320.9,No,60+,107.66029411764706,7,1
Female,1,No,No,30,Yes,Yes,Fiber optic,No,Yes,No,No,Yes,Yes,Month-to-month,Yes,Electronic check,99.7,2967.35,Yes,25-48,98.91166666666666,5,1
Female,0,No,No,60,Yes,Yes,Fiber optic,No,Yes,Yes,No,Yes,Yes,Two year,No,Electronic check,104.7,6333.8,No,49-60,105.56333333333332,6,1
Male,0,No,No,15,Yes,Yes,DSL,No,Yes,No,Yes,No,No,Month-to-month,Yes,Credit card (automatic),58.6,939.7,Yes,13-24,62.64666666666667,4,1
Male,1,No,No,45,Yes,Yes,Fiber optic,No,No,No,No,Yes,Yes,Month-to-month,Yes,Bank transfer (automatic),93.9,4200.25,No,25-48,93.33888888888887,4,1
Female,0,Yes,No,70,Yes,No,DSL,Yes,Yes,Yes,Yes,Yes,Yes,Two year,No,Credit card (automatic),86.45,5950.2,No,60+,85.00285714285714,7,1
Male,0,Yes,No,10,Yes,Yes,Fiber optic,No,No,Yes,No,Yes,Yes,Month-to-month,Yes,Electronic check,98.5,1037.75,Yes,0-12,103.775,5,1
Male,0,No,No,4,Yes,No,No,No internet service,No internet service,No internet service,No internet service,No internet service,No internet service,Month-to-month,No,Mailed check,19.4,93.4,No,0-12,23.35,1,0
Female,0,No,No,1,Yes,No,DSL,No,No,Yes,No,No,No,Month-to-month,Yes,Mailed check,50.45,50.45,Yes,0-12,50.45,2,1
Female,0,Yes,No,68,Yes,Yes,No,No internet service,No internet service,No internet service,No internet service,No internet service,No internet service,Two year,Yes,Credit card (automatic),24.95,1614.9,No,60+,23.748529411764707,2,0
Male,0,Yes,Yes,22,Yes,No,Fiber optic,Yes,No,No,No,No,No,Month-to-month,No,Bank transfer (automatic),75.0,1573.95,No,13-24,71.54318181818182,2,1
Male,0,Yes,Yes,38,Yes,Yes,Fiber optic,No,Yes,Yes,No,Yes,No,Month-to-month,Yes,Electronic check,94.65,3624.3,Yes,25-48,95.3763157894737,5,1
Female,0,No,No,1,Yes,Yes,Fiber optic,No,Yes,No,No,Yes,Yes,Month-to-month,Yes,Credit card (automatic),100.25,100.25,Yes,0-12,100.25,5,1
Male,0,Yes,No,18,Yes,No,Fiber optic,No,No,Yes,Yes,No,No,Month-to-month,No,Electronic check,78.2,1468.75,No,13-24,81.59722222222223,3,1
Male,0,No,No,29,Yes,No,Fiber optic,No,No,No,Yes,Yes,Yes,Month-to-month,Yes,Electronic check,94.2,2607.6,No,25-48,89.91724137931034,4,1
Female,0,No,No,16,Yes,Yes,Fiber optic,No,No,Yes,No,No,Yes,Month-to-month,Yes,Electronic check,88.45,1422.1,Yes,13-24,88.88125,4,1
Male,0,No,No,1,Yes,No,Fiber optic,No,No,No,No,No,No,Month-to-month,Yes,Electronic check,69.85,69.85,Yes,0-12,69.85,1,1
Male,0,No,No,12,Yes,No,Fiber optic,Yes,No,Yes,No,No,No,Month-to-month,No,Bank transfer (automatic),81.7,858.6,Yes,0-12,71.55,3,1
Male,0,No,No,31,No,No phone service,DSL,No,No,Yes,No,Yes,Yes,One year,Yes,Electronic check,50.05,1523.4,No,25-48,49.141935483870974,3,1
Male,0,No,No,4,Yes,No,Fiber optic,No,No,No,No,No,Yes,Month-to-month,Yes,Electronic check,79.9,324.3,Yes,0-12,81.075,2,1
Female,0,Yes,No,48,Yes,Yes,DSL,No,No,Yes,Yes,No,Yes,One year,Yes,Mailed check,69.55,3435.6,No,25-48,71.575,5,1
Female,0,No,No,15,Yes,Yes,No,No internet service,No internet service,No internet service,No internet service,No internet service,No internet service,Month-to-month,Yes,Credit card (automatic),25.4,399.6,Yes,13-24,26.64,2,0
Male,0,No,No,50,Yes,No,Fiber optic,Yes,Yes,Yes,Yes,No,No,One year,Yes,Credit card (automatic),90.1,4549.45,No,49-60,90.989,5,1
Male,0,No,No,7,Yes,No,DSL,No,No,No,No,No,No,Month-to-month,Yes,Bank transfer (automatic),44.65,322.5,No,0-12,46.07142857142857,1,1
Male,1,Yes,No,41,Yes,Yes,Fiber optic,Yes,No,Yes,No,No,No,Month-to-month,Yes,Bank transfer (automatic),83.75,3273.55,Yes,25-48,79.84268292682927,4,1
Male,0,Yes,Yes,68,Yes,No,Fiber optic,Yes,No,Yes,No,No,No,Two year,No,Credit card (automatic),80.35,5375.15,No,60+,79.04632352941177,3,1
Female,1,Yes,No,26,Yes,Yes,Fiber optic,No,No,Yes,No,Yes,Yes,Month-to-month,Yes,Bank transfer (automatic),98.1,2510.7,No,25-48,96.5653846153846,5,1
Male,0,No,No,57,No,No phone service,DSL,No,No,Yes,Yes,Yes,Yes,Two year,No,Credit card (automatic),53.35,3090.05,No,49-60,54.21140350877193,4,1
Female,0,No,No,3,Yes,No,No,No internet service,No internet service,No internet service,No internet service,No internet service,No internet service,Month-to-month,No,Electronic check,19.55,61.05,No,0-12,20.35,1,0
Female,0,No,No,1,Yes,No,No,No internet service,No internet service,No internet service,No internet service,No internet service,No internet service,Month-to-month,No,Mailed check,20.9,20.9,Yes,0-12,20.9,1,0
Male,0,Yes,Yes,19,Yes,No,DSL,Yes,No,No,No,No,No,One year,Yes,Bank transfer (automatic),48.95,955.6,No,13-24,50.29473684210527,2,1
Female,0,No,No,3,Yes,No,DSL,No,No,No,No,Yes,No,Month-to-month,Yes,Electronic check,54.2,140.4,No,0-12,46.8,2,1
Female,0,No,No,59,Yes,Yes,No,No internet service,No internet service,No internet service,No internet service,No internet service,No internet service,Two year,No,Electronic check,24.45,1493.1,No,49-60,25.306779661016947,2,0
Female,0,Yes,No,1,Yes,No,Fiber optic,No,No,No,No,No,No,Month-to-month,Yes,Mailed check,69.4,69.4,Yes,0-12,69.4,1,1
Male,0,Yes,No,42,No,No phone service,DSL,Yes,No,No,No,Yes,No,Month-to-month,Yes,Bank transfer (automatic),40.15,1626.05,No,25-48,38.71547619047619,2,1
Female,0,No,No,7,Yes,Yes,Fiber optic,No,No,No,No,No,No,Month-to-month,Yes,Electronic check,74.9,541.15,Yes,0-12,77.30714285714285,2,1
Male,0,Yes,No,67,Yes,Yes,No,No internet service,No internet service,No internet service,No internet service,No internet service,No internet service,Two year,No,Credit card (automatic),25.6,1784.9,No,60+,26.64029850746269,2,0
Male,0,No,No,1,Yes,No,Fiber optic,No,No,No,No,No,No,Month-to-month,Yes,Electronic check,70.35,70.35,No,0-12,70.35,1,1
Male,0,Yes,No,66,Yes,Yes,DSL,Yes,Yes,Yes,Yes,Yes,Yes,Two year,No,Bank transfer (automatic),91.7,6075.9,No,60+,92.0590909090909,8,1
Female,0,No,No,61,Yes,Yes,Fiber optic,No,No,Yes,No,No,Yes,Month-to-month,No,Mailed check,89.2,5500.6,No,60+,90.17377049180328,4,1
Male,0,Yes,Yes,4,Yes,Yes,No,No internet service,No internet service,No internet service,No internet service,No internet service,No internet service,One year,No,Credit card (automatic),24.1,73.1,No,0-12,18.275,2,0
Female,1,Yes,No,42,Yes,No,Fiber optic,Yes,No,No,No,No,No,Month-to-month,Yes,Credit card (automatic),74.15,3229.4,Yes,25-48,76.89047619047619,2,1
Female,0,Yes,Yes,64,Yes,Yes,DSL,No,Yes,No,No,No,No,One year,Yes,Bank transfer (automatic),53.85,3399.85,No,60+,53.12265625,3,1
Female,1,Yes,No,54,Yes,Yes,Fiber optic,Yes,Yes,Yes,Yes,Yes,Yes,One year,Yes,Bank transfer (automatic),115.6,6431.05,No,49-60,119.09351851851852,8,1
Male,0,No,No,1,Yes,No,No,No internet service,No internet service,No internet service,No internet service,No internet service,No internet service,Month-to-month,Yes,Credit card (automatic),19.75,19.75,No,0-12,19.75,1,0
Male,0,Yes,Yes,54,Yes,Yes,No,No internet service,No internet service,No internet service,No internet service,No internet service,No internet service,Two year,Yes,Bank transfer (automatic),24.05,1230.9,No,49-60,22.794444444444448,2,0
Female,0,No,Yes,18,Yes,Yes,No,No internet service,No internet service,No internet service,No internet service,No internet service,No internet service,Two year,No,Credit card (automatic),25.3,454.65,No,13-24,25.258333333333333,2,0
Male,0,No,No,3,Yes,No,Fiber optic,No,Yes,No,No,No,Yes,Month-to-month,No,Electronic check,84.3,235.05,No,0-12,78.35000000000001,3,1
Female,0,No,No,1,Yes,No,Fiber optic,No,No,No,No,No,No,Month-to-month,Yes,Electronic check,70.1,70.1,Yes,0-12,70.1,1,1
Female,0,Yes,Yes,72,Yes,Yes,DSL,Yes,Yes,Yes,Yes,Yes,Yes,Two year,No,Credit card (automatic),89.75,6595.9,No,60+,91.60972222222222,8,1
Male,1,Yes,No,60,Yes,No,Fiber optic,No,Yes,Yes,No,Yes,Yes,One year,Yes,Electronic check,97.95,5867.0,No,49-60,97.78333333333332,5,1
Female,0,Yes,Yes,11,Yes,No,No,No internet service,No internet service,No internet service,No internet service,No internet service,No internet service,One year,Yes,Mailed check,20.0,196.35,No,0-12,17.849999999999998,1,0
Female,0,No,Yes,12,Yes,Yes,Fiber optic,Yes,No,No,No,No,No,Month-to-month,Yes,Electronic check,78.3,909.25,Yes,0-12,75.77083333333333,3,1
Male,0,Yes,Yes,61,Yes,No,Fiber optic,No,Yes,Yes,Yes,Yes,Yes,One year,No,Credit card (automatic),103.9,6449.15,No,60+,105.72377049180328,6,1
Female,0,No,No,39,Yes,No,No,No internet service,No internet service,No internet service,No internet service,No internet service,No internet service,Two year,No,Credit card (automatic),20.7,762.45,No,25-48,19.55,1,0
Male,0,No,No,55,Yes,Yes,Fiber optic,No,No,No,No,Yes,Yes,Month-to-month,Yes,Electronic check,96.8,5283.95,Yes,49-60,96.07181818181816,4,1
Female,0,No,No,17,Yes,Yes,Fiber optic,Yes,Yes,No,No,Yes,No,Month-to-month,Yes,Electronic check,94.4,1617.5,Yes,13-24,95.1470588235294,5,1
Male,0,No,No,37,Yes,No,No,No internet service,No internet service,No internet service,No internet service,No internet service,No internet service,One year,No,Credit card (automatic),20.15,785.75,No,25-48,21.236486486486488,1,0
Female,0,Yes,No,72,Yes,Yes,No,No internet service,No internet service,No internet service,No internet service,No internet service,No internet service,Two year,Yes,Mailed check,26.0,1776.0,No,60+,24.666666666666668,2,0
Male,1,Yes,No,72,Yes,Yes,DSL,No,Yes,Yes,Yes,Yes,No,Two year,No,Credit card (automatic),77.35,5396.25,No,60+,74.94791666666667,6,1
Female,0,No,No,8,Yes,No,DSL,Yes,No,No,Yes,No,Yes,Month-to-month,No,Bank transfer (automatic),66.05,574.5,No,0-12,71.8125,4,1
Female,0,Yes,Yes,22,Yes,No,No,No internet service,No internet service,No internet service,No internet service,No internet service,No internet service,Month-to-month,No,Mailed check,19.9,400.3,No,13-24,18.195454545454545,1,0
Female,0,No,No,1,Yes,No,Fiber optic,No,Yes,No,No,Yes,No,Month-to-month,No,Electronic check,84.3,84.3,Yes,0-12,84.3,3,1
Female,0,No,No,38,Yes,Yes,DSL,No,Yes,No,Yes,No,Yes,Month-to-month,No,Credit card (automatic),68.15,2656.3,No,25-48,69.90263157894738,5,1
Male,0,No,Yes,17,Yes,No,DSL,No,Yes,Yes,Yes,Yes,Yes,One year,No,Electronic check,80.85,1445.95,No,13-24,85.05588235294118,6,1
Female,1,No,No,70,Yes,Yes,DSL,No,Yes,Yes,Yes,Yes,No,Two year,Yes,Bank transfer (automatic),75.5,5212.65,No,60+,74.46642857142857,6,1
Female,1,Yes,Yes,72,Yes,Yes,DSL,Yes,Yes,Yes,Yes,Yes,Yes,Two year,No,Credit card (automatic),92.45,6440.25,Yes,60+,89.44791666666667,8,1
Female,0,No,No,28,Yes,No,Fiber optic,No,No,No,No,No,Yes,Month-to-month,Yes,Electronic check,80.6,2244.95,No,25-48,80.17678571428571,2,1
Female,0,No,No,15,Yes,No,Fiber optic,No,Yes,No,No,Yes,No,Month-to-month,Yes,Bank transfer (automatic),83.2,1130.0,No,13-24,75.33333333333333,3,1
Male,0,Yes,Yes,72,Yes,Yes,DSL,Yes,Yes,Yes,Yes,Yes,Yes,Two year,Yes,Bank transfer (automatic),87.55,6463.15,No,60+,89.76597222222222,8,1
Female,1,Yes,No,11,Yes,Yes,Fiber optic,No,No,Yes,No,Yes,Yes,Month-to-month,Yes,Electronic check,99.55,1131.2,Yes,0-12,102.83636363636364,5,1
Male,1,No,No,8,Yes,Yes,Fiber optic,No,No,Yes,No,No,No,Month-to-month,Yes,Electronic check,81.25,585.95,Yes,0-12,73.24375,3,1
Female,0,Yes,No,57,Yes,Yes,Fiber optic,No,Yes,Yes,Yes,Yes,Yes,One year,Yes,Bank transfer (automatic),109.4,6252.7,No,49-60,109.69649122807016,7,1
Male,0,Yes,Yes,1,Yes,No,No,No internet service,No internet service,No internet service,No internet service,No internet service,No internet service,Month-to-month,No,Bank transfer (automatic),19.95,19.95,Yes,0-12,19.95,1,0
Female,0,Yes,No,46,No,No phone service,DSL,Yes,Yes,No,No,Yes,No,Month-to-month,No,Electronic check,45.55,2062.15,No,25-48,44.82934782608696,3,1
Male,0,Yes,No,30,Yes,No,No,No internet service,No internet service,No internet service,No internet service,No internet service,No internet service,One year,No,Credit card (automatic),20.7,587.1,No,25-48,19.57,1,0
Male,1,Yes,No,10,Yes,No,Fiber optic,Yes,No,No,No,No,No,Month-to-month,No,Electronic check,75.3,720.45,No,0-12,72.045,2,1
Male,0,Yes,No,23,Yes,Yes,Fiber optic,Yes,Yes,Yes,No,Yes,No,Month-to-month,Yes,Electronic check,99.25,2186.4,Yes,13-24,95.0608695652174,6,1
Male,0,No,No,32,Yes,No,Fiber optic,Yes,Yes,Yes,No,No,Yes,Month-to-month,Yes,Credit card (automatic),93.4,2979.3,No,25-48,93.103125,5,1
Male,0,No,No,13,Yes,No,Fiber optic,Yes,No,No,No,No,No,Month-to-month,Yes,Credit card (automatic),73.75,956.65,No,13-24,73.58846153846153,2,1
Female,0,No,No,39,Yes,No,Fiber optic,No,No,Yes,Yes,No,No,Two year,Yes,Electronic check,80.45,3201.55,Yes,25-48,82.09102564102565,3,1
Female,0,No,No,44,Yes,No,Fiber optic,No,Yes,Yes,No,Yes,No,Month-to-month,Yes,Credit card (automatic),88.15,3973.2,No,25-48,90.3,4,1
Male,1,No,No,9,Yes,No,DSL,No,No,No,Yes,No,No,Month-to-month,No,Mailed check,49.2,447.9,No,0-12,49.766666666666666,2,1
Female,0,Yes,No,67,Yes,No,No,No internet service,No internet service,No internet service,No internet service,No internet service,No internet service,Two year,No,Mailed check,19.65,1335.2,No,60+,19.928358208955224,1,0
Male,0,Yes,Yes,9,Yes,Yes,Fiber optic,No,No,Yes,No,No,No,Month-to-month,Yes,Bank transfer (automatic),79.35,661.25,Yes,0-12,73.47222222222223,3,1
Female,0,No,No,15,Yes,Yes,Fiber optic,No,Yes,No,No,No,No,Month-to-month,Yes,Electronic check,79.75,1111.85,Yes,13-24,74.12333333333332,3,1
Female,0,Yes,No,71,Yes,Yes,Fiber optic,No,Yes,Yes,No,Yes,Yes,Two year,Yes,Bank transfer (automatic),105.15,7555.0,No,60+,106.40845070422536,6,1
Male,0,No,No,1,Yes,No,DSL,No,No,No,Yes,No,No,Month-to-month,No,Credit card (automatic),49.0,49.0,No,0-12,49.0,2,1
Female,0,Yes,Yes,30,Yes,Yes,Fiber optic,No,No,Yes,No,Yes,Yes,Month-to-month,Yes,Electronic check,100.05,3046.15,Yes,25-48,101.53833333333334,5,1
Male,0,No,No,1,Yes,No,Fiber optic,No,No,No,No,No,No,Month-to-month,Yes,Electronic check,69.35,69.35,Yes,0-12,69.35,1,1
Male,0,Yes,No,17,No,No phone service,DSL,No,Yes,No,No,Yes,Yes,Month-to-month,Yes,Mailed check,49.8,836.35,No,13-24,49.19705882352941,3,1
Female,0,No,No,3,Yes,No,Fiber optic,No,No,No,Yes,No,Yes,Month-to-month,No,Electronic check,85.8,272.2,Yes,0-12,90.73333333333332,3,1
Male,0,Yes,Yes,67,Yes,Yes,DSL,Yes,No,Yes,No,Yes,Yes,Two year,Yes,Electronic check,79.7,5293.4,Yes,60+,79.00597014925373,6,1
Male,0,No,No,1,Yes,No,No,No internet service,No internet service,No internet service,No internet service,No internet service,No internet service,Month-to-month,No,Bank transfer (automatic),20.95,20.95,No,0-12,20.95,1,0
Female,1,No,No,1,Yes,Yes,DSL,No,No,No,No,No,No,Month-to-month,No,Mailed check,50.55,50.55,Yes,0-12,50.55,2,1
Female,1,Yes,No,32,Yes,Yes,Fiber optic,No,No,Yes,No,No,No,Month-to-month,No,Mailed check,79.3,2570.0,No,25-48,80.3125,3,1
Male,0,Yes,Yes,41,Yes,No,No,No internet service,No internet service,No internet service,No internet service,No internet service,No internet service,One year,No,Bank transfer (automatic),19.5,798.2,No,25-48,19.46829268292683,1,0
Male,0,Yes,No,1,Yes,No,Fiber optic,No,No,No,No,Yes,No,Month-to-month,Yes,Electronic check,80.55,80.55,Yes,0-12,80.55,2,1
Female,0,No,No,1,Yes,No,DSL,No,No,No,No,No,No,Month-to-month,No,Bank transfer (automatic),44.15,44.15,No,0-12,44.15,1,1
Female,0,Yes,Yes,12,Yes,Yes,Fiber optic,No,Yes,Yes,No,No,No,Month-to-month,Yes,Electronic check,84.5,916.9,Yes,0-12,76.40833333333333,4,1
Male,0,Yes,Yes,62,Yes,Yes,Fiber optic,Yes,Yes,No,No,Yes,Yes,Month-to-month,Yes,Electronic check,105.5,6487.2,No,60+,104.63225806451612,6,1
Female,0,No,No,22,Yes,No,Fiber optic,No,Yes,No,No,No,Yes,Month-to-month,Yes,Mailed check,84.3,1855.65,Yes,13-24,84.34772727272728,3,1
Female,0,No,Yes,17,Yes,Yes,Fiber optic,No,Yes,Yes,Yes,No,No,Month-to-month,Yes,Credit card (automatic),92.7,1556.85,No,13-24,91.57941176470588,5,1
Female,0,Yes,Yes,72,Yes,Yes,No,No internet service,No internet service,No internet service,No internet service,No internet service,No internet service,Two year,Yes,Bank transfer (automatic),26.25,1988.05,No,60+,27.61180555555556,2,0
Male,0,Yes,Yes,56,Yes,Yes,Fiber optic,No,Yes,No,Yes,Yes,No,Month-to-month,Yes,Credit card (automatic),96.95,5432.2,No,49-60,97.00357142857142,5,1
Female,0,No,No,9,Yes,No,No,No internet service,No internet service,No internet service,No internet service,No internet service,No internet service,Month-to-month,Yes,Credit card (automatic),20.45,147.55,No,0-12,16.394444444444446,1,0
Male,0,Yes,No,72,Yes,Yes,Fiber optic,Yes,Yes,Yes,Yes,Yes,Yes,Two year,Yes,Bank transfer (automatic),115.8,8424.9,No,60+,117.0125,8,1
Male,0,No,No,20,Yes,No,Fiber optic,Yes,Yes,Yes,Yes,Yes,Yes,Month-to-month,Yes,Bank transfer (automatic),108.2,2203.7,No,13-24,110.185,7,1
Male,0,Yes,Yes,19,Yes,No,No,No internet service,No internet service,No internet service,No internet service,No internet service,No internet service,Two year,No,Mailed check,20.2,387.4,No,13-24,20.389473684210525,1,0
Male,0,No,No,2,Yes,No,Fiber optic,No,No,No,No,No,No,Month-to-month,Yes,Electronic check,67.75,116.65,Yes,0-12,58.325,1,1
Male,0,No,No,53,No,No phone service,DSL,No,No,Yes,Yes,Yes,Yes,One year,No,Credit card (automatic),54.9,3045.75,No,49-60,57.46698113207548,4,1
Female,1,No,No,27,Yes,Yes,Fiber optic,No,No,No,No,No,Yes,Month-to-month,Yes,Electronic check,85.25,2287.25,Yes,25-48,84.71296296296296,3,1
Male,0,No,No,6,Yes,No,No,No internet service,No internet service,No internet service,No internet service,No internet service,No internet service,Month-to-month,No,Bank transfer (automatic),20.15,130.5,No,0-12,21.75,1,0
Male,0,Yes,Yes,9,Yes,Yes,Fiber optic,No,No,Yes,No,Yes,No,One year,Yes,Electronic check,90.35,767.9,No,0-12,85.32222222222222,4,1
Female,0,Yes,Yes,8,Yes,Yes,DSL,No,Yes,No,No,No,No,Month-to-month,No,Electronic check,55.75,446.8,No,0-12,55.85,3,1
Female,0,Yes,Yes,71,Yes,Yes,Fiber optic,Yes,Yes,Yes,Yes,Yes,Yes,Two year,No,Bank transfer (automatic),114.6,8100.25,No,60+,114.08802816901408,8,1
Female,0,No,No,10,Yes,Yes,Fiber optic,No,Yes,No,No,No,No,Month-to-month,Yes,Bank transfer (automatic),80.05,830.7,Yes,0-12,83.07000000000001,3,1
Male,0,No,No,1,Yes,No,No,No internet service,No internet service,No internet service,No internet service,No internet service,No internet service,Month-to-month,No,Mailed check,20.0,20.0,Yes,0-12,20.0,1,0
Female,0,Yes,No,71,No,No phone service,DSL,Yes,Yes,Yes,Yes,Yes,Yes,One year,No,Bank transfer (automatic),66.8,4689.15,No,60+,66.0443661971831,6,1
Male,0,Yes,No,68,Yes,No,Fiber optic,No,Yes,No,Yes,Yes,Yes,One year,Yes,Electronic check,100.3,6754.35,No,60+,99.32867647058823,5,1
Male,0,No,No,34,Yes,Yes,Fiber optic,No,Yes,No,Yes,Yes,Yes,Month-to-month,Yes,Electronic check,105.35,3540.65,No,25-48,104.13676470588236,6,1
Male,0,No,No,26,Yes,No,Fiber optic,No,Yes,Yes,Yes,No,No,One year,Yes,Electronic check,85.2,2184.6,No,25-48,84.02307692307691,4,1
Female,0,No,No,22,Yes,No,DSL,Yes,No,No,No,No,No,Month-to-month,Yes,Credit card (automatic),48.8,1054.6,Yes,13-24,47.93636363636363,2,1
Male,0,No,No,7,Yes,No,No,No internet service,No internet service,No internet service,No internet service,No internet service,No internet service,Month-to-month,Yes,Mailed check,18.95,130.55,No,0-12,18.65,1,0
Female,0,Yes,No,20,Yes,No,Fiber optic,No,No,No,No,No,No,Month-to-month,Yes,Bank transfer (automatic),69.8,1540.35,No,13-24,77.0175,1,1
Female,0,Yes,No,60,Yes,Yes,Fiber optic,No,Yes,Yes,No,Yes,Yes,Month-to-month,Yes,Electronic check,106.15,6411.25,No,49-60,106.85416666666669,6,1
Male,0,Yes,Yes,72,Yes,No,No,No internet service,No internet service,No internet service,No internet service,No internet service,No internet service,Two year,No,Electronic check,20.55,1432.55,No,60+,19.896527777777777,1,0
Female,1,Yes,No,72,Yes,Yes,Fiber optic,No,Yes,Yes,No,Yes,Yes,One year,Yes,Credit card (automatic),105.75,7629.85,No,60+,105.9701388888889,6,1
Male,0,No,No,4,Yes,Yes,No,No internet service,No internet service,No internet service,No internet service,No internet service,No internet service,Month-to-month,No,Mailed check,25.25,101.9,No,0-12,25.475,2,0
Male,0,Yes,Yes,16,Yes,No,No,No internet service,No internet service,No internet service,No internet service,No internet service,No internet service,Month-to-month,No,Electronic check,19.75,313.4,No,13-24,19.5875,1,0
Female,1,Yes,No,62,Yes,Yes,Fiber optic,Yes,No,Yes,No,Yes,Yes,One year,Yes,Electronic check,104.85,6312.9,No,60+,101.82096774193548,6,1
Female,0,No,No,10,Yes,No,DSL,No,No,No,Yes,No,Yes,Month-to-month,Yes,Mailed check,60.95,629.55,No,0-12,62.955,3,1
Male,0,No,No,31,Yes,Yes,Fiber optic,No,Yes,No,No,No,No,Month-to-month,Yes,Electronic check,81.15,2640.55,No,25-48,85.17903225806452,3,1
Female,0,Yes,No,71,Yes,No,No,No internet service,No internet service,No internet service,No internet service,No internet service,No internet service,Two year,No,Credit card (automatic),19.1,1372.45,No,60+,19.330281690140847,1,0
Male,0,No,No,58,Yes,No,No,No internet service,No internet service,No internet service,No internet service,No internet service,No internet service,Two year,No,Mailed check,20.8,1212.25,No,49-60,20.90086206896552,1,0
Male,0,Yes,Yes,70,Yes,Yes,DSL,Yes,Yes,Yes,Yes,Yes,Yes,Two year,Yes,Credit card (automatic),90.15,6237.05,No,60+,89.10071428571429,8,1
Female,0,Yes,No,71,Yes,Yes,DSL,Yes,Yes,Yes,Yes,Yes,Yes,Two year,No,Electronic check,90.1,6310.9,No,60+,88.88591549295774,8,1
Male,1,No,No,69,Yes,Yes,DSL,Yes,No,Yes,Yes,No,Yes,Two year,No,Credit card (automatic),74.1,5031.0,No,60+,72.91304347826087,6,1
Female,1,No,No,1,Yes,Yes,Fiber optic,No,No,No,No,No,Yes,Month-to-month,Yes,Electronic check,85.05,85.05,Yes,0-12,85.05,3,1
Female,0,Yes,Yes,72,Yes,Yes,Fiber optic,Yes,Yes,Yes,Yes,Yes,Yes,Two year,Yes,Bank transfer (automatic),118.75,8672.45,No,60+,120.45069444444444,8,1
Female,0,Yes,No,26,Yes,No,Fiber optic,No,No,No,Yes,No,Yes,Month-to-month,No,Credit card (automatic),85.9,2196.45,No,25-48,84.47884615384615,3,1
Female,0,Yes,No,33,Yes,Yes,Fiber optic,No,No,Yes,Yes,No,Yes,Month-to-month,Yes,Credit card (automatic),95.0,3008.15,No,25-48,91.1560606060606,5,1
Female,0,Yes,Yes,10,Yes,No,No,No internet service,No internet service,No internet service,No internet service,No internet service,No internet service,Two year,No,Mailed check,20.15,220.8,No,0-12,22.08,1,0
Female,1,No,No,57,Yes,Yes,Fiber optic,Yes,No,Yes,Yes,No,Yes,Two year,No,Credit card (automatic),101.3,5779.6,No,49-60,101.39649122807018,6,1
Female,0,No,No,10,Yes,No,No,No internet service,No internet service,No internet service,No internet service,No internet service,No internet service,Month-to-month,Yes,Electronic check,21.2,222.65,No,0-12,22.265,1,0
Female,0,Yes,Yes,39,Yes,Yes,No,No internet service,No internet service,No internet service,No internet service,No internet service,No internet service,One year,Yes,Mailed check,24.2,914.6,No,25-48,23.451282051282053,2,0
Female,0,No,No,11,Yes,No,No,No internet service,No internet service,No internet service,No internet service,No internet service,No internet service,Month-to-month,No,Bank transfer (automatic),20.3,246.3,No,0-12,22.39090909090909,1,0
Female,0,Yes,Yes,21,Yes,No,Fiber optic,No,Yes,Yes,Yes,Yes,Yes,Month-to-month,Yes,Electronic check,102.8,2110.15,Yes,13-24,100.48333333333332,6,1
Female,0,Yes,Yes,68,Yes,Yes,DSL,No,Yes,Yes,Yes,Yes,Yes,Two year,No,Bank transfer (automatic),85.3,5560.0,No,60+,81.76470588235294,7,1
Male,0,No,No,18,Yes,Yes,Fiber optic,No,No,Yes,No,Yes,No,One year,Yes,Credit card (automatic),89.6,1633.0,No,13-24,90.72222222222224,4,1
Female,0,No,No,6,Yes,No,Fiber optic,No,No,Yes,Yes,Yes,Yes,Month-to-month,Yes,Mailed check,99.95,547.65,Yes,0-12,91.275,5,1
Male,0,No,No,18,Yes,Yes,DSL,Yes,No,No,No,No,No,Month-to-month,No,Mailed check,56.25,969.85,No,13-24,53.88055555555556,3,1
Female,0,Yes,Yes,52,Yes,No,DSL,No,No,Yes,No,No,No,One year,Yes,Bank transfer (automatic),50.95,2610.65,No,49-60,50.204807692307696,2,1
Male,0,Yes,Yes,56,Yes,Yes,Fiber optic,Yes,Yes,Yes,Yes,Yes,Yes,Two year,No,Mailed check,115.85,6567.9,No,49-60,117.28392857142856,8,1
Male,0,No,No,45,Yes,Yes,Fiber optic,No,No,Yes,Yes,Yes,Yes,Month-to-month,Yes,Bank transfer (automatic),103.65,4747.85,No,25-48,105.5077777777778,6,1
Female,0,No,No,67,Yes,Yes,No,No internet service,No internet service,No internet service,No internet service,No internet service,No internet service,Two year,Yes,Mailed check,26.1,1759.55,No,60+,26.26194029850746,2,0
Male,0,Yes,No,3,No,No phone service,DSL,Yes,No,No,Yes,No,No,Month-to-month,No,Mailed check,35.1,101.1,No,0-12,33.7,2,1
Male,1,No,No,65,Yes,No,Fiber optic,No,Yes,Yes,No,Yes,Yes,Month-to-month,Yes,Bank transfer (automatic),99.1,6496.15,No,60+,99.94076923076922,5,1
Male,0,Yes,No,63,Yes,Yes,DSL,No,Yes,No,Yes,No,Yes,Two year,No,Mailed check,67.25,4234.15,No,60+,67.20873015873015,5,1
Female,0,Yes,Yes,11,Yes,Yes,No,No internet service,No internet service,No internet service,No internet service,No internet service,No internet service,Two year,No,Mailed check,25.0,300.7,No,0-12,27.33636363636364,2,0
Male,0,No,Yes,1,Yes,No,DSL,No,No,No,Yes,No,Yes,Month-to-month,Yes,Mailed check,59.55,59.55,No,0-12,59.55,3,1
Male,0,No,No,55,Yes,Yes,DSL,No,No,Yes,No,Yes,Yes,Two year,Yes,Bank transfer (automatic),77.8,4323.35,No,49-60,78.60636363636364,5,1
Male,0,Yes,Yes,25,Yes,Yes,DSL,No,No,No,Yes,No,No,One year,Yes,Mailed check,55.1,1466.1,No,25-48,58.644,3,1
Male,0,Yes,No,72,Yes,Yes,Fiber optic,Yes,Yes,Yes,Yes,Yes,Yes,One year,Yes,Bank transfer (automatic),117.8,8684.8,Yes,60+,120.6222222222222,8,1
Female,0,Yes,No,72,Yes,Yes,No,No internet service,No internet service,No internet service,No internet service,No internet service,No internet service,Two year,Yes,Credit card (automatic),24.15,1776.45,No,60+,24.672916666666666,2,0
Female,0,No,Yes,65,No,No phone service,DSL,No,Yes,No,Yes,Yes,No,Two year,No,Mailed check,45.25,2933.95,No,60+,45.13769230769231,3,1
Female,1,No,No,54,Yes,Yes,Fiber optic,No,Yes,No,No,No,No,Month-to-month,Yes,Electronic check,79.5,4370.25,Yes,49-60,80.93055555555556,3,1
Male,0,Yes,Yes,7,Yes,No,No,No internet service,No internet service,No internet service,No internet service,No internet service,No internet service,Month-to-month,No,Mailed check,20.25,144.35,No,0-12,20.62142857142857,1,0
Female,0,Yes,No,72,Yes,Yes,DSL,Yes,Yes,No,Yes,No,No,Two year,No,Bank transfer (automatic),64.75,4804.75,No,60+,66.73263888888889,5,1
Male,0,Yes,No,21,Yes,No,DSL,No,No,No,No,Yes,No,Month-to-month,No,Bank transfer (automatic),54.6,1125.2,No,13-24,53.58095238095238,2,1
Female,0,No,No,2,Yes,No,No,No internet service,No internet service,No internet service,No internet service,No internet service,No internet service,Month-to-month,Yes,Bank transfer (automatic),20.7,39.85,No,0-12,19.925,1,0
Male,1,No,No,4,Yes,No,Fiber optic,No,No,Yes,No,Yes,Yes,Month-to-month,Yes,Electronic check,94.75,422.4,No,0-12,105.6,4,1
Male,0,Yes,No,3,Yes,Yes,Fiber optic,No,No,No,Yes,No,No,Month-to-month,Yes,Bank transfer (automatic),79.65,251.75,Yes,0-12,83.91666666666667,3,1
Male,0,Yes,No,72,Yes,Yes,Fiber optic,Yes,Yes,Yes,Yes,Yes,Yes,Two year,No,Credit card (automatic),115.8,8332.15,No,60+,115.72430555555556,8,1
Female,0,No,No,6,Yes,No,DSL,Yes,No,No,No,No,No,Month-to-month,Yes,Electronic check,49.45,314.6,No,0-12,52.43333333333334,2,1
Male,0,No,No,52,Yes,No,Fiber optic,No,No,Yes,No,No,Yes,Month-to-month,Yes,Credit card (automatic),83.8,4331.4,No,49-60,83.29615384615384,3,1
Male,1,Yes,No,69,Yes,Yes,Fiber optic,No,Yes,Yes,No,No,Yes,Month-to-month,Yes,Bank transfer (automatic),95.35,6382.0,No,60+,92.4927536231884,5,1
Male,0,No,No,8,Yes,No,Fiber optic,No,No,Yes,No,Yes,Yes,Month-to-month,Yes,Electronic check,94.7,740.3,Yes,0-12,92.5375,4,1
Female,1,No,No,8,Yes,No,Fiber optic,No,No,Yes,No,No,No,Month-to-month,Yes,Bank transfer (automatic),74.05,600.15,No,0-12,75.01875,2,1
Female,1,No,No,63,Yes,Yes,Fiber optic,No,No,Yes,No,No,Yes,Month-to-month,Yes,Bank transfer (automatic),89.6,5538.8,No,60+,87.91746031746032,4,1
Male,0,No,No,60,Yes,Yes,Fiber optic,Yes,Yes,Yes,Yes,Yes,Yes,One year,Yes,Credit card (automatic),116.6,7049.5,No,49-60,117.49166666666666,8,1
Female,0,Yes,No,12,Yes,No,DSL,Yes,No,No,Yes,No,No,Month-to-month,No,Bank transfer (automatic),54.2,690.5,No,0-12,57.54166666666666,3,1
Female,0,No,No,13,Yes,No,No,No internet service,No internet service,No internet service,No internet service,No internet service,No internet service,Month-to-month,Yes,Mailed check,19.3,279.3,No,13-24,21.484615384615385,1,0
Male,0,No,No,22,Yes,Yes,DSL,Yes,Yes,Yes,No,No,No,Month-to-month,No,Mailed check,65.05,1427.55,No,13-24,64.88863636363637,5,1
Male,0,No,No,5,Yes,Yes,Fiber optic,No,No,Yes,No,Yes,No,Month-to-month,Yes,Electronic check,92.5,452.7,Yes,0-12,90.54,4,1
Female,0,Yes,Yes,1,Yes,No,No,No internet service,No internet service,No internet service,No internet service,No internet service,No internet service,Month-to-month,No,Mailed check,19.45,19.45,Yes,0-12,19.45,1,0
Female,0,Yes,Yes,72,Yes,Yes,No,No internet service,No internet service,No internet service,No internet service,No internet service,No internet service,Two year,Yes,Bank transfer (automatic),24.05,1709.15,No,60+,23.73819444444445,2,0
Female,0,No,No,2,Yes,No,No,No internet service,No internet service,No internet service,No internet service,No internet service,No internet service,Month-to-month,No,Bank transfer (automatic),18.75,53.15,No,0-12,26.575,1,0
Female,0,Yes,Yes,40,Yes,No,No,No internet service,No internet service,No internet service,No internet service,No internet service,No internet service,Two year,No,Bank transfer (automatic),20.15,777.35,No,25-48,19.43375,1,0
Male,0,Yes,Yes,44,Yes,No,No,No internet service,No internet service,No internet service,No internet service,No internet service,No internet service,One year,No,Bank transfer (automatic),20.0,860.85,No,25-48,19.56477272727273,1,0
Male,1,Yes,No,71,Yes,No,DSL,Yes,Yes,No,Yes,Yes,No,One year,Yes,Bank transfer (automatic),71.0,5012.1,No,60+,70.59295774647887,5,1
Female,0,No,No,2,Yes,Yes,Fiber optic,No,No,No,No,No,No,Month-to-month,Yes,Electronic check,75.55,166.3,Yes,0-12,83.15,2,1
Male,1,No,No,26,Yes,Yes,Fiber optic,No,No,No,No,Yes,Yes,Month-to-month,Yes,Electronic check,93.6,2404.1,No,25-48,92.4653846153846,4,1
Male,0,Yes,Yes,1,Yes,No,Fiber optic,No,No,No,No,No,No,Month-to-month,Yes,Electronic check,70.0,70.0,Yes,0-12,70.0,1,1
Female,0,No,No,1,No,No phone service,DSL,No,No,No,No,No,No,Month-to-month,No,Mailed check,24.4,24.4,No,0-12,24.4,0,1
Male,0,Yes,Yes,65,Yes,No,DSL,Yes,No,No,Yes,Yes,Yes,Two year,Yes,Bank transfer (automatic),74.8,4820.15,Yes,60+,74.15615384615384,5,1
Male,0,No,No,3,Yes,Yes,DSL,No,No,No,Yes,Yes,No,Month-to-month,Yes,Mailed check,65.25,209.9,No,0-12,69.96666666666667,4,1
Male,0,No,No,13,Yes,No,DSL,No,No,No,Yes,No,No,Month-to-month,Yes,Mailed check,50.55,610.75,No,13-24,46.98076923076923,2,1
Female,0,Yes,No,33,Yes,Yes,Fiber optic,No,Yes,Yes,No,Yes,Yes,Month-to-month,Yes,Electronic check,104.4,3409.6,Yes,25-48,103.32121212121211,6,1
Female,0,No,No,1,Yes,No,Fiber optic,No,No,No,No,No,No,Month-to-month,Yes,Mailed check,70.7,70.7,No,0-12,70.7,1,1
Male,0,Yes,Yes,4,Yes,No,DSL,No,No,No,No,No,No,Month-to-month,No,Mailed check,45.25,155.35,No,0-12,38.8375,1,1
Male,0,No,No,2,Yes,No,Fiber optic,No,No,No,No,No,No,Month-to-month,Yes,Electronic check,70.3,144.0,No,0-12,72.0,1,1
Male,0,Yes,No,72,Yes,Yes,Fiber optic,Yes,Yes,No,Yes,Yes,Yes,Two year,Yes,Credit card (automatic),108.95,7875.0,No,60+,109.375,7,1
Female,0,Yes,Yes,37,Yes,Yes,No,No internet service,No internet service,No internet service,No internet service,No internet service,No internet service,Month-to-month,No,Mailed check,26.45,911.6,No,25-48,24.63783783783784,2,0
Female,0,No,No,15,Yes,No,Fiber optic,Yes,No,No,No,Yes,No,Month-to-month,No,Electronic check,86.2,1270.2,Yes,13-24,84.68,3,1
Female,0,No,No,23,Yes,No,No,No internet service,No internet service,No internet service,No internet service,No internet service,No internet service,One year,Yes,Credit card (automatic),19.65,478.1,No,13-24,20.78695652173913,1,0
Female,0,Yes,Yes,30,No,No phone service,DSL,No,No,No,Yes,Yes,Yes,Month-to-month,No,Credit card (automatic),51.2,1561.5,Yes,25-48,52.05,3,1
Female,0,Yes,Yes,42,Yes,No,No,No internet service,No internet service,No internet service,No internet service,No internet service,No internet service,One year,Yes,Electronic check,19.05,761.85,No,25-48,18.13928571428572,1,0
Female,0,No,No,32,Yes,Yes,DSL,Yes,No,No,No,Yes,Yes,One year,No,Mailed check,74.75,2282.95,No,25-48,71.3421875,5,1
Female,0,Yes,Yes,22,Yes,Yes,Fiber optic,No,No,No,No,No,No,Month-to-month,Yes,Bank transfer (automatic),75.8,1615.1,No,13-24,73.41363636363636,2,1
Male,0,Yes,No,42,No,No phone service,DSL,No,No,No,No,No,No,Month-to-month,Yes,Credit card (automatic),25.1,1097.15,No,25-48,26.12261904761905,0,1
Female,0,No,No,8,Yes,No,DSL,No,No,No,No,No,No,Month-to-month,No,Mailed check,44.45,369.3,No,0-12,46.1625,1,1
Female,0,Yes,Yes,65,Yes,Yes,Fiber optic,Yes,No,Yes,No,Yes,Yes,Two year,Yes,Credit card (automatic),104.3,6725.3,No,60+,103.46615384615384,6,1
Female,0,No,No,2,Yes,No,No,No internet service,No internet service,No internet service,No internet service,No internet service,No internet service,Month-to-month,No,Mailed check,19.5,31.55,Yes,0-12,15.775,1,0
Female,0,Yes,Yes,70,Yes,Yes,DSL,Yes,Yes,Yes,Yes,Yes,Yes,Two year,Yes,Bank transfer (automatic),89.0,6293.2,No,60+,89.90285714285714,8,1
Male,0,No,Yes,22,Yes,No,No,No internet service,No internet service,No internet service,No internet service,No internet service,No internet service,Month-to-month,No,Credit card (automatic),20.15,432.5,No,13-24,19.65909090909091,1,0
Female,1,No,No,4,Yes,Yes,Fiber optic,No,No,No,No,No,No,Month-to-month,Yes,Electronic check,74.9,321.75,Yes,0-12,80.4375,2,1
Female,0,No,No,2,Yes,Yes,Fiber optic,No,No,No,No,No,No,Month-to-month,No,Credit card (automatic),74.9,147.15,Yes,0-12,73.575,2,1
Female,0,Yes,Yes,67,No,No phone service,DSL,Yes,Yes,No,No,No,No,Two year,No,Bank transfer (automatic),36.15,2434.45,No,60+,36.33507462686567,2,1
Female,0,No,No,25,Yes,No,No,No internet service,No internet service,No internet service,No internet service,No internet service,No internet service,Month-to-month,Yes,Credit card (automatic),19.2,532.1,No,25-48,21.284,1,0
Female,0,Yes,No,20,Yes,No,No,No internet service,No internet service,No internet service,No internet service,No internet service,No internet service,Month-to-month,No,Bank transfer (automatic),19.25,375.25,No,13-24,18.7625,1,0
Female,0,No,Yes,2,Yes,No,DSL,Yes,No,No,No,No,Yes,Month-to-month,Yes,Credit card (automatic),61.2,125.95,No,0-12,62.975,3,1
Male,0,No,No,51,Yes,No,No,No internet service,No internet service,No internet service,No internet service,No internet service,No internet service,Two year,No,Mailed check,20.45,1042.65,No,49-60,20.444117647058825,1,0
Female,0,Yes,Yes,46,No,No phone service,DSL,Yes,Yes,No,No,No,No,Month-to-month,No,Bank transfer (automatic),35.05,1620.25,No,25-48,35.22282608695652,2,1
Female,0,No,No,25,Yes,Yes,Fiber optic,No,Yes,No,No,Yes,Yes,Month-to-month,Yes,Electronic check,100.25,2387.75,Yes,25-48,95.51,5,1
Male,0,No,Yes,13,Yes,No,DSL,No,No,No,No,No,No,Month-to-month,No,Mailed check,44.0,659.35,No,13-24,50.71923076923077,1,1
Female,1,No,No,25,Yes,Yes,Fiber optic,Yes,Yes,No,No,Yes,Yes,Month-to-month,Yes,Mailed check,102.8,2660.2,Yes,25-48,106.408,6,1
Male,0,Yes,Yes,26,Yes,No,DSL,No,No,Yes,No,No,No,One year,No,Mailed check,50.35,1285.8,No,25-48,49.45384615384615,2,1
Male,0,No,No,43,Yes,Yes,Fiber optic,No,No,No,Yes,Yes,Yes,One year,Yes,Electronic check,100.0,4211.55,Yes,25-48,97.94302325581396,5,1
Male,0,No,Yes,19,Yes,No,No,No internet service,No internet service,No internet service,No internet service,No internet service,No internet service,Month-to-month,Yes,Electronic check,20.0,377.55,No,13-24,19.871052631578948,1,0
Male,0,Yes,No,10,Yes,No,Fiber optic,No,Yes,No,Yes,Yes,Yes,Month-to-month,Yes,Electronic check,99.85,990.9,Yes,0-12,99.09,5,1
Female,0,No,Yes,2,Yes,Yes,Fiber optic,No,No,No,No,Yes,Yes,Month-to-month,Yes,Bank transfer (automatic),94.2,193.8,Yes,0-12,96.9,4,1
Female,0,Yes,No,72,Yes,Yes,DSL,Yes,Yes,No,Yes,Yes,Yes,Two year,Yes,Bank transfer (automatic),86.4,6058.95,No,60+,84.15208333333334,7,1
Male,1,No,No,18,Yes,Yes,DSL,Yes,Yes,No,No,No,No,Month-to-month,Yes,Credit card (automatic),58.4,964.9,No,13-24,53.605555555555554,4,1
Male,1,No,No,9,Yes,Yes,Fiber optic,No,No,No,No,No,Yes,Month-to-month,Yes,Electronic check,83.85,790.15,Yes,0-12,87.79444444444444,3,1
Female,1,No,No,27,Yes,Yes,Fiber optic,No,No,Yes,No,No,Yes,Month-to-month,No,Credit card (automatic),88.3,2467.75,Yes,25-48,91.39814814814817,4,1
Male,0,No,No,24,Yes,Yes,Fiber optic,No,No,No,No,Yes,Yes,Month-to-month,Yes,Electronic check,94.1,2322.85,No,13-24,96.78541666666666,4,1
Male,0,No,No,69,Yes,No,Fiber optic,No,Yes,Yes,Yes,Yes,Yes,One year,Yes,Bank transfer (automatic),104.05,7262.0,Yes,60+,105.2463768115942,6,1
Female,0,Yes,No,46,Yes,Yes,Fiber optic,No,Yes,Yes,Yes,Yes,Yes,Two year,Yes,Credit card (automatic),108.9,4854.3,No,25-48,105.52826086956522,7,1
Female,1,No,No,72,Yes,Yes,Fiber optic,Yes,Yes,Yes,Yes,No,Yes,Two year,Yes,Bank transfer (automatic),107.4,7748.75,No,60+,107.62152777777776,7,1
Male,0,Yes,No,22,Yes,No,Fiber optic,No,No,Yes,No,Yes,Yes,Month-to-month,Yes,Credit card (automatic),94.7,1914.9,Yes,13-24,87.0409090909091,4,1
Female,1,Yes,No,70,Yes,Yes,Fiber optic,Yes,No,No,No,No,Yes,Month-to-month,Yes,Electronic check,90.85,6470.1,No,60+,92.43,4,1
Female,0,No,No,2,Yes,No,No,No internet service,No internet service,No internet service,No internet service,No internet service,No internet service,Month-to-month,No,Electronic check,19.9,57.4,No,0-12,28.7,1,0
Male,0,Yes,No,31,Yes,No,DSL,No,No,Yes,Yes,No,Yes,Month-to-month,Yes,Credit card (automatic),66.4,2019.8,No,25-48,65.15483870967742,4,1
Female,1,Yes,No,56,Yes,Yes,Fiber optic,No,No,Yes,No,Yes,Yes,Month-to-month,Yes,Bank transfer (automatic),100.65,5688.05,Yes,49-60,101.57232142857144,5,1
Female,0,Yes,Yes,16,Yes,No,Fiber optic,Yes,No,Yes,No,Yes,Yes,Month-to-month,No,Bank transfer (automatic),100.7,1522.7,No,13-24,95.16875,5,1
Male,0,No,Yes,52,Yes,Yes,No,No internet service,No internet service,No internet service,No internet service,No internet service,No internet service,Two year,No,Credit card (automatic),25.6,1334.5,No,49-60,25.66346153846154,2,0
Male,0,Yes,Yes,13,Yes,No,No,No internet service,No internet service,No internet service,No internet service,No internet service,No internet service,Month-to-month,Yes,Mailed check,19.85,252.0,No,13-24,19.384615384615383,1,0
Female,0,No,No,35,Yes,No,No,No internet service,No internet service,No internet service,No internet service,No internet service,No internet service,One year,No,Mailed check,20.75,700.45,No,25-48,20.012857142857143,1,0
Female,0,No,No,59,Yes,No,Fiber optic,No,No,Yes,No,Yes,Yes,Two year,No,Electronic check,95.8,5655.45,No,49-60,95.85508474576272,4,1
Male,0,Yes,No,72,Yes,No,Fiber optic,No,No,Yes,No,Yes,Yes,Month-to-month,Yes,Electronic check,94.65,6747.35,No,60+,93.71319444444444,4,1
Female,1,Yes,No,66,Yes,Yes,DSL,No,Yes,Yes,No,Yes,Yes,Two year,Yes,Bank transfer (automatic),80.55,5265.1,Yes,60+,79.77424242424243,6,1
Female,0,Yes,No,49,Yes,Yes,Fiber optic,Yes,Yes,Yes,Yes,No,Yes,Two year,No,Credit card (automatic),106.65,5174.35,No,49-60,105.59897959183674,7,1
Female,0,No,No,2,Yes,No,DSL,No,No,No,No,No,No,Month-to-month,Yes,Mailed check,45.85,105.6,No,0-12,52.8,1,1
Male,1,No,No,21,Yes,Yes,Fiber optic,No,Yes,Yes,No,Yes,Yes,Month-to-month,Yes,Electronic check,104.35,2271.85,No,13-24,108.18333333333332,6,1
Male,1,No,No,54,No,No phone service,DSL,No,Yes,Yes,No,Yes,Yes,One year,Yes,Electronic check,55.45,2966.95,No,49-60,54.94351851851852,4,1
Male,1,Yes,No,24,Yes,Yes,Fiber optic,Yes,No,No,No,No,No,Month-to-month,Yes,Electronic check,78.85,1772.25,Yes,13-24,73.84375,3,1
Male,0,No,No,1,Yes,Yes,DSL,Yes,Yes,No,No,No,No,Month-to-month,No,Electronic check,61.15,61.15,No,0-12,61.15,4,1
Male,0,No,No,6,Yes,No,Fiber optic,Yes,Yes,No,No,No,No,Month-to-month,Yes,Electronic check,78.95,494.95,No,0-12,82.49166666666666,3,1
Female,0,No,No,1,Yes,No,DSL,No,No,No,No,No,No,Month-to-month,Yes,Mailed check,44.45,44.45,Yes,0-12,44.45,1,1
Male,0,No,Yes,49,Yes,Yes,Fiber optic,Yes,Yes,Yes,No,Yes,Yes,One year,Yes,Credit card (automatic),109.2,5290.45,No,49-60,107.96836734693878,7,1
Female,0,Yes,Yes,56,Yes,No,DSL,Yes,Yes,Yes,No,No,No,Two year,Yes,Credit card (automatic),61.3,3346.8,No,49-60,59.76428571428572,4,1
Female,1,No,No,56,Yes,Yes,Fiber optic,Yes,Yes,No,No,No,Yes,Month-to-month,Yes,Electronic check,96.85,5219.65,No,49-60,93.20803571428571,5,1
Female,0,Yes,Yes,6,No,No phone service,DSL,No,Yes,Yes,Yes,No,No,Two year,No,Mailed check,40.55,217.5,No,0-12,36.25,3,1
Male,0,No,No,32,Yes,No,No,No internet service,No internet service,No internet service,No internet service,No internet service,No internet service,One year,No,Mailed check,19.8,607.7,No,25-48,18.990625,1,0
Male,0,Yes,Yes,50,Yes,Yes,Fiber optic,Yes,Yes,Yes,No,Yes,Yes,One year,Yes,Electronic check,108.25,5431.4,No,49-60,108.628,7,1
Male,0,Yes,Yes,58,Yes,Yes,Fiber optic,No,No,Yes,Yes,Yes,Yes,One year,Yes,Bank transfer (automatic),105.05,6004.85,No,49-60,103.53189655172416,6,1
Female,0,Yes,Yes,65,Yes,Yes,DSL,Yes,Yes,Yes,Yes,Yes,Yes,Two year,Yes,Mailed check,90.45,5957.9,No,60+,91.66,8,1
Female,0,No,No,64,Yes,Yes,DSL,Yes,Yes,Yes,Yes,Yes,Yes,Two year,Yes,Credit card (automatic),86.4,5442.05,No,60+,85.03203125,8,1
Female,0,Yes,No,66,Yes,Yes,DSL,Yes,Yes,Yes,No,No,No,Two year,No,Bank transfer (automatic),66.9,4370.25,No,60+,66.2159090909091,5,1
Male,0,Yes,No,38,Yes,Yes,Fiber optic,Yes,No,Yes,Yes,Yes,Yes,One year,Yes,Electronic check,110.7,4428.6,No,25-48,116.54210526315792,7,1
Female,0,Yes,No,20,Yes,No,No,No internet service,No internet service,No internet service,No internet service,No internet service,No internet service,One year,Yes,Mailed check,20.0,416.45,No,13-24,20.8225,1,0
Male,0,No,No,36,Yes,Yes,Fiber optic,No,No,No,No,No,Yes,Month-to-month,Yes,Electronic check,84.9,3067.2,Yes,25-48,85.19999999999999,3,1
Male,1,No,No,64,Yes,Yes,Fiber optic,No,No,Yes,Yes,Yes,Yes,One year,No,Electronic check,102.1,6688.1,No,60+,104.5015625,6,1
Male,0,No,No,1,Yes,No,No,No internet service,No internet service,No internet service,No internet service,No internet service,No internet service,Month-to-month,No,Mailed check,20.25,20.25,Yes,0-12,20.25,1,0
Female,0,No,No,60,Yes,No,DSL,No,Yes,Yes,Yes,Yes,No,One year,Yes,Credit card (automatic),70.15,4224.7,No,49-60,70.41166666666666,5,1
Male,0,No,No,1,Yes,No,Fiber optic,No,Yes,No,No,No,No,Month-to-month,Yes,Electronic check,74.35,74.35,Yes,0-12,74.35,2,1
Female,0,Yes,Yes,50,Yes,Yes,DSL,Yes,Yes,Yes,Yes,No,Yes,One year,Yes,Bank transfer (automatic),80.05,4042.2,No,49-60,80.844,7,1
Male,0,No,No,1,Yes,Yes,DSL,No,No,Yes,Yes,No,No,Month-to-month,No,Mailed check,62.05,62.05,Yes,0-12,62.05,4,1
Female,0,Yes,No,72,No,No phone service,DSL,Yes,Yes,Yes,No,No,Yes,Two year,Yes,Electronic check,49.2,3580.95,No,60+,49.735416666666666,4,1
Male,0,Yes,No,60,Yes,No,No,No internet service,No internet service,No internet service,No internet service,No internet service,No internet service,Two year,Yes,Bank transfer (automatic),20.5,1198.8,No,49-60,19.98,1,0
Male,0,No,No,46,No,No phone service,DSL,Yes,No,Yes,Yes,No,No,Two year,No,Mailed check,38.25,1755.35,No,25-48,38.15978260869565,3,1
Female,0,Yes,Yes,69,No,No phone service,DSL,No,Yes,Yes,No,Yes,Yes,Two year,Yes,Credit card (automatic),54.95,3772.5,No,60+,54.67391304347826,4,1
Male,1,No,No,31,Yes,Yes,Fiber optic,No,No,Yes,Yes,Yes,No,Month-to-month,Yes,Bank transfer (automatic),96.6,2877.95,No,25-48,92.83709677419354,5,1
Male,0,Yes,Yes,19,Yes,No,No,No internet service,No internet service,No internet service,No internet service,No internet service,No internet service,One year,No,Mailed check,19.9,357.7,No,13-24,18.82631578947368,1,0
Female,0,Yes,Yes,71,Yes,No,No,No internet service,No internet service,No internet service,No internet service,No internet service,No internet service,Two year,No,Credit card (automatic),19.9,1397.3,No,60+,19.680281690140845,1,0
Male,0,Yes,No,12,Yes,No,Fiber optic,Yes,Yes,Yes,No,No,No,Month-to-month,Yes,Electronic check,84.6,959.9,No,0-12,79.99166666666666,4,1
Male,0,Yes,Yes,39,Yes,No,DSL,Yes,No,Yes,Yes,Yes,Yes,One year,No,Credit card (automatic),80.0,3182.95,Yes,25-48,81.61410256410257,6,1
Male,0,No,No,44,Yes,Yes,DSL,No,Yes,Yes,Yes,Yes,Yes,One year,Yes,Bank transfer (automatic),85.25,3704.15,No,25-48,84.18522727272727,7,1
Female,0,Yes,Yes,56,Yes,Yes,DSL,Yes,Yes,Yes,Yes,Yes,No,Two year,No,Credit card (automatic),81.25,4620.4,No,49-60,82.50714285714285,7,1
Female,0,Yes,No,72,Yes,Yes,Fiber optic,Yes,Yes,Yes,Yes,Yes,Yes,Two year,Yes,Bank transfer (automatic),115.5,8312.75,No,60+,115.45486111111111,8,1
Male,0,No,No,5,Yes,Yes,Fiber optic,No,Yes,Yes,No,Yes,Yes,Month-to-month,No,Mailed check,104.1,541.9,Yes,0-12,108.38,6,1
Female,0,No,No,11,Yes,Yes,Fiber optic,Yes,No,No,No,No,No,Month-to-month,Yes,Bank transfer (automatic),79.0,929.3,No,0-12,84.48181818181818,3,1
Male,1,Yes,No,24,No,No phone service,DSL,Yes,No,No,No,No,Yes,Month-to-month,No,Bank transfer (automatic),39.1,971.3,Yes,13-24,40.47083333333333,2,1
Female,1,Yes,No,15,Yes,No,Fiber optic,No,Yes,No,No,Yes,Yes,Month-to-month,Yes,Electronic check,94.65,1285.05,No,13-24,85.67,4,1
Male,0,No,No,72,Yes,No,No,No internet service,No internet service,No internet service,No internet service,No internet service,No internet service,Two year,Yes,Mailed check,20.8,1521.2,No,60+,21.12777777777778,1,0
Male,0,Yes,No,56,Yes,Yes,DSL,No,Yes,Yes,No,No,No,Two year,No,Credit card (automatic),59.5,3389.25,No,49-60,60.52232142857143,4,1
Male,1,No,No,64,Yes,No,No,No internet service,No internet service,No internet service,No internet service,No internet service,No internet service,Two year,Yes,Bank transfer (automatic),20.05,1198.05,No,60+,18.71953125,1,0
Female,0,Yes,No,34,Yes,Yes,Fiber optic,No,No,Yes,No,Yes,Yes,Month-to-month,Yes,Electronic check,100.45,3414.65,No,25-48,100.43088235294118,5,1
Male,0,No,No,2,Yes,Yes,Fiber optic,No,No,No,No,No,No,Month-to-month,Yes,Electronic check,76.5,162.45,Yes,0-12,81.225,2,1
Male,0,No,No,35,Yes,No,No,No internet service,No internet service,No internet service,No internet service,No internet service,No internet service,One year,No,Bank transfer (automatic),20.6,754.0,No,25-48,21.542857142857144,1,0
Male,0,No,No,22,Yes,No,No,No internet service,No internet service,No internet service,No internet service,No internet service,No internet service,One year,No,Credit card (automatic),20.3,467.15,No,13-24,21.23409090909091,1,0
Male,0,No,No,5,Yes,No,DSL,No,No,No,Yes,No,No,Month-to-month,Yes,Electronic check,49.2,216.9,Yes,0-12,43.38,2,1
Male,0,No,No,9,No,No phone service,DSL,Yes,Yes,Yes,No,No,No,One year,No,Mailed check,39.55,373.0,No,0-12,41.44444444444444,3,1
Male,0,No,No,11,Yes,Yes,No,No internet service,No internet service,No internet service,No internet service,No internet service,No internet service,Month-to-month,No,Credit card (automatic),23.15,245.2,Yes,0-12,22.29090909090909,2,0
Male,0,No,No,23,Yes,No,No,No internet service,No internet service,No internet service,No internet service,No internet service,No internet service,One year,No,Mailed check,20.45,481.1,No,13-24,20.917391304347827,1,0
Female,0,Yes,Yes,4,Yes,No,Fiber optic,No,No,No,No,No,Yes,Month-to-month,No,Electronic check,80.85,302.75,Yes,0-12,75.6875,2,1
Male,0,Yes,No,68,Yes,Yes,No,No internet service,No internet service,No internet service,No internet service,No internet service,No internet service,Two year,No,Bank transfer (automatic),25.25,1728.2,No,60+,25.41470588235294,2,0
Male,0,Yes,No,33,Yes,No,Fiber optic,No,No,No,No,Yes,Yes,Month-to-month,No,Electronic check,91.25,2964.05,No,25-48,89.81969696969698,3,1
Male,0,No,No,31,Yes,No,DSL,Yes,Yes,Yes,Yes,Yes,No,Month-to-month,Yes,Bank transfer (automatic),72.45,2156.25,No,25-48,69.55645161290323,6,1
Male,0,No,No,1,Yes,Yes,DSL,No,Yes,No,Yes,No,No,Month-to-month,No,Mailed check,60.1,60.1,Yes,0-12,60.1,4,1
Female,0,No,No,56,Yes,No,No,No internet service,No internet service,No internet service,No internet service,No internet service,No internet service,Two year,No,Bank transfer (automatic),19.7,1051.9,No,49-60,18.78392857142857,1,0
Male,0,No,No,1,Yes,No,Fiber optic,No,No,No,No,Yes,No,Month-to-month,Yes,Electronic check,78.95,78.95,Yes,0-12,78.95,2,1
Male,0,Yes,Yes,66,Yes,No,DSL,Yes,Yes,Yes,Yes,Yes,No,One year,Yes,Electronic check,75.1,5013.0,No,60+,75.95454545454545,6,1
Male,0,Yes,Yes,72,Yes,Yes,No,No internet service,No internet service,No internet service,No internet service,No internet service,No internet service,Two year,No,Bank transfer (automatic),25.0,1738.9,No,60+,24.15138888888889,2,0
Male,1,No,No,34,Yes,No,Fiber optic,No,No,No,No,No,No,Month-to-month,No,Credit card (automatic),69.15,2275.1,No,25-48,66.91470588235293,1,1
Female,0,Yes,Yes,58,Yes,No,Fiber optic,No,Yes,Yes,No,Yes,No,Month-to-month,Yes,Electronic check,91.55,5511.65,No,49-60,95.02844827586206,4,1
Male,0,No,No,2,Yes,No,DSL,No,No,No,No,No,No,Month-to-month,Yes,Electronic check,45.15,98.5,Yes,0-12,49.25,1,1
Male,0,No,No,37,No,No phone service,DSL,No,No,No,No,Yes,No,Two year,No,Credit card (automatic),35.8,1316.9,No,25-48,35.5918918918919,1,1
Female,0,No,No,71,Yes,Yes,Fiber optic,Yes,Yes,Yes,Yes,Yes,Yes,Two year,Yes,Credit card (automatic),113.15,7993.3,No,60+,112.58169014084508,8,1
Male,0,Yes,Yes,1,Yes,No,No,No internet service,No internet service,No internet service,No internet service,No internet service,No internet service,One year,No,Credit card (automatic),19.85,19.85,No,0-12,19.85,1,0
Male,1,Yes,Yes,71,Yes,No,No,No internet service,No internet service,No internet service,No internet service,No internet service,No internet service,Two year,No,Credit card (automatic),19.8,1388.45,No,60+,19.555633802816903,1,0
Male,0,Yes,Yes,35,Yes,No,No,No internet service,No internet service,No internet service,No internet service,No internet service,No internet service,One year,No,Electronic check,19.9,666.0,No,25-48,19.02857142857143,1,0
Female,0,Yes,Yes,6,Yes,No,No,No internet service,No internet service,No internet service,No internet service,No internet service,No internet service,One year,No,Mailed check,19.7,94.45,No,0-12,15.741666666666667,1,0
Female,0,No,No,3,Yes,No,Fiber optic,No,No,No,No,Yes,No,Month-to-month,Yes,Electronic check,79.4,244.65,Yes,0-12,81.55,2,1
Female,0,Yes,Yes,69,Yes,No,DSL,No,Yes,Yes,Yes,No,No,One year,No,Bank transfer (automatic),59.1,4134.7,No,60+,59.9231884057971,4,1
Male,0,No,No,44,No,No phone service,DSL,No,Yes,Yes,No,Yes,Yes,One year,Yes,Mailed check,53.95,2375.4,Yes,25-48,53.98636363636364,4,1
Female,0,Yes,No,53,Yes,Yes,Fiber optic,No,No,No,Yes,No,Yes,One year,Yes,Electronic check,91.15,4862.5,No,49-60,91.74528301886792,4,1
Female,0,Yes,No,24,Yes,No,Fiber optic,No,Yes,Yes,No,Yes,Yes,Month-to-month,Yes,Credit card (automatic),99.3,2431.35,Yes,13-24,101.30625,5,1
Female,0,Yes,No,5,Yes,No,Fiber optic,No,No,No,No,No,No,Month-to-month,Yes,Electronic check,68.95,351.5,No,0-12,70.3,1,1
Female,0,No,Yes,2,Yes,No,DSL,No,Yes,No,No,No,No,Month-to-month,No,Mailed check,51.55,106.2,No,0-12,53.1,2,1
Male,0,No,Yes,62,Yes,Yes,No,No internet service,No internet service,No internet service,No internet service,No internet service,No internet service,Two year,Yes,Mailed check,24.4,1413.0,No,60+,22.79032258064516,2,0
Female,0,Yes,No,19,Yes,No,Fiber optic,No,No,Yes,No,Yes,Yes,Month-to-month,Yes,Electronic check,96.8,1743.05,No,13-24,91.73947368421052,4,1
Male,0,No,No,9,Yes,No,Fiber optic,No,No,No,No,No,No,Month-to-month,No,Mailed check,70.05,657.5,No,0-12,73.05555555555556,1,1
Male,0,No,No,53,Yes,No,No,No internet service,No internet service,No internet service,No internet service,No internet service,No internet service,Two year,No,Credit card (automatic),19.5,1050.5,No,49-60,19.82075471698113,1,0
Male,0,No,No,5,Yes,No,Fiber optic,No,No,No,No,No,Yes,Month-to-month,No,Mailed check,78.75,426.35,No,0-12,85.27000000000001,2,1
Female,1,Yes,Yes,71,Yes,Yes,DSL,Yes,Yes,No,No,Yes,No,One year,No,Electronic check,69.2,4982.5,No,60+,70.17605633802818,5,1
Female,0,No,No,1,Yes,No,No,No internet service,No internet service,No internet service,No internet service,No internet service,No internet service,Month-to-month,Yes,Mailed check,19.55,19.55,No,0-12,19.55,1,0
Male,0,No,No,18,Yes,Yes,Fiber optic,No,Yes,No,No,No,No,Month-to-month,Yes,Electronic check,80.65,1451.9,Yes,13-24,80.66111111111111,3,1
Male,0,No,No,72,Yes,Yes,Fiber optic,No,Yes,Yes,No,Yes,Yes,Two year,Yes,Electronic check,103.65,7634.8,No,60+,106.03888888888888,6,1
Female,0,Yes,No,4,Yes,No,DSL,Yes,Yes,No,No,No,No,Month-to-month,No,Mailed check,54.7,235.05,No,0-12,58.7625,3,1
Male,0,No,No,59,Yes,Yes,DSL,No,No,Yes,No,No,No,Two year,No,Credit card (automatic),54.15,3116.15,No,49-60,52.81610169491525,3,1
Female,0,No,No,1,Yes,No,Fiber optic,No,No,No,No,No,No,Month-to-month,No,Mailed check,71.1,71.1,Yes,0-12,71.1,1,1
Female,1,Yes,No,31,Yes,Yes,Fiber optic,No,No,No,No,No,Yes,Month-to-month,Yes,Electronic check,84.85,2633.4,No,25-48,84.9483870967742,3,1
Male,0,Yes,No,3,Yes,No,No,No internet service,No internet service,No internet service,No internet service,No internet service,No internet service,Month-to-month,No,Bank transfer (automatic),20.0,49.65,No,0-12,16.55,1,0
Female,1,Yes,No,65,Yes,Yes,Fiber optic,No,Yes,Yes,No,Yes,Yes,One year,Yes,Electronic check,106.25,6979.8,Yes,60+,107.38153846153848,6,1
Male,0,Yes,No,49,Yes,No,Fiber optic,No,No,Yes,Yes,Yes,Yes,One year,Yes,Credit card (automatic),99.25,4920.8,No,49-60,100.42448979591838,5,1
Male,0,No,No,2,Yes,No,No,No internet service,No internet service,No internet service,No internet service,No internet service,No internet service,Month-to-month,No,Mailed check,19.35,46.35,No,0-12,23.175,1,0
Female,0,Yes,No,53,Yes,No,No,No internet service,No internet service,No internet service,No internet service,No internet service,No internet service,One year,No,Bank transfer (automatic),20.8,1021.8,Yes,49-60,19.279245283018867,1,0
Female,0,Yes,No,55,Yes,No,Fiber optic,Yes,No,No,No,Yes,Yes,One year,Yes,Electronic check,94.75,5276.1,No,49-60,95.92909090909092,4,1
Male,0,Yes,Yes,72,Yes,Yes,Fiber optic,Yes,Yes,Yes,Yes,Yes,Yes,Two year,Yes,Credit card (automatic),114.05,8289.2,No,60+,115.1277777777778,8,1
Female,1,No,No,36,Yes,Yes,Fiber optic,No,No,No,No,No,No,Month-to-month,Yes,Bank transfer (automatic),74.9,2659.45,No,25-48,73.8736111111111,2,1
Female,0,Yes,Yes,10,Yes,No,No,No internet service,No internet service,No internet service,No internet service,No internet service,No internet service,Month-to-month,Yes,Bank transfer (automatic),19.8,196.75,No,0-12,19.675,1,0
Male,1,No,No,1,Yes,Yes,Fiber optic,No,No,No,No,Yes,Yes,Month-to-month,Yes,Electronic check,94.0,94.0,Yes,0-12,94.0,4,1
Female,0,Yes,Yes,72,Yes,Yes,DSL,Yes,Yes,Yes,Yes,No,Yes,Two year,No,Bank transfer (automatic),80.85,5824.75,No,60+,80.89930555555556,7,1
Female,0,No,No,28,Yes,No,DSL,No,Yes,No,Yes,No,No,Month-to-month,No,Bank transfer (automatic),54.65,1517.5,No,25-48,54.19642857142857,3,1
Male,0,Yes,No,38,Yes,Yes,Fiber optic,Yes,No,No,No,Yes,No,Month-to-month,No,Bank transfer (automatic),91.7,3479.05,No,25-48,91.55394736842106,4,1
Female,0,No,No,61,Yes,Yes,Fiber optic,Yes,Yes,Yes,Yes,Yes,Yes,One year,Yes,Electronic check,118.6,7365.7,No,60+,120.74918032786886,8,1
Male,0,Yes,Yes,52,Yes,Yes,No,No internet service,No internet service,No internet service,No internet service,No internet service,No internet service,Two year,No,Mailed check,24.55,1331.05,No,49-60,25.597115384615385,2,0
Male,0,No,No,67,Yes,No,No,No internet service,No internet service,No internet service,No internet service,No internet service,No internet service,One year,Yes,Mailed check,19.45,1195.95,No,60+,17.85,1,0
Female,0,No,Yes,34,Yes,Yes,Fiber optic,Yes,Yes,Yes,Yes,Yes,Yes,Two year,Yes,Credit card (automatic),116.15,3946.9,No,25-48,116.08529411764708,8,1
Female,0,No,No,54,Yes,No,DSL,Yes,No,Yes,Yes,Yes,Yes,Two year,No,Electronic check,80.6,4299.95,No,49-60,79.6287037037037,6,1
Female,0,Yes,No,1,Yes,No,No,No internet service,No internet service,No internet service,No internet service,No internet service,No internet service,Month-to-month,Yes,Bank transfer (automatic),20.3,20.3,No,0-12,20.3,1,0
Female,1,No,No,15,Yes,Yes,Fiber optic,No,Yes,No,No,No,Yes,Month-to-month,No,Electronic check,89.85,1424.95,Yes,13-24,94.99666666666668,4,1
Female,0,No,No,4,Yes,No,DSL,No,No,No,No,No,No,Month-to-month,Yes,Mailed check,46.0,193.6,Yes,0-12,48.4,1,1
Female,0,No,No,9,Yes,No,DSL,No,Yes,No,Yes,Yes,No,Month-to-month,No,Mailed check,66.25,620.55,Yes,0-12,68.94999999999999,4,1
Female,0,No,Yes,46,Yes,No,Fiber optic,No,Yes,Yes,No,Yes,Yes,Month-to-month,Yes,Electronic check,99.8,4391.25,No,25-48,95.46195652173913,5,1
Female,0,No,No,22,Yes,Yes,Fiber optic,No,No,No,Yes,Yes,No,Month-to-month,Yes,Electronic check,90.0,1993.8,Yes,13-24,90.62727272727273,4,1
Male,0,No,No,38,Yes,No,Fiber optic,No,No,No,No,No,No,One year,Yes,Bank transfer (automatic),70.45,2597.6,Yes,25-48,68.3578947368421,1,1
Female,0,Yes,Yes,55,Yes,Yes,DSL,Yes,Yes,No,Yes,Yes,No,One year,Yes,Credit card (automatic),75.0,4213.9,No,49-60,76.61636363636363,6,1
Female,0,No,No,1,Yes,No,No,No internet service,No internet service,No internet service,No internet service,No internet service,No internet service,Month-to-month,No,Mailed check,19.9,19.9,No,0-12,19.9,1,0
Male,1,Yes,No,64,Yes,No,Fiber optic,Yes,No,Yes,No,No,No,One year,No,Credit card (automatic),80.3,5017.7,No,60+,78.4015625,3,1
Male,0,No,Yes,53,Yes,No,No,No internet service,No internet service,No internet service,No internet service,No internet service,No internet service,Two year,No,Bank transfer (automatic),19.75,1052.35,Yes,49-60,19.85566037735849,1,0
Female,0,Yes,No,58,Yes,Yes,DSL,Yes,No,Yes,Yes,Yes,Yes,Two year,Yes,Electronic check,84.3,4916.4,No,49-60,84.7655172413793,7,1
Male,0,Yes,No,56,No,No phone service,DSL,No,No,Yes,Yes,Yes,Yes,One year,Yes,Bank transfer (automatic),54.05,2959.8,No,49-60,52.85357142857144,4,1
Male,0,Yes,Yes,72,Yes,No,Fiber optic,Yes,No,Yes,Yes,Yes,Yes,Two year,Yes,Credit card (automatic),104.9,7559.55,No,60+,104.99375,6,1
Male,0,No,No,1,Yes,No,DSL,Yes,No,No,Yes,No,No,Month-to-month,Yes,Electronic check,53.95,53.95,Yes,0-12,53.95,3,1
Male,1,Yes,No,72,Yes,Yes,Fiber optic,No,Yes,No,No,Yes,Yes,One year,Yes,Credit card (automatic),97.25,7133.1,No,60+,99.07083333333334,5,1
Male,0,No,No,22,Yes,Yes,Fiber optic,No,No,No,No,No,Yes,Month-to-month,No,Electronic check,83.05,1799.3,No,13-24,81.78636363636363,3,1
Female,1,No,No,8,Yes,Yes,Fiber optic,No,Yes,Yes,No,Yes,Yes,Month-to-month,Yes,Electronic check,105.5,829.55,Yes,0-12,103.69375,6,1
Female,0,No,Yes,16,Yes,No,Fiber optic,No,No,No,No,Yes,No,Month-to-month,Yes,Electronic check,81.0,1312.15,Yes,13-24,82.009375,2,1
Female,0,No,No,39,No,No phone service,DSL,No,Yes,Yes,Yes,No,No,Month-to-month,No,Bank transfer (automatic),41.1,1597.05,No,25-48,40.95,3,1
Female,0,No,No,12,Yes,No,DSL,No,No,No,No,No,No,Month-to-month,Yes,Bank transfer (automatic),45.0,524.35,No,0-12,43.69583333333333,1,1
Male,0,Yes,No,54,Yes,No,DSL,Yes,Yes,No,No,Yes,Yes,Two year,Yes,Bank transfer (automatic),74.55,4191.45,No,49-60,77.61944444444444,5,1
Female,0,No,No,18,No,No phone service,DSL,Yes,Yes,No,Yes,No,No,One year,Yes,Mailed check,40.2,711.95,No,13-24,39.55277777777778,3,1
Male,0,Yes,No,32,Yes,No,DSL,Yes,Yes,No,Yes,No,Yes,One year,No,Mailed check,70.5,2201.75,No,25-48,68.8046875,5,1
Female,0,No,No,41,Yes,No,No,No internet service,No internet service,No internet service,No internet service,No internet service,No internet service,One year,Yes,Mailed check,19.75,806.95,No,25-48,19.68170731707317,1,0
Male,0,Yes,Yes,67,Yes,Yes,No,No internet service,No internet service,No internet service,No internet service,No internet service,No internet service,Two year,No,Bank transfer (automatic),24.65,1620.45,No,60+,24.18582089552239,2,0
Male,0,Yes,No,65,Yes,Yes,Fiber optic,Yes,No,Yes,No,Yes,Yes,Month-to-month,Yes,Electronic check,104.25,6812.95,No,60+,104.81461538461538,6,1
Female,0,No,No,25,Yes,Yes,DSL,Yes,Yes,Yes,Yes,Yes,No,Month-to-month,Yes,Bank transfer (automatic),78.35,1837.9,No,25-48,73.516,7,1
Female,0,Yes,Yes,1,Yes,No,Fiber optic,No,No,No,No,No,No,Month-to-month,Yes,Electronic check,69.8,69.8,Yes,0-12,69.8,1,1
Female,0,Yes,No,67,Yes,Yes,Fiber optic,No,Yes,Yes,Yes,Yes,Yes,One year,Yes,Credit card (automatic),109.7,7344.45,No,60+,109.6186567164179,7,1
Male,1,No,No,7,Yes,Yes,Fiber optic,No,No,No,No,No,No,Month-to-month,No,Mailed check,73.75,545.15,Yes,0-12,77.87857142857142,2,1
Female,1,No,No,43,No,No phone service,DSL,Yes,Yes,No,No,No,No,Month-to-month,Yes,Credit card (automatic),33.45,1500.25,No,25-48,34.88953488372093,2,1
Female,0,No,No,24,Yes,No,Fiber optic,Yes,No,No,No,Yes,Yes,Month-to-month,Yes,Electronic check,94.6,2283.15,No,13-24,95.13125,4,1
Male,1,No,No,9,Yes,Yes,DSL,Yes,No,No,No,No,No,Month-to-month,No,Electronic check,54.55,494.05,Yes,0-12,54.894444444444446,3,1
Male,0,Yes,Yes,69,Yes,No,No,No internet service,No internet service,No internet service,No internet service,No internet service,No internet service,Two year,No,Bank transfer (automatic),20.2,1376.5,No,60+,19.94927536231884,1,0
Female,0,No,Yes,37,Yes,No,No,No internet service,No internet service,No internet service,No internet service,No internet service,No internet service,One year,No,Bank transfer (automatic),20.3,755.4,No,25-48,20.416216216216217,1,0
Male,0,Yes,Yes,20,No,No phone service,DSL,Yes,No,Yes,Yes,No,No,Two year,Yes,Credit card (automatic),39.4,825.4,No,13-24,41.27,3,1
Male,0,No,No,7,Yes,No,Fiber optic,No,No,No,No,No,No,Month-to-month,No,Bank transfer (automatic),69.15,488.65,No,0-12,69.80714285714285,1,1
Female,1,No,No,37,Yes,Yes,Fiber optic,No,No,No,No,No,No,Month-to-month,Yes,Electronic check,76.25,2841.55,Yes,25-48,76.79864864864865,2,1
Female,0,No,No,5,Yes,Yes,Fiber optic,No,No,No,No,Yes,Yes,Month-to-month,Yes,Mailed check,93.9,486.85,Yes,0-12,97.37,4,1
Male,0,No,No,41,No,No phone service,DSL,No,No,Yes,No,Yes,Yes,One year,Yes,Electronic check,51.35,2075.1,No,25-48,50.61219512195122,3,1
Female,0,No,No,54,Yes,No,Fiber optic,Yes,Yes,No,No,Yes,Yes,One year,Yes,Credit card (automatic),100.05,5299.65,No,49-60,98.14166666666668,5,1
Female,1,No,No,3,Yes,No,Fiber optic,No,No,No,No,No,No,Month-to-month,Yes,Electronic check,70.4,204.7,Yes,0-12,68.23333333333333,1,1
Male,1,No,No,69,Yes,No,No,No internet service,No internet service,No internet service,No internet service,No internet service,No internet service,Two year,No,Credit card (automatic),20.3,1356.3,No,60+,19.656521739130437,1,0
Female,0,No,No,53,Yes,No,Fiber optic,No,Yes,Yes,Yes,No,Yes,One year,Yes,Credit card (automatic),94.45,5042.75,No,49-60,95.14622641509432,5,1
Male,0,Yes,Yes,18,No,No phone service,DSL,No,Yes,Yes,No,Yes,No,One year,No,Credit card (automatic),46.4,812.4,No,13-24,45.13333333333333,3,1
Male,0,Yes,No,64,Yes,No,Fiber optic,Yes,Yes,No,Yes,Yes,Yes,Two year,Yes,Credit card (automatic),104.05,6605.55,No,60+,103.21171875,6,1
Female,0,Yes,Yes,31,Yes,Yes,Fiber optic,No,Yes,No,No,No,Yes,Month-to-month,Yes,Electronic check,91.15,2995.45,Yes,25-48,96.62741935483872,4,1
Female,0,No,No,20,No,No phone service,DSL,No,No,No,No,No,No,Month-to-month,No,Credit card (automatic),24.9,505.95,No,13-24,25.2975,0,1
Male,0,Yes,Yes,57,Yes,No,DSL,Yes,Yes,No,Yes,No,No,One year,No,Mailed check,59.6,3509.4,No,49-60,61.56842105263158,4,1
Male,1,Yes,No,63,Yes,Yes,Fiber optic,Yes,Yes,Yes,No,Yes,Yes,Two year,No,Credit card (automatic),108.5,6991.9,No,60+,110.98253968253968,7,1
Male,0,Yes,Yes,13,No,No phone service,DSL,Yes,Yes,No,Yes,No,No,Two year,No,Mailed check,40.55,590.35,No,13-24,45.41153846153846,3,1
Female,1,Yes,No,48,Yes,No,DSL,No,Yes,No,No,No,Yes,One year,Yes,Bank transfer (automatic),58.95,2789.7,No,25-48,58.11875,3,1
Female,0,No,No,2,Yes,No,Fiber optic,No,No,No,No,No,No,Month-to-month,Yes,Electronic check,70.95,137.95,Yes,0-12,68.975,1,1
Male,0,Yes,Yes,57,Yes,No,No,No internet service,No internet service,No internet service,No internet service,No internet service,No internet service,Two year,No,Mailed check,20.75,1123.15,No,49-60,19.704385964912284,1,0
Male,0,Yes,No,71,Yes,Yes,Fiber optic,No,Yes,Yes,Yes,Yes,Yes,One year,Yes,Bank transfer (automatic),113.15,7953.25,No,60+,112.01760563380282,7,1
Female,0,Yes,Yes,7,Yes,Yes,DSL,No,No,No,No,No,No,Month-to-month,No,Electronic check,48.8,349.8,No,0-12,49.971428571428575,2,1
Female,0,No,No,16,Yes,Yes,DSL,No,No,No,No,No,Yes,Month-to-month,Yes,Bank transfer (automatic),63.05,1067.05,No,13-24,66.690625,3,1
Male,0,Yes,No,34,Yes,Yes,Fiber optic,No,No,Yes,No,Yes,Yes,Month-to-month,No,Electronic check,100.85,3527.3,No,25-48,103.74411764705884,5,1
Female,0,Yes,No,37,Yes,Yes,Fiber optic,No,No,Yes,No,Yes,Yes,Month-to-month,Yes,Electronic check,99.5,3762.0,Yes,25-48,101.67567567567568,5,1
Male,0,No,No,16,Yes,Yes,Fiber optic,No,Yes,No,No,No,No,Month-to-month,Yes,Mailed check,80.55,1248.9,No,13-24,78.05625,3,1
Male,0,No,Yes,48,Yes,Yes,DSL,Yes,Yes,Yes,No,No,No,One year,Yes,Bank transfer (automatic),64.4,3035.35,No,25-48,63.23645833333333,5,1
Male,0,Yes,Yes,58,Yes,No,DSL,No,Yes,No,Yes,Yes,Yes,One year,Yes,Credit card (automatic),75.2,4300.8,No,49-60,74.15172413793104,5,1
Female,0,Yes,No,72,Yes,Yes,DSL,Yes,No,Yes,Yes,Yes,Yes,Two year,Yes,Bank transfer (automatic),84.9,6065.3,No,60+,84.24027777777778,7,1
Female,0,No,No,7,Yes,No,No,No internet service,No internet service,No internet service,No internet service,No internet service,No internet service,Month-to-month,No,Mailed check,19.3,144.95,No,0-12,20.707142857142856,1,0
Female,0,No,No,38,Yes,No,Fiber optic,Yes,Yes,Yes,No,No,No,Month-to-month,Yes,Credit card (automatic),83.9,3233.6,Yes,25-48,85.09473684210526,4,1
Female,1,Yes,No,48,Yes,Yes,Fiber optic,Yes,Yes,Yes,Yes,Yes,Yes,Month-to-month,No,Electronic check,117.45,5438.9,Yes,25-48,113.31041666666664,8,1
Male,0,No,No,10,Yes,No,Fiber optic,Yes,Yes,Yes,No,Yes,Yes,Month-to-month,Yes,Electronic check,104.4,1081.45,Yes,0-12,108.145,6,1
Female,0,No,No,30,Yes,No,DSL,Yes,Yes,Yes,Yes,Yes,No,One year,No,Credit card (automatic),74.65,2308.6,No,25-48,76.95333333333333,6,1
Male,0,Yes,No,31,Yes,Yes,DSL,No,No,No,No,Yes,No,Month-to-month,Yes,Credit card (automatic),59.05,1882.8,No,25-48,60.73548387096774,3,1
Female,1,No,No,46,Yes,Yes,DSL,No,No,Yes,Yes,No,Yes,One year,Yes,Credit card (automatic),69.1,3255.35,No,25-48,70.76847826086956,5,1
Male,0,Yes,No,50,Yes,No,No,No internet service,No internet service,No internet service,No internet service,No internet service,No internet service,Two year,No,Mailed check,20.55,1067.65,No,49-60,21.353,1,0
Male,0,Yes,No,28,Yes,No,Fiber optic,No,No,No,Yes,No,No,Month-to-month,No,Bank transfer (automatic),76.55,2065.4,No,25-48,73.76428571428572,2,1
Female,0,No,No,66,No,No phone service,DSL,Yes,Yes,Yes,Yes,Yes,Yes,Two year,Yes,Bank transfer (automatic),62.5,4136.4,No,60+,62.67272727272727,6,1
Male,1,No,No,8,No,No phone service,DSL,No,No,Yes,No,No,No,Month-to-month,Yes,Electronic check,29.4,221.9,Yes,0-12,27.7375,1,1
Female,0,Yes,Yes,41,Yes,No,Fiber optic,No,No,Yes,No,Yes,Yes,Month-to-month,Yes,Bank transfer (automatic),94.9,3848.0,No,25-48,93.85365853658536,4,1
Male,1,Yes,No,72,Yes,Yes,Fiber optic,No,Yes,Yes,Yes,Yes,Yes,Two year,Yes,Bank transfer (automatic),111.65,8022.85,No,60+,111.42847222222224,7,1
Female,0,No,No,7,Yes,No,No,No internet service,No internet service,No internet service,No internet service,No internet service,No internet service,One year,No,Mailed check,19.9,173.15,No,0-12,24.735714285714288,1,0
Female,0,Yes,Yes,38,Yes,No,No,No internet service,No internet service,No internet service,No internet service,No internet service,No internet service,Month-to-month,No,Mailed check,20.45,781.25,No,25-48,20.55921052631579,1,0
Male,0,No,No,44,Yes,No,Fiber optic,Yes,Yes,Yes,No,Yes,Yes,One year,Yes,Electronic check,106.05,4510.8,No,25-48,102.51818181818182,6,1
Male,0,Yes,Yes,47,Yes,Yes,Fiber optic,Yes,Yes,Yes,Yes,Yes,Yes,One year,Yes,Bank transfer (automatic),113.45,5317.8,No,25-48,113.14468085106384,8,1
Male,0,Yes,Yes,53,Yes,No,Fiber optic,No,Yes,No,Yes,Yes,No,Month-to-month,Yes,Electronic check,92.55,4779.45,No,49-60,90.17830188679244,4,1
Male,0,Yes,No,4,Yes,Yes,DSL,No,No,Yes,No,Yes,No,Month-to-month,No,Electronic check,65.6,250.1,No,0-12,62.525,4,1
Male,1,No,No,20,Yes,Yes,Fiber optic,No,No,No,No,Yes,No,Month-to-month,Yes,Electronic check,84.35,1745.2,No,13-24,87.26,3,1
Male,0,No,No,2,Yes,No,DSL,No,No,No,No,No,No,Month-to-month,No,Mailed check,44.65,74.9,Yes,0-12,37.45,1,1
Male,1,Yes,No,57,Yes,Yes,DSL,No,Yes,Yes,No,Yes,No,One year,Yes,Credit card (automatic),71.1,4140.1,No,49-60,72.63333333333334,5,1
Female,1,Yes,No,44,Yes,No,Fiber optic,Yes,Yes,No,Yes,No,No,Month-to-month,Yes,Electronic check,85.15,3670.5,No,25-48,83.42045454545455,4,1
Male,0,No,No,24,Yes,No,DSL,No,No,Yes,No,No,No,Month-to-month,Yes,Mailed check,49.7,1167.8,No,13-24,48.65833333333333,2,1
Male,0,Yes,Yes,15,No,No phone service,DSL,Yes,No,No,No,No,No,Month-to-month,Yes,Bank transfer (automatic),30.2,469.65,No,13-24,31.31,1,1
Female,0,No,No,3,No,No phone service,DSL,No,No,No,No,No,No,Month-to-month,No,Electronic check,25.25,58.9,Yes,0-12,19.633333333333333,0,1
Female,0,No,Yes,4,Yes,Yes,Fiber optic,No,Yes,Yes,No,No,No,Month-to-month,No,Bank transfer (automatic),84.05,333.55,Yes,0-12,83.3875,4,1
Male,1,Yes,No,37,Yes,Yes,Fiber optic,No,No,No,No,Yes,No,Month-to-month,Yes,Electronic check,85.7,3171.15,Yes,25-48,85.70675675675676,3,1
Female,0,No,No,1,Yes,No,Fiber optic,No,Yes,No,No,No,No,Month-to-month,Yes,Electronic check,74.7,74.7,Yes,0-12,74.7,2,1
Female,0,No,No,24,Yes,No,DSL,Yes,No,No,Yes,No,No,Month-to-month,No,Credit card (automatic),56.35,1381.2,No,13-24,57.55,3,1
Female,0,No,No,5,Yes,Yes,Fiber optic,No,Yes,No,No,Yes,No,Month-to-month,Yes,Electronic check,90.8,455.5,Yes,0-12,91.1,4,1
Female,0,No,No,33,Yes,Yes,Fiber optic,No,Yes,Yes,No,Yes,Yes,Month-to-month,No,Electronic check,107.55,3645.5,No,25-48,110.46969696969695,6,1
Female,0,Yes,Yes,58,Yes,No,No,No internet service,No internet service,No internet service,No internet service,No internet service,No internet service,Two year,Yes,Mailed check,19.85,1158.85,No,49-60,19.980172413793102,1,0
Female,0,Yes,Yes,72,Yes,Yes,Fiber optic,Yes,Yes,No,No,Yes,No,Two year,Yes,Bank transfer (automatic),95.9,6954.15,No,60+,96.58541666666666,5,1
Female,0,Yes,No,71,Yes,Yes,No,No internet service,No internet service,No internet service,No internet service,No internet service,No internet service,Two year,No,Mailed check,23.85,1672.1,No,60+,23.55070422535211,2,0
Female,1,No,No,28,Yes,Yes,Fiber optic,No,Yes,Yes,No,Yes,Yes,Month-to-month,Yes,Electronic check,106.15,3152.5,Yes,25-48,112.58928571428572,6,1
Male,0,Yes,No,51,Yes,No,DSL,Yes,Yes,Yes,Yes,Yes,Yes,Two year,Yes,Credit card (automatic),83.85,4307.1,No,49-60,84.45294117647059,7,1
Female,0,No,No,30,Yes,No,DSL,Yes,Yes,Yes,Yes,Yes,Yes,One year,No,Bank transfer (automatic),85.35,2530.4,Yes,25-48,84.34666666666666,7,1
Male,1,Yes,No,72,Yes,No,Fiber optic,Yes,Yes,No,Yes,No,No,Two year,Yes,Credit card (automatic),84.8,6141.65,No,60+,85.30069444444445,4,1
Male,1,No,No,36,Yes,Yes,Fiber optic,Yes,No,No,No,Yes,No,Month-to-month,Yes,Electronic check,90.85,3186.7,Yes,25-48,88.51944444444445,4,1
Male,0,No,Yes,14,Yes,No,DSL,Yes,Yes,Yes,Yes,No,Yes,Two year,No,Bank transfer (automatic),76.1,1054.8,No,13-24,75.34285714285714,6,1
Female,0,Yes,Yes,72,Yes,Yes,DSL,Yes,Yes,No,Yes,Yes,No,Two year,No,Mailed check,74.55,5430.65,No,60+,75.42569444444445,6,1
Female,0,Yes,Yes,22,No,No phone service,DSL,No,Yes,No,No,Yes,No,Month-to-month,No,Electronic check,39.2,849.9,No,13-24,38.63181818181818,2,1
Female,0,No,No,2,Yes,Yes,Fiber optic,No,Yes,No,No,No,No,Month-to-month,No,Electronic check,79.55,151.75,No,0-12,75.875,3,1
Female,0,No,No,15,Yes,No,No,No internet service,No internet service,No internet service,No internet service,No internet service,No internet service,Month-to-month,No,Mailed check,19.6,299.4,No,13-24,19.96,1,0
Male,0,Yes,Yes,51,Yes,No,No,No internet service,No internet service,No internet service,No internet service,No internet service,No internet service,Two year,No,Credit card (automatic),19.55,1086.75,No,49-60,21.308823529411764,1,0
Male,0,Yes,No,70,No,No phone service,DSL,Yes,No,Yes,Yes,No,No,Two year,Yes,Credit card (automatic),39.15,2692.75,No,60+,38.46785714285714,3,1
Female,0,Yes,Yes,71,Yes,No,No,No internet service,No internet service,No internet service,No internet service,No internet service,No internet service,Two year,No,Bank transfer (automatic),20.1,1389.6,No,60+,19.57183098591549,1,0
Female,0,Yes,Yes,39,Yes,Yes,Fiber optic,No,No,No,Yes,Yes,Yes,Month-to-month,Yes,Credit card (automatic),99.95,3767.4,No,25-48,96.6,5,1
Female,0,Yes,Yes,61,Yes,Yes,DSL,Yes,Yes,No,No,No,No,Month-to-month,No,Electronic check,59.8,3641.5,No,60+,59.69672131147541,4,1
Female,0,No,No,52,Yes,No,DSL,Yes,No,No,No,No,No,Month-to-month,Yes,Bank transfer (automatic),49.75,2535.55,No,49-60,48.760576923076925,2,1
Female,0,No,No,1,No,No phone service,DSL,No,No,No,No,Yes,No,Month-to-month,Yes,Electronic check,35.75,35.75,Yes,0-12,35.75,1,1
Male,0,Yes,No,64,Yes,Yes,Fiber optic,Yes,No,Yes,Yes,Yes,Yes,One year,Yes,Mailed check,108.5,6880.85,No,60+,107.51328125,7,1
Male,0,Yes,No,62,Yes,No,DSL,No,Yes,Yes,Yes,No,No,Two year,Yes,Credit card (automatic),60.15,3753.2,No,60+,60.53548387096774,4,1
Male,0,Yes,No,30,Yes,No,No,No internet service,No internet service,No internet service,No internet service,No internet service,No internet service,Two year,No,Mailed check,19.05,637.55,No,25-48,21.251666666666665,1,0
Female,1,Yes,Yes,4,Yes,No,DSL,No,No,No,No,No,No,Month-to-month,No,Electronic check,46.0,181.6,Yes,0-12,45.4,1,1
Male,1,Yes,No,63,Yes,No,DSL,Yes,Yes,Yes,Yes,Yes,Yes,One year,Yes,Bank transfer (automatic),84.0,5329.55,No,60+,84.59603174603176,7,1
Female,0,No,No,1,Yes,No,DSL,No,No,No,No,No,No,Month-to-month,Yes,Credit card (automatic),44.55,44.55,No,0-12,44.55,1,1
Male,0,Yes,No,15,Yes,Yes,Fiber optic,No,No,Yes,Yes,Yes,Yes,Month-to-month,Yes,Electronic check,103.45,1539.8,No,13-24,102.65333333333334,6,1
Male,0,Yes,Yes,27,Yes,No,Fiber optic,Yes,Yes,No,No,No,No,One year,Yes,Credit card (automatic),80.65,2209.75,No,25-48,81.8425925925926,3,1
Female,0,No,Yes,4,No,No phone service,DSL,Yes,Yes,Yes,No,Yes,Yes,Month-to-month,Yes,Mailed check,57.2,223.75,No,0-12,55.9375,5,1
Female,0,Yes,No,72,Yes,Yes,Fiber optic,Yes,Yes,Yes,No,Yes,Yes,Two year,Yes,Electronic check,110.75,7751.7,No,60+,107.6625,7,1
Male,1,Yes,No,45,Yes,Yes,No,No internet service,No internet service,No internet service,No internet service,No internet service,No internet service,One year,No,Credit card (automatic),24.7,1174.35,No,25-48,26.096666666666664,2,0
Female,1,No,No,45,Yes,Yes,Fiber optic,Yes,Yes,No,Yes,Yes,No,Month-to-month,Yes,Electronic check,97.05,4385.05,No,25-48,97.44555555555556,6,1
Female,0,No,No,36,Yes,No,DSL,Yes,Yes,Yes,Yes,Yes,No,One year,Yes,Mailed check,76.35,2606.35,No,25-48,72.39861111111111,6,1
Male,0,Yes,Yes,17,Yes,No,Fiber optic,Yes,No,Yes,No,Yes,No,Month-to-month,Yes,Electronic check,89.4,1539.45,Yes,13-24,90.55588235294118,4,1
Male,0,No,No,1,Yes,No,No,No internet service,No internet service,No internet service,No internet service,No internet service,No internet service,Month-to-month,No,Mailed check,18.9,18.9,No,0-12,18.9,1,0
Male,1,No,No,16,Yes,Yes,Fiber optic,No,No,No,No,No,No,Month-to-month,Yes,Bank transfer (automatic),74.45,1261.35,No,13-24,78.834375,2,1
Male,0,No,No,3,Yes,No,No,No internet service,No internet service,No internet service,No internet service,No internet service,No internet service,Month-to-month,Yes,Mailed check,19.8,58.15,Yes,0-12,19.383333333333333,1,0
Male,0,Yes,Yes,4,Yes,Yes,DSL,No,No,No,No,No,No,Month-to-month,Yes,Electronic check,50.9,225.6,Yes,0-12,56.4,2,1
Female,0,Yes,No,71,Yes,No,DSL,Yes,Yes,Yes,Yes,Yes,Yes,Two year,Yes,Credit card (automatic),84.4,5969.3,No,60+,84.07464788732395,7,1
Male,0,Yes,Yes,10,Yes,Yes,No,No internet service,No internet service,No internet service,No internet service,No internet service,No internet service,Month-to-month,Yes,Mailed check,24.4,253.9,No,0-12,25.39,2,0
Male,0,Yes,Yes,20,Yes,No,No,No internet service,No internet service,No internet service,No internet service,No internet service,No internet service,Two year,No,Mailed check,20.05,400.0,No,13-24,20.0,1,0
Male,0,No,No,4,Yes,No,Fiber optic,No,No,No,No,Yes,No,Month-to-month,Yes,Electronic check,81.0,340.85,Yes,0-12,85.2125,2,1
Male,0,No,No,26,Yes,Yes,Fiber optic,No,No,Yes,No,Yes,Yes,Month-to-month,Yes,Electronic check,98.35,2515.3,Yes,25-48,96.7423076923077,5,1
Female,0,No,No,4,Yes,No,DSL,No,No,No,No,Yes,No,Month-to-month,No,Credit card (automatic),55.5,227.35,No,0-12,56.8375,2,1
Male,0,No,No,5,No,No phone service,DSL,No,Yes,No,No,Yes,Yes,Month-to-month,Yes,Mailed check,51.0,305.95,Yes,0-12,61.19,3,1
Female,0,Yes,No,4,Yes,Yes,Fiber optic,No,Yes,No,No,Yes,No,Month-to-month,Yes,Electronic check,91.65,365.4,Yes,0-12,91.35,4,1
Male,1,Yes,No,29,Yes,Yes,Fiber optic,No,No,No,No,No,Yes,Month-to-month,Yes,Electronic check,84.3,2357.75,No,25-48,81.30172413793103,3,1
Male,0,No,No,2,Yes,No,Fiber optic,Yes,Yes,No,No,Yes,Yes,Month-to-month,No,Electronic check,100.2,198.5,No,0-12,99.25,5,1
Female,0,No,No,29,Yes,No,No,No internet service,No internet service,No internet service,No internet service,No internet service,No internet service,Two year,No,Mailed check,19.4,554.25,No,25-48,19.11206896551724,1,0
Male,0,No,Yes,1,Yes,No,Fiber optic,No,No,No,No,Yes,Yes,Month-to-month,Yes,Electronic check,90.85,90.85,Yes,0-12,90.85,3,1
Male,0,No,No,1,Yes,No,Fiber optic,No,No,No,No,No,No,Month-to-month,No,Mailed check,69.4,69.4,Yes,0-12,69.4,1,1
Female,1,No,No,8,Yes,No,Fiber optic,No,No,Yes,No,Yes,Yes,Month-to-month,Yes,Credit card (automatic),94.45,742.95,Yes,0-12,92.86875,4,1
Male,0,No,No,13,Yes,No,No,No internet service,No internet service,No internet service,No internet service,No internet service,No internet service,Month-to-month,Yes,Electronic check,20.4,251.65,No,13-24,19.357692307692307,1,0
Female,0,Yes,No,59,Yes,Yes,Fiber optic,Yes,Yes,No,No,Yes,No,Month-to-month,Yes,Electronic check,94.75,5597.65,No,49-60,94.87542372881356,5,1
Female,0,Yes,Yes,1,Yes,No,No,No internet service,No internet service,No internet service,No internet service,No internet service,No internet service,Month-to-month,Yes,Credit card (automatic),20.15,20.15,Yes,0-12,20.15,1,0
Male,1,No,No,50,Yes,Yes,Fiber optic,No,No,No,No,Yes,Yes,Month-to-month,Yes,Electronic check,95.7,4816.7,Yes,49-60,96.334,4,1
Male,0,Yes,No,18,Yes,No,DSL,No,No,No,No,No,No,Month-to-month,Yes,Bank transfer (automatic),44.35,768.05,No,13-24,42.66944444444445,1,1
Female,0,Yes,Yes,17,Yes,No,DSL,Yes,Yes,No,No,Yes,Yes,Month-to-month,No,Mailed check,74.55,1215.8,No,13-24,71.51764705882353,5,1
Male,0,Yes,No,47,Yes,No,DSL,No,Yes,Yes,No,Yes,Yes,Two year,No,Electronic check,73.6,3522.65,No,25-48,74.95,5,1
Female,0,No,No,26,Yes,Yes,Fiber optic,No,No,No,No,No,No,Month-to-month,Yes,Bank transfer (automatic),74.95,1834.95,Yes,25-48,70.575,2,1
Female,0,No,No,6,No,No phone service,DSL,No,No,Yes,No,Yes,Yes,Month-to-month,Yes,Electronic check,47.95,305.1,Yes,0-12,50.85,3,1
Male,0,Yes,Yes,19,Yes,Yes,DSL,No,No,No,No,No,No,Month-to-month,No,Credit card (automatic),50.1,910.45,No,13-24,47.91842105263158,2,1
Female,0,No,No,3,Yes,Yes,DSL,No,No,No,Yes,Yes,No,Month-to-month,Yes,Electronic check,63.6,155.65,Yes,0-12,51.88333333333333,4,1
Female,1,Yes,Yes,68,No,No phone service,DSL,No,Yes,Yes,No,Yes,Yes,Two year,Yes,Electronic check,53.0,3656.25,No,60+,53.76838235294117,4,1
Female,0,Yes,No,2,Yes,No,No,No internet service,No internet service,No internet service,No internet service,No internet service,No internet service,Month-to-month,No,Bank transfer (automatic),19.85,52.0,No,0-12,26.0,1,0
Male,0,No,No,7,No,No phone service,DSL,No,No,No,No,No,No,One year,Yes,Credit card (automatic),24.35,150.85,No,0-12,21.55,0,1
Female,0,No,No,18,Yes,No,No,No internet service,No internet service,No internet service,No internet service,No internet service,No internet service,Month-to-month,Yes,Mailed check,19.55,389.25,No,13-24,21.625,1,0
Female,0,Yes,No,71,Yes,Yes,No,No internet service,No internet service,No internet service,No internet service,No internet service,No internet service,Two year,No,Credit card (automatic),25.05,1873.7,No,60+,26.390140845070423,2,0
Male,1,Yes,No,13,Yes,Yes,Fiber optic,Yes,Yes,No,No,No,Yes,Month-to-month,No,Credit card (automatic),93.8,1261.0,No,13-24,97.0,5,1
Male,0,No,No,3,No,No phone service,DSL,No,Yes,No,Yes,No,No,Month-to-month,Yes,Mailed check,36.85,108.7,Yes,0-12,36.23333333333333,2,1
Male,0,Yes,No,72,Yes,Yes,Fiber optic,No,Yes,Yes,No,Yes,Yes,Two year,Yes,Bank transfer (automatic),103.75,7346.2,No,60+,102.03055555555557,6,1
Male,0,Yes,Yes,66,No,No phone service,DSL,No,Yes,Yes,No,Yes,Yes,Two year,Yes,Credit card (automatic),56.75,3708.4,No,60+,56.18787878787879,4,1
Male,0,Yes,Yes,24,Yes,No,No,No internet service,No internet service,No internet service,No internet service,No internet service,No internet service,One year,Yes,Credit card (automatic),20.8,469.65,No,13-24,19.56875,1,0
Female,0,No,No,1,Yes,No,DSL,No,No,No,No,No,No,Month-to-month,Yes,Electronic check,44.1,44.1,Yes,0-12,44.1,1,1
Female,0,Yes,Yes,56,Yes,Yes,No,No internet service,No internet service,No internet service,No internet service,No internet service,No internet service,Two year,Yes,Mailed check,24.45,1385.85,No,49-60,24.74732142857143,2,0
Female,1,Yes,No,22,Yes,Yes,No,No internet service,No internet service,No internet service,No internet service,No internet service,No internet service,One year,No,Bank transfer (automatic),25.6,548.8,No,13-24,24.94545454545454,2,0
Male,0,No,No,14,No,No phone service,DSL,No,No,Yes,No,Yes,Yes,Month-to-month,Yes,Electronic check,50.75,712.75,Yes,13-24,50.910714285714285,3,1
Female,1,Yes,No,61,Yes,Yes,Fiber optic,No,Yes,Yes,No,Yes,Yes,One year,Yes,Credit card (automatic),104.4,6405.0,Yes,60+,105.0,6,1
Female,1,Yes,No,40,No,No phone service,DSL,No,Yes,No,No,Yes,No,Month-to-month,Yes,Electronic check,39.3,1637.4,Yes,25-48,40.935,2,1
Female,0,No,No,42,Yes,No,DSL,Yes,Yes,Yes,No,No,No,Month-to-month,No,Bank transfer (automatic),59.65,2536.55,No,25-48,60.394047619047626,4,1
Female,0,Yes,Yes,72,Yes,Yes,DSL,Yes,No,Yes,Yes,Yes,Yes,Two year,Yes,Bank transfer (automatic),83.3,6042.7,No,60+,83.92638888888888,7,1
Female,0,No,No,12,Yes,Yes,Fiber optic,No,No,No,Yes,No,No,Month-to-month,Yes,Credit card (automatic),79.55,958.25,No,0-12,79.85416666666667,3,1
Male,0,Yes,No,71,Yes,Yes,No,No internet service,No internet service,No internet service,No internet service,No internet service,No internet service,Two year,No,Bank transfer (automatic),24.45,1730.65,No,60+,24.375352112676055,2,0
Female,0,Yes,No,26,Yes,No,No,No internet service,No internet service,No internet service,No internet service,No internet service,No internet service,One year,No,Mailed check,19.2,459.6,No,25-48,17.676923076923078,1,0
Female,0,No,Yes,7,No,No phone service,DSL,Yes,No,No,No,No,No,Month-to-month,No,Mailed check,29.8,201.95,No,0-12,28.85,1,1
Female,0,Yes,Yes,6,Yes,No,DSL,No,No,No,No,No,No,Month-to-month,No,Mailed check,45.5,285.2,No,0-12,47.53333333333333,1,1
Female,0,No,No,58,Yes,No,Fiber optic,Yes,Yes,Yes,No,Yes,Yes,One year,Yes,Electronic check,106.45,6145.85,Yes,49-60,105.96293103448276,6,1
Male,0,Yes,No,51,No,No phone service,DSL,No,Yes,No,No,No,No,Month-to-month,Yes,Credit card (automatic),30.05,1529.45,No,49-60,29.98921568627451,1,1
Male,0,Yes,Yes,72,No,No phone service,DSL,Yes,Yes,Yes,Yes,Yes,Yes,Two year,Yes,Bank transfer (automatic),65.65,4664.5,No,60+,64.78472222222223,6,1
Female,0,No,No,18,Yes,No,Fiber optic,Yes,No,No,No,Yes,Yes,Month-to-month,Yes,Electronic check,96.05,1740.7,Yes,13-24,96.70555555555556,4,1
Female,0,No,No,7,Yes,Yes,Fiber optic,No,No,No,No,No,No,Month-to-month,Yes,Bank transfer (automatic),75.1,552.95,Yes,0-12,78.99285714285715,2,1
Female,0,No,No,47,Yes,Yes,DSL,Yes,Yes,No,Yes,No,Yes,Two year,No,Mailed check,74.05,3496.3,No,25-48,74.38936170212766,6,1
Male,1,No,No,2,Yes,No,DSL,No,No,No,No,No,No,Month-to-month,Yes,Electronic check,44.7,93.7,Yes,0-12,46.85,1,1
Male,1,No,No,62,Yes,Yes,Fiber optic,No,Yes,Yes,Yes,Yes,Yes,One year,Yes,Bank transfer (automatic),110.75,7053.35,No,60+,113.76370967741936,7,1
Female,0,Yes,Yes,16,Yes,No,No,No internet service,No internet service,No internet service,No internet service,No internet service,No internet service,Two year,No,Mailed check,19.7,301.55,No,13-24,18.846875,1,0
Male,0,No,No,6,Yes,No,DSL,No,No,No,Yes,No,No,Month-to-month,Yes,Credit card (automatic),49.5,312.7,No,0-12,52.11666666666667,2,1
Male,0,No,No,19,Yes,No,DSL,No,No,Yes,Yes,No,No,Month-to-month,Yes,Credit card (automatic),55.0,1046.5,Yes,13-24,55.078947368421055,3,1
Female,0,Yes,Yes,69,No,No phone service,DSL,Yes,No,Yes,No,No,Yes,Two year,Yes,Credit card (automatic),43.95,2960.1,No,60+,42.9,3,1
Male,0,Yes,Yes,11,Yes,Yes,Fiber optic,No,No,No,No,No,No,Month-to-month,Yes,Electronic check,74.35,834.2,Yes,0-12,75.83636363636364,2,1
Female,0,Yes,No,64,Yes,Yes,Fiber optic,No,Yes,Yes,Yes,Yes,Yes,Month-to-month,Yes,Electronic check,111.15,6953.4,No,60+,108.646875,7,1
Female,0,Yes,No,39,Yes,No,Fiber optic,Yes,No,Yes,Yes,Yes,Yes,One year,Yes,Credit card (automatic),104.7,4134.85,Yes,25-48,106.02179487179488,6,1
Female,0,No,No,15,Yes,Yes,DSL,Yes,No,No,No,No,No,Month-to-month,Yes,Mailed check,55.7,899.8,Yes,13-24,59.986666666666665,3,1
Male,0,No,No,25,Yes,No,No,No internet service,No internet service,No internet service,No internet service,No internet service,No internet service,Month-to-month,No,Mailed check,20.6,541.5,No,25-48,21.66,1,0
Female,0,No,No,6,Yes,No,No,No internet service,No internet service,No internet service,No internet service,No internet service,No internet service,Two year,No,Credit card (automatic),19.65,116.85,No,0-12,19.475,1,0
Male,0,Yes,No,66,Yes,Yes,Fiber optic,Yes,Yes,Yes,Yes,Yes,Yes,One year,No,Bank transfer (automatic),115.8,7942.15,No,60+,120.33560606060604,8,1
Female,0,No,No,61,Yes,Yes,DSL,No,Yes,Yes,Yes,Yes,Yes,Two year,No,Credit card (automatic),88.65,5321.25,No,60+,87.23360655737704,7,1
Female,1,Yes,No,43,Yes,Yes,Fiber optic,Yes,Yes,No,No,Yes,No,Month-to-month,Yes,Electronic check,94.5,4156.8,No,25-48,96.66976744186049,5,1
Female,0,No,No,12,Yes,No,No,No internet service,No internet service,No internet service,No internet service,No internet service,No internet service,Month-to-month,No,Mailed check,20.1,223.6,No,0-12,18.633333333333333,1,0
Male,1,No,No,23,No,No phone service,DSL,No,No,No,No,No,Yes,Month-to-month,Yes,Bank transfer (automatic),34.65,768.45,No,13-24,33.4108695652174,1,1
Male,1,Yes,No,71,No,No phone service,DSL,No,Yes,Yes,No,Yes,Yes,Month-to-month,Yes,Bank transfer (automatic),52.3,3765.05,No,60+,53.02887323943662,4,1
Female,0,No,No,34,Yes,Yes,DSL,No,No,No,Yes,Yes,No,Month-to-month,No,Mailed check,65.0,2157.5,No,25-48,63.45588235294117,4,1
Female,0,No,No,5,Yes,No,No,No internet service,No internet service,No internet service,No internet service,No internet service,No internet service,Month-to-month,No,Credit card (automatic),19.85,108.05,Yes,0-12,21.61,1,0
Female,0,Yes,No,41,No,No phone service,DSL,No,Yes,No,Yes,No,No,One year,No,Mailed check,35.45,1391.65,No,25-48,33.94268292682927,2,1
Female,0,Yes,Yes,72,Yes,No,No,No internet service,No internet service,No internet service,No internet service,No internet service,No internet service,Two year,No,Credit card (automatic),19.7,1379.8,No,60+,19.163888888888888,1,0
Male,1,No,No,14,Yes,Yes,Fiber optic,No,No,No,No,Yes,Yes,Month-to-month,Yes,Electronic check,95.6,1273.3,No,13-24,90.95,4,1
Female,0,No,No,41,Yes,No,No,No internet service,No internet service,No internet service,No internet service,No internet service,No internet service,Two year,Yes,Mailed check,19.85,810.45,No,25-48,19.76707317073171,1,0
Female,0,Yes,Yes,23,Yes,Yes,Fiber optic,Yes,No,No,No,No,No,One year,No,Credit card (automatic),81.85,1810.85,No,13-24,78.73260869565217,3,1
Male,0,Yes,Yes,71,Yes,No,Fiber optic,Yes,Yes,Yes,Yes,Yes,Yes,Two year,No,Credit card (automatic),109.3,7782.85,No,60+,109.61760563380282,7,1
Female,0,No,No,1,Yes,No,Fiber optic,No,No,No,No,No,No,Month-to-month,Yes,Electronic check,70.3,70.3,Yes,0-12,70.3,1,1
Male,0,Yes,No,72,Yes,Yes,No,No internet service,No internet service,No internet service,No internet service,No internet service,No internet service,Two year,No,Mailed check,25.4,1797.1,No,60+,24.959722222222226,2,0
Male,0,Yes,Yes,6,Yes,No,Fiber optic,No,No,No,No,No,No,Month-to-month,Yes,Electronic check,69.8,377.85,No,0-12,62.975,1,1
Male,0,Yes,Yes,23,Yes,No,No,No internet service,No internet service,No internet service,No internet service,No internet service,No internet service,One year,Yes,Credit card (automatic),20.0,445.3,No,13-24,19.360869565217392,1,0
Male,1,Yes,No,10,Yes,Yes,Fiber optic,No,No,No,No,No,Yes,Month-to-month,No,Electronic check,85.55,851.75,Yes,0-12,85.175,3,1
Female,0,No,No,72,Yes,No,Fiber optic,Yes,Yes,Yes,Yes,Yes,Yes,Two year,Yes,Electronic check,109.9,7624.2,No,60+,105.89166666666668,7,1
Female,0,Yes,No,7,Yes,No,DSL,Yes,No,No,No,No,No,Month-to-month,Yes,Bank transfer (automatic),50.3,355.1,No,0-12,50.72857142857144,2,1
Male,0,No,Yes,6,Yes,No,Fiber optic,No,No,Yes,No,Yes,Yes,Month-to-month,No,Mailed check,94.5,575.45,Yes,0-12,95.90833333333336,4,1
Male,0,Yes,Yes,9,Yes,No,Fiber optic,No,Yes,No,Yes,Yes,Yes,Month-to-month,Yes,Electronic check,101.5,906.85,No,0-12,100.76111111111112,5,1
Female,0,No,No,12,Yes,Yes,Fiber optic,No,Yes,No,No,No,Yes,Month-to-month,Yes,Electronic check,89.15,1057.55,No,0-12,88.12916666666666,4,1
Female,0,No,No,1,Yes,No,No,No internet service,No internet service,No internet service,No internet service,No internet service,No internet service,Month-to-month,Yes,Mailed check,19.4,19.4,No,0-12,19.4,1,0
Female,1,Yes,Yes,48,No,No phone service,DSL,No,Yes,No,No,No,No,One year,No,Bank transfer (automatic),29.9,1388.75,No,25-48,28.932291666666668,1,1
Male,0,No,No,20,Yes,No,Fiber optic,No,No,No,No,Yes,No,Month-to-month,No,Electronic check,78.8,1641.3,No,13-24,82.065,2,1
Female,1,Yes,No,16,Yes,Yes,Fiber optic,No,No,No,No,No,Yes,Month-to-month,Yes,Credit card (automatic),85.35,1375.15,Yes,13-24,85.946875,3,1
Female,0,No,No,2,Yes,No,Fiber optic,No,No,No,No,Yes,No,Month-to-month,Yes,Mailed check,79.65,152.7,Yes,0-12,76.35,2,1
Female,0,No,No,10,Yes,No,No,No internet service,No internet service,No internet service,No internet service,No internet service,No internet service,One year,Yes,Mailed check,19.3,185.2,No,0-12,18.52,1,0
Female,1,No,No,2,Yes,No,Fiber optic,No,No,No,No,No,Yes,Month-to-month,Yes,Electronic check,79.6,195.05,Yes,0-12,97.525,2,1
Male,0,Yes,Yes,20,Yes,Yes,Fiber optic,No,Yes,No,Yes,Yes,No,Month-to-month,No,Mailed check,96.8,1826.7,No,13-24,91.335,5,1
Male,0,Yes,No,20,Yes,No,No,No internet service,No internet service,No internet service,No internet service,No internet service,No internet service,One year,No,Mailed check,20.65,417.5,No,13-24,20.875,1,0
Male,0,Yes,Yes,19,Yes,No,No,No internet service,No internet service,No internet service,No internet service,No internet service,No internet service,One year,No,Mailed check,19.8,344.5,No,13-24,18.13157894736842,1,0
Male,1,No,No,19,Yes,Yes,Fiber optic,Yes,No,No,No,Yes,No,Month-to-month,Yes,Electronic check,90.6,1660.0,Yes,13-24,87.36842105263158,4,1
Male,0,Yes,No,22,Yes,No,Fiber optic,Yes,Yes,No,Yes,Yes,Yes,Month-to-month,Yes,Electronic check,104.6,2180.55,No,13-24,99.1159090909091,6,1
Female,0,No,No,35,Yes,Yes,Fiber optic,No,No,No,Yes,No,No,Month-to-month,No,Credit card (automatic),80.05,2835.9,No,25-48,81.02571428571429,3,1
Female,0,No,No,1,Yes,No,DSL,No,No,No,No,No,No,Month-to-month,No,Mailed check,45.15,45.15,No,0-12,45.15,1,1
Male,0,No,No,39,Yes,Yes,Fiber optic,No,No,No,No,No,No,Month-to-month,Yes,Credit card (automatic),73.15,2730.85,No,25-48,70.02179487179487,2,1
Female,1,Yes,No,54,Yes,No,Fiber optic,No,No,Yes,Yes,Yes,Yes,One year,Yes,Electronic check,99.1,5437.1,No,49-60,100.68703703703704,5,1
Female,0,No,No,1,Yes,No,No,No internet service,No internet service,No internet service,No internet service,No internet service,No internet service,Month-to-month,Yes,Bank transfer (automatic),20.2,20.2,Yes,0-12,20.2,1,0
Male,0,Yes,No,66,Yes,Yes,Fiber optic,Yes,No,Yes,No,Yes,Yes,Two year,Yes,Credit card (automatic),106.05,6981.35,Yes,60+,105.7780303030303,6,1
Male,0,No,No,56,Yes,Yes,Fiber optic,Yes,No,No,Yes,Yes,Yes,Month-to-month,Yes,Mailed check,105.35,5794.45,No,49-60,103.47232142857142,6,1
Male,0,No,Yes,18,Yes,No,DSL,No,No,No,No,No,No,Month-to-month,Yes,Credit card (automatic),45.65,747.2,No,13-24,41.51111111111111,1,1
Female,0,Yes,Yes,16,Yes,Yes,Fiber optic,No,Yes,No,No,No,No,Month-to-month,Yes,Credit card (automatic),79.95,1267.95,No,13-24,79.246875,3,1
Female,0,No,No,68,Yes,No,DSL,Yes,No,Yes,No,No,No,One year,Yes,Credit card (automatic),54.45,3674.95,No,60+,54.04338235294117,3,1
Female,1,Yes,No,53,Yes,Yes,No,No internet service,No internet service,No internet service,No internet service,No internet service,No internet service,Two year,No,Credit card (automatic),25.1,1275.6,No,49-60,24.067924528301884,2,0
Female,0,Yes,Yes,72,Yes,Yes,DSL,Yes,No,Yes,Yes,Yes,Yes,Two year,No,Credit card (automatic),84.7,5893.9,No,60+,81.85972222222222,7,1
Male,0,No,No,9,Yes,Yes,Fiber optic,No,No,No,No,No,No,Month-to-month,Yes,Electronic check,75.85,724.65,No,0-12,80.51666666666667,2,1
Female,0,No,No,30,Yes,No,DSL,Yes,No,No,No,No,No,Month-to-month,Yes,Mailed check,48.8,1536.75,No,25-48,51.225,2,1
Female,0,No,No,36,Yes,Yes,Fiber optic,No,Yes,No,No,Yes,Yes,Month-to-month,Yes,Electronic check,99.15,3615.6,Yes,25-48,100.43333333333334,5,1
Female,0,No,No,18,No,No phone service,DSL,No,No,Yes,Yes,No,No,Month-to-month,Yes,Electronic check,35.2,607.3,No,13-24,33.73888888888889,2,1
Female,1,Yes,Yes,55,Yes,Yes,DSL,Yes,No,Yes,Yes,Yes,No,One year,No,Electronic check,76.25,4154.55,No,49-60,75.53727272727274,6,1
Female,0,Yes,No,39,No,No phone service,DSL,Yes,No,Yes,No,Yes,Yes,Month-to-month,No,Electronic check,55.9,2184.35,Yes,25-48,56.00897435897436,4,1
Male,0,No,No,21,Yes,Yes,Fiber optic,No,Yes,No,No,No,No,Month-to-month,Yes,Electronic check,82.35,1852.85,Yes,13-24,88.23095238095237,3,1
Male,0,No,No,2,No,No phone service,DSL,No,Yes,Yes,Yes,No,No,Month-to-month,Yes,Credit card (automatic),40.4,77.15,Yes,0-12,38.575,3,1
Male,1,No,No,33,Yes,Yes,No,No internet service,No internet service,No internet service,No internet service,No internet service,No internet service,One year,Yes,Bank transfer (automatic),24.9,847.8,No,25-48,25.690909090909088,2,0
Male,0,Yes,No,44,No,No phone service,DSL,No,Yes,Yes,No,Yes,Yes,Two year,No,Bank transfer (automatic),54.3,2390.45,No,25-48,54.32840909090908,4,1
Female,0,Yes,Yes,30,Yes,No,DSL,Yes,No,No,Yes,No,Yes,Month-to-month,No,Bank transfer (automatic),66.3,1923.5,No,25-48,64.11666666666666,4,1
Female,0,Yes,No,71,Yes,No,No,No internet service,No internet service,No internet service,No internet service,No internet service,No internet service,Two year,Yes,Bank transfer (automatic),20.9,1493.2,No,60+,21.03098591549296,1,0
Female,0,No,No,4,Yes,Yes,Fiber optic,No,No,No,No,No,No,Month-to-month,No,Electronic check,75.35,338.1,Yes,0-12,84.525,2,1
Male,0,No,Yes,35,Yes,No,Fiber optic,No,No,Yes,No,Yes,No,One year,Yes,Electronic check,85.15,3030.6,Yes,25-48,86.58857142857143,3,1
Male,0,Yes,No,1,Yes,No,Fiber optic,No,No,Yes,No,No,No,Month-to-month,No,Credit card (automatic),75.35,75.35,No,0-12,75.35,2,1
Male,1,Yes,No,23,Yes,Yes,Fiber optic,No,Yes,Yes,No,Yes,Yes,Month-to-month,Yes,Electronic check,104.45,2184.85,No,13-24,94.99347826086957,6,1
Female,0,No,Yes,22,No,No phone service,DSL,No,No,Yes,No,Yes,Yes,One year,Yes,Credit card (automatic),49.45,1031.4,No,13-24,46.88181818181818,3,1
Female,0,No,Yes,49,Yes,No,No,No internet service,No internet service,No internet service,No internet service,No internet service,No internet service,One year,No,Credit card (automatic),19.45,921.3,No,49-60,18.802040816326528,1,0
Female,0,Yes,Yes,42,Yes,No,Fiber optic,No,No,Yes,No,Yes,Yes,Month-to-month,Yes,Electronic check,92.15,3875.4,No,25-48,92.27142857142856,4,1
Female,0,Yes,Yes,33,Yes,No,Fiber optic,No,No,Yes,No,Yes,Yes,One year,Yes,Electronic check,93.8,3124.5,Yes,25-48,94.6818181818182,4,1
Female,0,Yes,Yes,7,Yes,No,No,No internet service,No internet service,No internet service,No internet service,No internet service,No internet service,Two year,No,Mailed check,19.85,144.15,No,0-12,20.592857142857145,1,0
Female,0,Yes,Yes,67,Yes,Yes,Fiber optic,Yes,No,Yes,Yes,No,Yes,One year,Yes,Bank transfer (automatic),100.25,6689.0,No,60+,99.8358208955224,6,1
Male,0,No,No,15,Yes,Yes,Fiber optic,No,Yes,No,Yes,No,Yes,Month-to-month,No,Electronic check,95.7,1451.1,No,13-24,96.74,5,1
Male,0,Yes,No,67,Yes,Yes,Fiber optic,No,Yes,Yes,No,No,Yes,Two year,Yes,Electronic check,93.15,6368.2,No,60+,95.04776119402985,5,1
Male,0,Yes,Yes,53,Yes,No,DSL,Yes,Yes,No,Yes,Yes,No,Two year,Yes,Mailed check,69.7,3729.6,No,49-60,70.36981132075472,5,1
Male,0,Yes,Yes,21,Yes,No,No,No internet service,No internet service,No internet service,No internet service,No internet service,No internet service,One year,No,Mailed check,19.8,350.1,No,13-24,16.67142857142857,1,0
Female,0,Yes,Yes,40,Yes,No,DSL,Yes,Yes,No,Yes,No,Yes,Month-to-month,Yes,Mailed check,71.35,2847.2,No,25-48,71.17999999999999,5,1
Female,0,Yes,Yes,22,Yes,No,No,No internet service,No internet service,No internet service,No internet service,No internet service,No internet service,One year,No,Bank transfer (automatic),20.75,452.35,No,13-24,20.56136363636364,1,0
Male,0,No,No,39,No,No phone service,DSL,No,No,No,Yes,No,Yes,Month-to-month,Yes,Electronic check,40.6,1494.5,No,25-48,38.32051282051282,2,1
Male,0,No,No,45,Yes,No,No,No internet service,No internet service,No internet service,No internet service,No internet service,No internet service,One year,Yes,Electronic check,20.4,930.45,Yes,25-48,20.67666666666667,1,0
Female,0,Yes,No,2,Yes,No,No,No internet service,No internet service,No internet service,No internet service,No internet service,No internet service,Month-to-month,No,Mailed check,20.35,41.85,No,0-12,20.925,1,0
Female,0,Yes,Yes,57,Yes,No,No,No internet service,No internet service,No internet service,No internet service,No internet service,No internet service,Two year,No,Bank transfer (automatic),19.75,1272.05,No,49-60,22.316666666666663,1,0
Male,0,Yes,Yes,8,Yes,No,DSL,No,No,No,No,Yes,No,Month-to-month,Yes,Electronic check,54.4,475.1,No,0-12,59.3875,2,1
Male,1,Yes,No,7,Yes,Yes,Fiber optic,Yes,Yes,No,No,No,Yes,Month-to-month,Yes,Credit card (automatic),94.7,673.1,Yes,0-12,96.15714285714286,5,1
Male,0,No,No,6,No,No phone service,DSL,No,Yes,No,No,No,No,Month-to-month,Yes,Credit card (automatic),30.5,208.7,Yes,0-12,34.78333333333333,1,1
Female,0,Yes,Yes,7,Yes,No,No,No internet service,No internet service,No internet service,No internet service,No internet service,No internet service,Month-to-month,No,Mailed check,20.45,150.75,No,0-12,21.535714285714285,1,0
Male,0,No,No,49,Yes,Yes,DSL,No,No,No,Yes,Yes,No,Two year,Yes,Bank transfer (automatic),66.15,3199.0,No,49-60,65.28571428571429,4,1
Female,0,No,No,65,Yes,Yes,Fiber optic,Yes,Yes,No,Yes,No,No,One year,Yes,Electronic check,89.85,5844.65,No,60+,89.9176923076923,5,1
Female,0,No,No,55,Yes,No,DSL,No,No,No,No,No,No,One year,No,Bank transfer (automatic),45.05,2462.6,No,49-60,44.77454545454545,1,1
Male,0,Yes,Yes,71,Yes,Yes,DSL,Yes,Yes,Yes,Yes,Yes,Yes,Two year,No,Bank transfer (automatic),86.85,6263.8,No,60+,88.22253521126761,8,1
Male,0,No,No,35,Yes,Yes,Fiber optic,Yes,Yes,Yes,Yes,No,No,Month-to-month,Yes,Mailed check,96.75,3403.4,No,25-48,97.24,6,1
Male,1,No,No,3,Yes,Yes,Fiber optic,No,No,No,No,No,No,Month-to-month,Yes,Electronic check,77.0,237.75,Yes,0-12,79.25,2,1
Female,0,No,Yes,11,Yes,No,No,No internet service,No internet service,No internet service,No internet service,No internet service,No internet service,Month-to-month,No,Credit card (automatic),20.1,221.35,Yes,0-12,20.12272727272727,1,0
Female,0,No,No,1,Yes,No,Fiber optic,No,No,Yes,No,No,No,Month-to-month,No,Electronic check,75.3,75.3,Yes,0-12,75.3,2,1
Male,0,No,No,17,Yes,Yes,Fiber optic,Yes,Yes,Yes,Yes,Yes,No,Month-to-month,Yes,Bank transfer (automatic),106.65,1672.1,No,13-24,98.35882352941177,7,1
Female,0,Yes,No,72,Yes,Yes,Fiber optic,Yes,No,Yes,Yes,Yes,Yes,Two year,Yes,Credit card (automatic),110.15,7881.2,No,60+,109.46111111111112,7,1
Female,0,Yes,Yes,28,Yes,No,Fiber optic,Yes,No,No,No,No,Yes,One year,Yes,Bank transfer (automatic),82.85,2320.8,No,25-48,82.88571428571429,3,1
Female,0,Yes,No,18,Yes,No,No,No internet service,No internet service,No internet service,No internet service,No internet service,No internet service,Two year,No,Mailed check,20.1,370.5,No,13-24,20.58333333333333,1,0
Female,1,Yes,No,40,Yes,No,Fiber optic,No,Yes,No,Yes,Yes,Yes,One year,Yes,Credit card (automatic),99.2,4062.2,Yes,25-48,101.555,5,1
Female,0,No,No,52,Yes,No,DSL,No,No,Yes,No,No,Yes,Month-to-month,Yes,Electronic check,59.45,3043.7,No,49-60,58.5326923076923,3,1
Female,0,Yes,No,47,Yes,No,DSL,No,Yes,No,No,Yes,No,Month-to-month,Yes,Bank transfer (automatic),58.6,2723.4,No,25-48,57.94468085106383,3,1
Female,0,No,No,23,Yes,No,DSL,No,No,Yes,No,No,No,Month-to-month,No,Credit card (automatic),49.7,1081.25,No,13-24,47.01086956521739,2,1
Male,0,Yes,Yes,66,Yes,No,DSL,Yes,Yes,Yes,Yes,No,No,Two year,No,Mailed check,65.85,4097.05,No,60+,62.07651515151515,5,1
Female,0,No,No,8,Yes,Yes,Fiber optic,No,No,No,No,No,No,Month-to-month,Yes,Electronic check,73.5,632.2,No,0-12,79.025,2,1
Male,1,No,No,47,Yes,No,Fiber optic,Yes,No,No,No,No,Yes,Month-to-month,No,Mailed check,85.5,4042.3,Yes,25-48,86.00638297872341,3,1
Female,0,No,No,7,Yes,No,No,No internet service,No internet service,No internet service,No internet service,No internet service,No internet service,Month-to-month,No,Mailed check,20.05,164.85,Yes,0-12,23.55,1,0
Female,0,Yes,Yes,71,Yes,Yes,Fiber optic,Yes,Yes,Yes,Yes,Yes,Yes,Two year,No,Credit card (automatic),113.65,8166.8,No,60+,115.02535211267606,8,1
Female,1,No,No,50,Yes,Yes,Fiber optic,Yes,Yes,No,No,No,No,Month-to-month,Yes,Electronic check,83.4,4113.7,No,49-60,82.274,4,1
Male,0,Yes,No,46,Yes,No,DSL,Yes,Yes,Yes,Yes,No,No,Two year,No,Mailed check,65.65,3047.15,No,25-48,66.24239130434783,5,1
Male,0,No,No,1,Yes,No,Fiber optic,No,No,No,No,No,No,Month-to-month,No,Electronic check,70.4,70.4,Yes,0-12,70.4,1,1
Female,0,No,No,66,No,No phone service,DSL,Yes,No,Yes,Yes,Yes,Yes,Two year,Yes,Bank transfer (automatic),61.35,4193.4,No,60+,63.53636363636363,5,1
Female,0,Yes,No,42,Yes,Yes,Fiber optic,No,No,Yes,Yes,No,No,Month-to-month,Yes,Credit card (automatic),85.9,3729.75,No,25-48,88.80357142857143,4,1
Female,0,No,No,5,Yes,No,Fiber optic,No,No,No,Yes,No,No,Month-to-month,Yes,Mailed check,75.65,399.45,No,0-12,79.89,2,1
Male,0,Yes,Yes,7,Yes,No,DSL,Yes,No,No,No,No,No,One year,Yes,Electronic check,49.75,331.3,Yes,0-12,47.32857142857143,2,1
Male,0,No,No,29,Yes,Yes,DSL,No,Yes,Yes,No,No,Yes,One year,No,Credit card (automatic),70.9,1964.6,No,25-48,67.7448275862069,5,1
Female,0,Yes,Yes,27,Yes,No,DSL,No,Yes,No,No,No,No,Month-to-month,No,Mailed check,49.85,1336.15,No,25-48,49.48703703703704,2,1
Female,1,No,No,15,Yes,No,Fiber optic,No,Yes,No,No,No,No,Month-to-month,Yes,Credit card (automatic),75.3,1147.45,Yes,13-24,76.49666666666667,2,1
Female,0,Yes,Yes,25,Yes,No,No,No internet service,No internet service,No internet service,No internet service,No internet service,No internet service,Two year,No,Mailed check,20.1,486.05,No,25-48,19.442,1,0
Female,0,Yes,No,11,Yes,Yes,Fiber optic,No,No,No,No,Yes,Yes,Month-to-month,Yes,Electronic check,94.0,1078.9,Yes,0-12,98.0818181818182,4,1
Male,0,Yes,No,57,Yes,Yes,Fiber optic,Yes,Yes,Yes,Yes,Yes,No,Month-to-month,Yes,Electronic check,103.05,5925.75,No,49-60,103.96052631578948,7,1
Male,0,No,No,67,Yes,Yes,Fiber optic,Yes,Yes,Yes,Yes,Yes,Yes,One year,Yes,Bank transfer (automatic),118.35,7804.15,Yes,60+,116.47985074626864,8,1
Female,1,Yes,No,47,Yes,Yes,Fiber optic,No,No,Yes,No,Yes,Yes,Month-to-month,No,Electronic check,99.7,4747.2,No,25-48,101.00425531914894,5,1
Female,0,No,No,13,Yes,No,Fiber optic,No,No,No,No,Yes,No,Month-to-month,Yes,Mailed check,81.9,1028.9,No,13-24,79.14615384615385,2,1
Male,0,No,No,8,No,No phone service,DSL,Yes,No,No,No,No,No,Month-to-month,Yes,Electronic check,30.45,226.45,Yes,0-12,28.30625,1,1
Female,0,Yes,No,44,Yes,Yes,Fiber optic,No,No,No,No,Yes,Yes,Month-to-month,Yes,Electronic check,96.1,4364.1,Yes,25-48,99.18409090909093,4,1
Male,0,Yes,Yes,71,Yes,Yes,DSL,Yes,No,No,No,Yes,No,One year,Yes,Electronic check,66.2,4692.55,No,60+,66.09225352112676,4,1
Male,1,Yes,No,24,Yes,Yes,Fiber optic,No,Yes,Yes,No,Yes,Yes,Month-to-month,Yes,Electronic check,104.25,2433.9,Yes,13-24,101.4125,6,1
Male,1,No,No,15,Yes,Yes,Fiber optic,No,Yes,No,No,No,No,Month-to-month,Yes,Electronic check,80.2,1217.25,Yes,13-24,81.15,3,1
Female,0,No,No,1,Yes,No,No,No internet service,No internet service,No internet service,No internet service,No internet service,No internet service,Month-to-month,No,Electronic check,19.75,19.75,No,0-12,19.75,1,0
Male,1,No,No,2,Yes,Yes,Fiber optic,No,No,No,No,No,No,Month-to-month,Yes,Mailed check,72.6,154.3,No,0-12,77.15,2,1
Male,1,No,No,55,Yes,Yes,Fiber optic,Yes,Yes,Yes,Yes,Yes,Yes,Month-to-month,Yes,Electronic check,116.5,6382.55,No,49-60,116.04636363636364,8,1
Male,1,No,No,71,Yes,Yes,Fiber optic,No,Yes,No,Yes,Yes,Yes,Two year,Yes,Electronic check,106.8,7623.2,No,60+,107.36901408450704,6,1
Male,0,Yes,Yes,50,Yes,Yes,No,No internet service,No internet service,No internet service,No internet service,No internet service,No internet service,Two year,No,Mailed check,24.95,1261.45,No,49-60,25.229,2,0
Male,0,No,No,1,Yes,No,Fiber optic,No,No,No,No,Yes,Yes,Month-to-month,Yes,Electronic check,89.25,89.25,No,0-12,89.25,3,1
Male,0,No,No,5,Yes,No,No,No internet service,No internet service,No internet service,No internet service,No internet service,No internet service,Month-to-month,Yes,Mailed check,19.25,86.05,No,0-12,17.21,1,0
Female,0,No,No,66,Yes,Yes,Fiber optic,Yes,Yes,Yes,Yes,Yes,No,One year,Yes,Bank transfer (automatic),104.55,6779.05,No,60+,102.7128787878788,7,1
Female,0,Yes,Yes,49,Yes,No,DSL,Yes,Yes,Yes,Yes,Yes,Yes,One year,Yes,Mailed check,87.2,4345.0,No,49-60,88.6734693877551,7,1
Female,1,Yes,No,3,No,No phone service,DSL,No,Yes,No,No,No,No,Month-to-month,Yes,Electronic check,30.75,82.85,No,0-12,27.616666666666664,1,1
Male,0,Yes,Yes,66,Yes,Yes,No,No internet service,No internet service,No internet service,No internet service,No internet service,No internet service,One year,Yes,Credit card (automatic),25.7,1714.55,No,60+,25.9780303030303,2,0
Male,0,No,Yes,11,Yes,Yes,Fiber optic,No,No,No,No,No,Yes,Month-to-month,No,Electronic check,86.2,893.2,No,0-12,81.2,3,1
Male,0,No,No,28,No,No phone service,DSL,No,No,No,Yes,No,No,Month-to-month,Yes,Credit card (automatic),30.1,810.85,No,25-48,28.95892857142857,1,1
Male,0,Yes,No,65,Yes,Yes,Fiber optic,Yes,Yes,Yes,No,Yes,No,Two year,Yes,Electronic check,99.35,6347.55,No,60+,97.65461538461538,6,1
Female,0,No,No,62,Yes,No,No,No internet service,No internet service,No internet service,No internet service,No internet service,No internet service,Two year,Yes,Credit card (automatic),19.2,1123.65,No,60+,18.123387096774195,1,0
Female,0,Yes,No,2,Yes,No,No,No internet service,No internet service,No internet service,No internet service,No internet service,No internet service,Month-to-month,No,Bank transfer (automatic),20.1,43.15,No,0-12,21.575,1,0
Female,0,No,No,2,Yes,No,No,No internet service,No internet service,No internet service,No internet service,No internet service,No internet service,Month-to-month,No,Credit card (automatic),20.35,35.1,No,0-12,17.55,1,0
Female,0,Yes,Yes,55,Yes,Yes,No,No internet service,No internet service,No internet service,No internet service,No internet service,No internet service,Two year,Yes,Credit card (automatic),25.65,1388.0,No,49-60,25.23636363636364,2,0
Male,1,Yes,No,41,Yes,No,Fiber optic,No,Yes,No,No,Yes,Yes,Month-to-month,Yes,Electronic check,94.55,3851.45,No,25-48,93.93780487804878,4,1
Female,0,Yes,Yes,17,Yes,Yes,Fiber optic,Yes,No,Yes,No,Yes,Yes,Month-to-month,Yes,Electronic check,104.2,1743.5,Yes,13-24,102.55882352941175,6,1
Female,0,No,No,30,Yes,No,Fiber optic,No,No,No,Yes,Yes,Yes,One year,Yes,Bank transfer (automatic),94.4,2638.1,No,25-48,87.93666666666667,4,1
Male,0,No,No,17,Yes,No,DSL,Yes,Yes,No,No,No,No,One year,No,Mailed check,56.1,946.95,No,13-24,55.70294117647059,3,1
Female,0,Yes,Yes,16,Yes,No,DSL,Yes,Yes,No,Yes,No,Yes,Two year,No,Bank transfer (automatic),68.25,1114.85,No,13-24,69.678125,5,1
Male,0,No,No,72,Yes,Yes,No,No internet service,No internet service,No internet service,No internet service,No internet service,No internet service,Two year,No,Bank transfer (automatic),24.75,1777.6,No,60+,24.688888888888886,2,0
Male,0,No,No,9,Yes,Yes,Fiber optic,No,No,No,No,No,No,Month-to-month,Yes,Electronic check,76.25,684.85,No,0-12,76.09444444444445,2,1
Female,0,No,No,1,Yes,No,Fiber optic,No,Yes,No,No,No,No,Month-to-month,No,Electronic check,74.35,74.35,No,0-12,74.35,2,1
Male,0,No,Yes,23,Yes,No,DSL,No,Yes,No,Yes,No,No,Month-to-month,No,Electronic check,54.15,1312.45,No,13-24,57.06304347826087,3,1
Male,0,No,Yes,8,Yes,No,No,No internet service,No internet service,No internet service,No internet service,No internet service,No internet service,Month-to-month,No,Bank transfer (automatic),19.45,159.2,No,0-12,19.9,1,0
Male,0,Yes,Yes,19,No,No phone service,DSL,Yes,Yes,No,No,No,No,Month-to-month,Yes,Mailed check,34.95,610.2,No,13-24,32.11578947368421,2,1
Female,0,No,No,7,Yes,Yes,DSL,Yes,No,No,No,No,No,Month-to-month,Yes,Electronic check,53.65,404.35,No,0-12,57.76428571428572,3,1
Male,1,No,No,1,Yes,No,Fiber optic,No,No,No,No,No,No,Month-to-month,Yes,Electronic check,69.65,69.65,Yes,0-12,69.65,1,1
Male,0,No,No,61,Yes,Yes,Fiber optic,Yes,No,Yes,No,Yes,Yes,One year,No,Electronic check,104.0,6363.45,No,60+,104.31885245901638,6,1
Female,0,Yes,No,57,Yes,No,DSL,Yes,Yes,No,Yes,Yes,No,Two year,Yes,Credit card (automatic),70.35,4124.65,No,49-60,72.36228070175439,5,1
Male,0,No,No,9,Yes,No,Fiber optic,No,No,No,No,No,Yes,Month-to-month,Yes,Electronic check,80.8,713.1,Yes,0-12,79.23333333333333,2,1
Male,0,No,Yes,15,Yes,No,DSL,Yes,No,Yes,No,No,Yes,One year,No,Mailed check,64.85,950.75,No,13-24,63.38333333333333,4,1
Female,0,No,No,1,Yes,No,No,No internet service,No internet service,No internet service,No internet service,No internet service,No internet service,Month-to-month,No,Mailed check,19.65,19.65,No,0-12,19.65,1,0
Female,0,Yes,No,12,Yes,No,DSL,No,No,No,No,No,No,Month-to-month,No,Bank transfer (automatic),45.9,505.95,No,0-12,42.1625,1,1
Male,0,No,No,54,Yes,No,No,No internet service,No internet service,No internet service,No internet service,No internet service,No internet service,Two year,No,Mailed check,20.0,1149.65,No,49-60,21.289814814814815,1,0
Male,0,Yes,Yes,4,Yes,No,DSL,No,No,No,No,No,No,Month-to-month,No,Electronic check,44.8,169.65,No,0-12,42.4125,1,1
Female,0,No,No,7,Yes,No,Fiber optic,No,No,No,No,Yes,No,Month-to-month,Yes,Mailed check,80.3,526.7,Yes,0-12,75.24285714285715,2,1
Female,0,Yes,No,20,Yes,No,No,No internet service,No internet service,No internet service,No internet service,No internet service,No internet service,One year,No,Mailed check,20.35,393.15,No,13-24,19.6575,1,0
Female,0,No,Yes,26,No,No phone service,DSL,Yes,No,No,Yes,No,Yes,Month-to-month,No,Mailed check,45.8,1147.0,No,25-48,44.11538461538461,3,1
Male,1,Yes,No,36,Yes,Yes,Fiber optic,No,No,No,No,No,Yes,Month-to-month,Yes,Electronic check,84.1,3021.6,Yes,25-48,83.93333333333334,3,1
Female,0,Yes,No,53,Yes,Yes,Fiber optic,No,Yes,Yes,Yes,Yes,Yes,One year,Yes,Bank transfer (automatic),108.95,5718.2,No,49-60,107.89056603773584,7,1
Male,0,No,No,3,Yes,No,DSL,No,No,No,Yes,Yes,Yes,Month-to-month,Yes,Electronic check,69.35,191.35,Yes,0-12,63.78333333333333,4,1
Female,0,No,No,68,No,No phone service,DSL,Yes,Yes,Yes,Yes,Yes,Yes,Two year,No,Credit card (automatic),64.35,4539.6,No,60+,66.75882352941177,6,1
Male,0,Yes,Yes,72,Yes,Yes,DSL,Yes,Yes,Yes,Yes,Yes,Yes,Two year,Yes,Credit card (automatic),90.8,6397.6,No,60+,88.85555555555555,8,1
Male,0,No,No,12,Yes,Yes,No,No internet service,No internet service,No internet service,No internet service,No internet service,No internet service,One year,No,Credit card (automatic),24.95,280.4,No,0-12,23.366666666666664,2,0
Female,1,Yes,Yes,34,Yes,Yes,Fiber optic,No,Yes,No,No,No,No,Month-to-month,Yes,Mailed check,79.6,2718.3,Yes,25-48,79.95,3,1
Female,0,Yes,No,68,Yes,Yes,Fiber optic,Yes,Yes,No,No,No,No,Two year,Yes,Bank transfer (automatic),84.7,5711.05,No,60+,83.9860294117647,4,1
Female,0,No,Yes,50,Yes,No,DSL,Yes,No,Yes,Yes,Yes,No,One year,Yes,Credit card (automatic),70.8,3478.15,No,49-60,69.563,5,1
Female,1,No,No,1,No,No phone service,DSL,No,No,No,No,Yes,No,Month-to-month,Yes,Electronic check,36.45,36.45,Yes,0-12,36.45,1,1
Female,1,No,No,41,Yes,Yes,Fiber optic,No,Yes,Yes,No,Yes,Yes,Month-to-month,Yes,Electronic check,104.4,4133.95,No,25-48,100.8280487804878,6,1
Male,1,Yes,No,30,Yes,Yes,Fiber optic,No,No,No,Yes,Yes,Yes,Month-to-month,Yes,Electronic check,101.5,2917.65,No,25-48,97.255,5,1
Male,0,No,No,1,Yes,Yes,DSL,No,Yes,No,No,No,No,Month-to-month,No,Electronic check,54.3,54.3,No,0-12,54.3,3,1
Male,1,Yes,Yes,29,Yes,Yes,Fiber optic,No,No,Yes,No,Yes,Yes,Month-to-month,Yes,Electronic check,103.95,2964.8,No,25-48,102.2344827586207,5,1
Female,0,Yes,Yes,23,Yes,Yes,DSL,Yes,Yes,Yes,Yes,Yes,Yes,Two year,Yes,Credit card (automatic),91.1,2198.3,No,13-24,95.57826086956524,8,1
Male,0,No,Yes,60,Yes,No,No,No internet service,No internet service,No internet service,No internet service,No internet service,No internet service,Two year,No,Mailed check,19.95,1189.9,No,49-60,19.831666666666667,1,0
Female,0,Yes,No,72,Yes,Yes,No,No internet service,No internet service,No internet service,No internet service,No internet service,No internet service,Two year,No,Credit card (automatic),26.45,1914.5,No,60+,26.59027777777778,2,0
Male,0,No,Yes,22,Yes,No,Fiber optic,No,Yes,Yes,No,Yes,No,Month-to-month,Yes,Electronic check,89.4,2001.5,Yes,13-24,90.97727272727272,4,1
Male,0,No,No,72,Yes,No,DSL,Yes,Yes,Yes,Yes,Yes,No,Two year,Yes,Bank transfer (automatic),75.1,5336.35,No,60+,74.11597222222223,6,1
Female,1,No,No,66,Yes,Yes,Fiber optic,No,Yes,Yes,No,Yes,Yes,One year,No,Bank transfer (automatic),108.1,7238.6,No,60+,109.6757575757576,6,1
Female,0,Yes,No,72,Yes,Yes,Fiber optic,No,Yes,Yes,Yes,Yes,Yes,Two year,Yes,Electronic check,110.15,7998.8,No,60+,111.09444444444443,7,1
Female,1,Yes,No,47,Yes,Yes,Fiber optic,Yes,No,No,No,No,No,Month-to-month,No,Electronic check,80.35,3825.85,Yes,25-48,81.40106382978723,3,1
Female,0,No,No,51,Yes,Yes,Fiber optic,No,Yes,Yes,Yes,Yes,Yes,One year,Yes,Electronic check,111.5,5703.25,No,49-60,111.82843137254902,7,1
Female,0,Yes,Yes,70,Yes,Yes,Fiber optic,No,Yes,Yes,No,Yes,Yes,One year,Yes,Electronic check,106.5,7397.0,No,60+,105.67142857142858,6,1
Male,0,No,No,9,Yes,No,No,No internet service,No internet service,No internet service,No internet service,No internet service,No internet service,One year,Yes,Electronic check,19.9,164.6,No,0-12,18.288888888888888,1,0
Male,0,Yes,Yes,59,Yes,Yes,Fiber optic,Yes,Yes,No,Yes,Yes,Yes,Two year,Yes,Mailed check,111.1,6555.2,No,49-60,111.10508474576272,7,1
Male,0,No,Yes,3,Yes,No,DSL,No,No,No,Yes,Yes,Yes,Month-to-month,No,Mailed check,70.7,225.65,No,0-12,75.21666666666667,4,1
Male,1,Yes,No,38,No,No phone service,DSL,No,No,No,No,No,No,Month-to-month,Yes,Electronic check,24.85,955.75,No,25-48,25.151315789473685,0,1
Female,0,No,No,37,Yes,Yes,Fiber optic,Yes,Yes,Yes,No,No,No,Month-to-month,No,Bank transfer (automatic),91.2,3382.3,No,25-48,91.41351351351352,5,1
Male,0,No,No,37,Yes,No,DSL,Yes,Yes,Yes,Yes,No,No,Two year,No,Bank transfer (automatic),65.6,2313.8,No,25-48,62.53513513513514,5,1
Female,1,Yes,No,24,No,No phone service,DSL,No,No,Yes,No,No,Yes,Month-to-month,Yes,Credit card (automatic),40.65,933.3,Yes,13-24,38.8875,2,1
Female,0,Yes,Yes,14,Yes,No,DSL,Yes,Yes,No,Yes,No,No,Month-to-month,No,Bank transfer (automatic),59.45,780.85,No,13-24,55.775,4,1
Male,0,Yes,No,72,Yes,Yes,Fiber optic,Yes,Yes,No,Yes,Yes,Yes,Two year,Yes,Credit card (automatic),109.95,7852.4,No,60+,109.0611111111111,7,1
Male,0,Yes,No,53,No,No phone service,DSL,No,Yes,Yes,Yes,Yes,Yes,One year,Yes,Electronic check,60.45,3184.25,Yes,49-60,60.08018867924528,5,1
Female,0,Yes,No,8,Yes,Yes,Fiber optic,No,No,No,No,No,Yes,Month-to-month,Yes,Electronic check,84.9,764.95,Yes,0-12,95.61875,3,1
Male,0,Yes,Yes,72,No,No phone service,DSL,Yes,Yes,Yes,No,No,No,Two year,No,Credit card (automatic),38.5,2763.0,No,60+,38.375,3,1
Female,1,Yes,No,17,Yes,Yes,Fiber optic,No,No,No,No,Yes,Yes,Month-to-month,Yes,Electronic check,92.55,1614.7,No,13-24,94.98235294117649,4,1
Female,0,Yes,Yes,2,Yes,No,Fiber optic,No,Yes,No,No,No,No,Month-to-month,Yes,Bank transfer (automatic),73.55,145.4,Yes,0-12,72.7,2,1
Female,0,Yes,No,8,Yes,No,No,No internet service,No internet service,No internet service,No internet service,No internet service,No internet service,Month-to-month,No,Bank transfer (automatic),20.15,156.25,Yes,0-12,19.53125,1,0
Female,0,Yes,No,48,No,No phone service,DSL,No,Yes,Yes,No,No,No,One year,No,Mailed check,34.7,1604.5,Yes,25-48,33.427083333333336,2,1
Female,0,No,No,10,Yes,Yes,No,No internet service,No internet service,No internet service,No internet service,No internet service,No internet service,Month-to-month,Yes,Mailed check,24.5,270.15,No,0-12,27.015,2,0
Male,0,Yes,Yes,0,Yes,No,No,No internet service,No internet service,No internet service,No internet service,No internet service,No internet service,One year,Yes,Mailed check,19.7,1397.475,No,,1397.475,1,0
Male,0,No,No,1,Yes,No,No,No internet service,No internet service,No internet service,No internet service,No internet service,No internet service,Month-to-month,No,Mailed check,20.6,20.6,No,0-12,20.6,1,0
Female,0,No,No,29,Yes,No,DSL,Yes,No,Yes,Yes,No,No,One year,No,Credit card (automatic),58.0,1734.5,No,25-48,59.810344827586206,4,1
Female,1,Yes,Yes,65,Yes,Yes,Fiber optic,No,Yes,Yes,No,Yes,Yes,One year,Yes,Electronic check,107.45,7047.5,No,60+,108.42307692307692,6,1
Female,0,No,No,8,Yes,Yes,DSL,Yes,Yes,Yes,No,No,No,Month-to-month,Yes,Bank transfer (automatic),65.5,573.15,No,0-12,71.64375,5,1
Male,0,Yes,No,61,Yes,Yes,No,No internet service,No internet service,No internet service,No internet service,No internet service,No internet service,Two year,No,Bank transfer (automatic),25.45,1538.6,No,60+,25.22295081967213,2,0
Female,1,No,No,45,Yes,Yes,Fiber optic,No,No,Yes,No,Yes,Yes,One year,Yes,Bank transfer (automatic),100.15,4459.8,No,25-48,99.10666666666668,5,1
Male,0,Yes,Yes,72,Yes,Yes,Fiber optic,No,Yes,Yes,No,Yes,Yes,One year,Yes,Credit card (automatic),104.45,7459.0,No,60+,103.59722222222224,6,1
Male,0,Yes,Yes,12,Yes,No,No,No internet service,No internet service,No internet service,No internet service,No internet service,No internet service,Month-to-month,Yes,Electronic check,21.15,306.05,No,0-12,25.504166666666663,1,0
Male,0,No,No,7,Yes,Yes,Fiber optic,No,No,No,No,Yes,Yes,Month-to-month,No,Electronic check,96.2,639.7,No,0-12,91.38571428571429,4,1
Male,0,No,No,9,Yes,No,DSL,No,No,No,No,No,No,Month-to-month,Yes,Mailed check,44.4,348.15,No,0-12,38.68333333333333,1,1
Female,1,Yes,No,43,Yes,Yes,Fiber optic,No,No,Yes,Yes,Yes,Yes,One year,Yes,Electronic check,107.55,4533.9,Yes,25-48,105.43953488372092,6,1
Male,0,Yes,Yes,58,Yes,Yes,Fiber optic,No,No,Yes,Yes,No,Yes,Two year,No,Bank transfer (automatic),94.35,5563.65,No,49-60,95.925,5,1
Male,1,Yes,No,16,Yes,Yes,Fiber optic,No,No,Yes,No,Yes,Yes,Month-to-month,Yes,Electronic check,98.75,1587.55,Yes,13-24,99.221875,5,1
Male,0,Yes,Yes,2,Yes,No,No,No internet service,No internet service,No internet service,No internet service,No internet service,No internet service,Month-to-month,No,Mailed check,20.3,40.25,No,0-12,20.125,1,0
Female,0,Yes,No,8,Yes,No,Fiber optic,No,Yes,Yes,No,Yes,Yes,Month-to-month,No,Electronic check,101.15,842.9,Yes,0-12,105.3625,5,1
Female,0,Yes,No,40,Yes,Yes,Fiber optic,Yes,No,Yes,No,Yes,Yes,One year,No,Bank transfer (automatic),105.75,4228.55,No,25-48,105.71375,6,1
Male,0,No,No,9,Yes,Yes,Fiber optic,Yes,No,No,No,No,No,Month-to-month,Yes,Electronic check,81.15,784.45,No,0-12,87.16111111111111,3,1
Male,0,No,No,41,Yes,No,Fiber optic,No,Yes,No,Yes,Yes,No,One year,Yes,Electronic check,89.55,3729.75,No,25-48,90.96951219512196,4,1
Female,0,No,No,26,Yes,No,DSL,No,Yes,Yes,No,No,No,Month-to-month,Yes,Credit card (automatic),54.75,1406.9,No,25-48,54.11153846153847,3,1
Female,0,Yes,No,33,Yes,No,DSL,No,Yes,No,Yes,No,No,One year,Yes,Credit card (automatic),53.75,1857.3,No,25-48,56.28181818181818,3,1
Male,0,Yes,Yes,68,Yes,No,Fiber optic,No,Yes,Yes,Yes,Yes,Yes,One year,No,Credit card (automatic),105.75,7322.5,No,60+,107.68382352941175,6,1
Female,1,Yes,No,65,Yes,No,Fiber optic,No,Yes,Yes,Yes,Yes,Yes,Two year,Yes,Credit card (automatic),105.85,6725.5,No,60+,103.46923076923076,6,1
Male,0,No,No,55,Yes,No,DSL,No,Yes,No,Yes,No,Yes,One year,Yes,Electronic check,64.2,3627.3,No,49-60,65.9509090909091,4,1
Male,0,No,No,20,Yes,Yes,Fiber optic,No,No,Yes,No,Yes,No,Month-to-month,Yes,Electronic check,88.7,1761.45,Yes,13-24,88.0725,4,1
Male,0,No,No,19,Yes,No,Fiber optic,No,No,No,Yes,No,Yes,One year,Yes,Credit card (automatic),87.7,1725.95,No,13-24,90.83947368421052,3,1
Female,0,No,No,45,Yes,Yes,Fiber optic,No,No,Yes,No,No,Yes,Month-to-month,Yes,Credit card (automatic),89.3,4192.15,No,25-48,93.15888888888888,4,1
Female,0,Yes,Yes,70,Yes,No,No,No internet service,No internet service,No internet service,No internet service,No internet service,No internet service,Two year,Yes,Credit card (automatic),20.15,1411.2,No,60+,20.16,1,0
Female,0,No,No,2,Yes,No,Fiber optic,No,No,No,No,Yes,No,Month-to-month,Yes,Electronic check,79.75,164.5,Yes,0-12,82.25,2,1
Female,0,No,No,27,Yes,Yes,Fiber optic,No,No,No,No,Yes,Yes,Month-to-month,Yes,Mailed check,94.55,2724.6,Yes,25-48,100.91111111111113,4,1
Female,0,Yes,No,12,Yes,No,No,No internet service,No internet service,No internet service,No internet service,No internet service,No internet service,Two year,Yes,Electronic check,20.05,264.55,No,0-12,22.04583333333333,1,0
Male,0,No,Yes,72,No,No phone service,DSL,Yes,Yes,Yes,Yes,Yes,Yes,Two year,No,Credit card (automatic),67.2,4671.7,No,60+,64.88472222222222,6,1
Male,0,No,No,12,Yes,Yes,Fiber optic,No,No,No,No,Yes,Yes,Month-to-month,No,Electronic check,94.55,1173.55,No,0-12,97.79583333333332,4,1
Female,1,No,No,5,Yes,No,Fiber optic,No,No,No,No,No,No,Month-to-month,Yes,Mailed check,69.05,318.5,Yes,0-12,63.7,1,1
Male,1,Yes,No,71,Yes,Yes,Fiber optic,Yes,Yes,Yes,No,Yes,Yes,Month-to-month,Yes,Electronic check,107.5,7713.55,No,60+,108.64154929577464,7,1
Male,1,No,No,35,Yes,No,DSL,No,No,Yes,Yes,Yes,Yes,One year,Yes,Electronic check,73.0,2471.25,No,25-48,70.60714285714286,5,1
Male,0,Yes,Yes,70,Yes,Yes,Fiber optic,Yes,Yes,Yes,Yes,Yes,Yes,Two year,No,Credit card (automatic),114.75,7842.3,No,60+,112.03285714285714,8,1
Female,0,No,No,31,Yes,Yes,Fiber optic,No,No,No,No,No,No,Month-to-month,Yes,Electronic check,76.05,2227.8,No,25-48,71.86451612903227,2,1
Male,0,Yes,Yes,52,Yes,Yes,Fiber optic,No,No,Yes,Yes,No,Yes,Two year,Yes,Bank transfer (automatic),96.25,4990.25,Yes,49-60,95.96634615384616,5,1
Male,1,No,No,37,Yes,Yes,Fiber optic,No,No,Yes,No,Yes,Yes,Month-to-month,Yes,Electronic check,101.1,3744.05,Yes,25-48,101.19054054054054,5,1
Male,0,No,No,69,Yes,Yes,Fiber optic,No,Yes,No,Yes,Yes,Yes,One year,Yes,Bank transfer (automatic),104.7,7220.35,Yes,60+,104.6427536231884,6,1
Male,1,Yes,No,30,Yes,Yes,Fiber optic,No,No,No,No,No,No,Month-to-month,No,Mailed check,77.9,2351.45,No,25-48,78.38166666666666,2,1
Female,0,No,No,33,Yes,Yes,Fiber optic,Yes,No,No,No,No,Yes,Month-to-month,Yes,Electronic check,90.65,2989.6,No,25-48,90.5939393939394,4,1
Male,1,Yes,No,54,Yes,Yes,Fiber optic,No,Yes,Yes,Yes,Yes,Yes,Two year,Yes,Electronic check,110.45,6077.75,No,49-60,112.55092592592592,7,1
Female,0,No,No,59,Yes,Yes,DSL,Yes,No,No,Yes,No,Yes,One year,No,Bank transfer (automatic),68.7,4070.95,No,49-60,68.99915254237288,5,1
Male,1,No,No,55,No,No phone service,DSL,Yes,Yes,No,No,Yes,No,Month-to-month,Yes,Electronic check,44.85,2479.05,No,49-60,45.07363636363637,3,1
Male,1,Yes,No,69,No,No phone service,DSL,No,No,Yes,No,No,No,One year,Yes,Credit card (automatic),29.8,2134.3,No,60+,30.93188405797102,1,1
Female,0,No,No,66,Yes,Yes,Fiber optic,No,Yes,No,No,Yes,No,One year,Yes,Bank transfer (automatic),88.9,6000.1,No,60+,90.91060606060609,4,1
Male,0,Yes,Yes,37,Yes,No,DSL,Yes,No,Yes,Yes,No,No,One year,Yes,Mailed check,58.75,2203.1,No,25-48,59.54324324324324,4,1
Male,1,Yes,No,9,Yes,No,No,No internet service,No internet service,No internet service,No internet service,No internet service,No internet service,One year,No,Credit card (automatic),19.85,183.15,No,0-12,20.35,1,0
Male,0,Yes,Yes,69,Yes,Yes,DSL,Yes,No,Yes,Yes,Yes,Yes,Two year,No,Bank transfer (automatic),86.9,6194.1,No,60+,89.7695652173913,7,1
Male,0,No,No,10,Yes,No,DSL,No,Yes,No,No,Yes,No,Month-to-month,Yes,Mailed check,59.65,638.95,No,0-12,63.895,3,1
Male,0,No,Yes,40,Yes,No,DSL,Yes,Yes,No,No,No,No,Month-to-month,Yes,Mailed check,55.25,2139.2,Yes,25-48,53.48,3,1
Male,0,No,Yes,13,Yes,No,DSL,No,No,No,No,Yes,Yes,Month-to-month,No,Credit card (automatic),66.4,831.75,No,13-24,63.98076923076923,3,1
Female,0,No,No,6,Yes,Yes,Fiber optic,No,Yes,No,No,Yes,No,Month-to-month,Yes,Electronic check,90.1,521.3,Yes,0-12,86.88333333333333,4,1
Female,0,Yes,Yes,69,Yes,No,No,No internet service,No internet service,No internet service,No internet service,No internet service,No internet service,Two year,No,Bank transfer (automatic),20.15,1337.5,No,60+,19.38405797101449,1,0
Female,1,Yes,No,66,Yes,Yes,Fiber optic,No,Yes,Yes,Yes,Yes,Yes,One year,Yes,Credit card (automatic),108.1,7181.95,No,60+,108.81742424242424,7,1
Male,0,No,No,11,Yes,Yes,DSL,No,No,Yes,No,No,No,Month-to-month,No,Electronic check,53.75,608.0,Yes,0-12,55.27272727272727,3,1
Male,0,Yes,Yes,46,Yes,No,DSL,Yes,No,Yes,Yes,No,No,One year,No,Mailed check,56.9,2560.1,No,25-48,55.65434782608696,4,1
Female,0,No,No,6,Yes,No,Fiber optic,No,No,No,No,Yes,Yes,Month-to-month,No,Electronic check,89.3,577.6,Yes,0-12,96.26666666666668,3,1
Female,0,Yes,Yes,56,Yes,Yes,Fiber optic,Yes,No,Yes,Yes,Yes,Yes,Month-to-month,Yes,Mailed check,109.6,5953.0,No,49-60,106.30357142857144,7,1
Male,0,Yes,Yes,70,Yes,Yes,No,No internet service,No internet service,No internet service,No internet service,No internet service,No internet service,Two year,No,Credit card (automatic),25.15,1790.15,No,60+,25.57357142857143,2,0
Female,0,Yes,Yes,33,Yes,Yes,DSL,No,No,Yes,Yes,Yes,Yes,One year,Yes,Electronic check,79.15,2531.4,No,25-48,76.70909090909092,6,1
Female,0,Yes,Yes,72,Yes,Yes,DSL,Yes,Yes,No,Yes,No,No,Two year,No,Credit card (automatic),66.75,4760.3,No,60+,66.11527777777778,5,1
Female,0,Yes,No,3,Yes,Yes,Fiber optic,No,No,No,No,Yes,Yes,Month-to-month,Yes,Electronic check,95.2,292.85,Yes,0-12,97.61666666666667,4,1
Female,0,No,Yes,19,Yes,No,DSL,No,No,No,Yes,No,No,Month-to-month,No,Mailed check,48.8,953.65,No,13-24,50.19210526315789,2,1
Female,1,No,No,5,No,No phone service,DSL,No,No,No,No,Yes,Yes,Month-to-month,No,Electronic check,45.7,198.0,Yes,0-12,39.6,2,1
Female,0,Yes,No,71,Yes,No,DSL,No,Yes,Yes,Yes,Yes,Yes,Two year,Yes,Credit card (automatic),80.7,5705.05,No,60+,80.35281690140846,6,1
Male,0,Yes,No,8,Yes,No,Fiber optic,Yes,No,No,No,No,No,Month-to-month,Yes,Electronic check,74.5,609.9,Yes,0-12,76.2375,2,1
Male,0,No,No,1,Yes,No,No,No internet service,No internet service,No internet service,No internet service,No internet service,No internet service,Month-to-month,No,Credit card (automatic),20.55,20.55,No,0-12,20.55,1,0
Female,0,No,No,1,Yes,No,Fiber optic,No,No,No,No,Yes,No,Month-to-month,Yes,Electronic check,79.65,79.65,Yes,0-12,79.65,2,1
Female,0,No,No,61,Yes,Yes,Fiber optic,Yes,Yes,Yes,Yes,Yes,Yes,One year,Yes,Mailed check,115.1,6993.65,No,60+,114.65,8,1
Female,0,Yes,Yes,71,No,No phone service,DSL,Yes,Yes,No,Yes,Yes,Yes,Two year,No,Bank transfer (automatic),59.7,4122.65,No,60+,58.06549295774647,5,1
Female,0,Yes,No,68,Yes,Yes,Fiber optic,No,Yes,Yes,No,No,No,One year,No,Credit card (automatic),86.45,5762.95,No,60+,84.74926470588235,4,1
Male,0,No,No,46,No,No phone service,DSL,No,No,Yes,Yes,No,No,One year,No,Credit card (automatic),33.7,1537.85,No,25-48,33.43152173913043,2,1
Male,0,No,No,33,Yes,Yes,Fiber optic,Yes,No,No,No,No,No,One year,No,Bank transfer (automatic),80.1,2603.3,No,25-48,78.88787878787879,3,1
Female,0,Yes,Yes,53,Yes,Yes,Fiber optic,Yes,Yes,Yes,Yes,No,Yes,Two year,Yes,Bank transfer (automatic),104.05,5566.4,No,49-60,105.0264150943396,7,1
Female,1,Yes,No,50,Yes,Yes,Fiber optic,Yes,Yes,Yes,No,Yes,Yes,Month-to-month,No,Bank transfer (automatic),108.75,5431.9,No,49-60,108.638,7,1
Female,0,No,No,57,No,No phone service,DSL,Yes,No,Yes,Yes,No,No,One year,Yes,Credit card (automatic),41.1,2258.25,No,49-60,39.61842105263158,3,1
Female,0,Yes,Yes,54,Yes,No,No,No internet service,No internet service,No internet service,No internet service,No internet service,No internet service,Two year,Yes,Bank transfer (automatic),20.35,1092.35,No,49-60,20.2287037037037,1,0
Female,1,Yes,No,60,Yes,Yes,Fiber optic,No,Yes,Yes,No,Yes,Yes,Month-to-month,Yes,Electronic check,105.9,6401.25,No,49-60,106.6875,6,1
Female,1,Yes,No,28,Yes,Yes,Fiber optic,No,No,No,Yes,Yes,Yes,Month-to-month,Yes,Credit card (automatic),101.3,2812.2,Yes,25-48,100.43571428571428,5,1
Female,0,Yes,Yes,1,Yes,No,Fiber optic,No,No,No,No,Yes,No,Month-to-month,Yes,Mailed check,80.05,80.05,Yes,0-12,80.05,2,1
Male,0,Yes,Yes,29,Yes,Yes,Fiber optic,No,No,Yes,No,No,Yes,Month-to-month,Yes,Electronic check,89.2,2698.35,Yes,25-48,93.04655172413791,4,1
Female,0,Yes,Yes,10,Yes,No,DSL,No,Yes,No,Yes,No,Yes,Month-to-month,Yes,Electronic check,65.5,616.9,No,0-12,61.69,4,1
Male,0,No,Yes,43,No,No phone service,DSL,Yes,Yes,Yes,No,No,No,Month-to-month,Yes,Electronic check,40.45,1912.85,No,25-48,44.48488372093023,3,1
Male,1,Yes,No,13,Yes,No,Fiber optic,No,No,No,No,No,No,Month-to-month,No,Bank transfer (automatic),70.45,849.1,No,13-24,65.31538461538462,1,1
Female,0,Yes,No,43,Yes,No,DSL,Yes,No,Yes,Yes,Yes,Yes,Two year,Yes,Electronic check,78.8,3460.3,No,25-48,80.47209302325582,6,1
Male,0,Yes,Yes,19,Yes,Yes,Fiber optic,No,No,No,No,No,Yes,Month-to-month,Yes,Electronic check,83.65,1465.75,Yes,13-24,77.14473684210526,3,1
Male,0,Yes,Yes,1,Yes,No,Fiber optic,No,No,No,No,Yes,Yes,Month-to-month,Yes,Electronic check,90.1,90.1,No,0-12,90.1,3,1
Female,0,No,No,69,Yes,No,DSL,Yes,No,Yes,Yes,Yes,Yes,Two year,Yes,Credit card (automatic),82.45,5555.3,No,60+,80.51159420289855,6,1
Female,0,Yes,No,61,Yes,No,No,No internet service,No internet service,No internet service,No internet service,No internet service,No internet service,Two year,No,Credit card (automatic),20.25,1278.8,No,60+,20.963934426229507,1,0
Male,0,Yes,No,43,Yes,Yes,DSL,Yes,Yes,No,Yes,No,No,Month-to-month,No,Bank transfer (automatic),66.25,2907.35,No,25-48,67.61279069767441,5,1
Female,0,Yes,No,6,Yes,No,No,No internet service,No internet service,No internet service,No internet service,No internet service,No internet service,Month-to-month,No,Bank transfer (automatic),19.5,146.3,Yes,0-12,24.383333333333336,1,0
Male,0,No,No,1,Yes,No,DSL,No,No,No,Yes,No,No,Month-to-month,No,Mailed check,51.25,51.25,Yes,0-12,51.25,2,1
Male,0,Yes,No,56,Yes,No,Fiber optic,No,No,No,No,Yes,Yes,Month-to-month,No,Mailed check,89.7,4952.95,No,49-60,88.44553571428571,3,1
Female,0,Yes,No,70,No,No phone service,DSL,Yes,Yes,Yes,Yes,Yes,Yes,Two year,No,Bank transfer (automatic),64.55,4504.9,No,60+,64.35571428571428,6,1
Male,0,No,No,1,Yes,No,DSL,No,No,No,No,No,No,Month-to-month,Yes,Electronic check,45.6,45.6,Yes,0-12,45.6,1,1
Male,0,Yes,Yes,49,Yes,Yes,Fiber optic,No,Yes,Yes,No,Yes,No,One year,Yes,Electronic check,93.65,4520.15,No,49-60,92.24795918367346,5,1
Female,0,No,No,6,Yes,No,DSL,No,No,No,Yes,No,No,Month-to-month,Yes,Bank transfer (automatic),49.65,267.35,Yes,0-12,44.55833333333334,2,1
Female,0,Yes,Yes,32,Yes,No,DSL,Yes,Yes,Yes,Yes,No,Yes,Two year,No,Mailed check,73.6,2316.85,No,25-48,72.4015625,6,1
Female,1,Yes,No,72,Yes,Yes,Fiber optic,Yes,No,Yes,Yes,Yes,Yes,Two year,Yes,Mailed check,109.75,8075.35,No,60+,112.1576388888889,7,1
Male,0,No,Yes,37,Yes,No,DSL,Yes,Yes,No,Yes,No,No,Two year,No,Credit card (automatic),61.45,2302.35,No,25-48,62.22567567567568,4,1
Female,0,Yes,No,69,Yes,No,Fiber optic,Yes,Yes,No,Yes,Yes,Yes,One year,Yes,Credit card (automatic),106.4,7251.9,No,60+,105.1,6,1
Female,0,Yes,No,26,Yes,No,DSL,No,Yes,Yes,Yes,Yes,Yes,Month-to-month,No,Bank transfer (automatic),81.9,2078.55,No,25-48,79.94423076923077,6,1
Female,0,Yes,Yes,58,Yes,Yes,Fiber optic,No,Yes,Yes,No,Yes,Yes,One year,Yes,Credit card (automatic),105.2,6225.4,No,49-60,107.33448275862068,6,1
Male,0,No,No,24,Yes,Yes,DSL,No,No,No,Yes,No,No,One year,No,Bank transfer (automatic),54.6,1242.25,No,13-24,51.76041666666666,3,1
Male,0,Yes,Yes,5,Yes,No,No,No internet service,No internet service,No internet service,No internet service,No internet service,No internet service,One year,No,Electronic check,20.55,99.45,No,0-12,19.89,1,0
Male,0,Yes,Yes,15,Yes,No,No,No internet service,No internet service,No internet service,No internet service,No internet service,No internet service,Month-to-month,Yes,Electronic check,20.0,288.05,Yes,13-24,19.203333333333333,1,0
Female,0,Yes,Yes,30,Yes,No,No,No internet service,No internet service,No internet service,No internet service,No internet service,No internet service,Two year,No,Mailed check,19.7,599.25,No,25-48,19.975,1,0
Female,0,Yes,No,55,Yes,Yes,DSL,Yes,Yes,No,Yes,No,No,One year,Yes,Credit card (automatic),66.05,3462.1,No,49-60,62.947272727272725,5,1
Female,0,Yes,No,25,No,No phone service,DSL,No,No,No,No,Yes,No,Month-to-month,Yes,Bank transfer (automatic),34.0,853.0,Yes,25-48,34.12,1,1
Male,1,Yes,No,10,Yes,No,Fiber optic,No,Yes,Yes,Yes,Yes,No,Month-to-month,Yes,Mailed check,92.5,934.1,Yes,0-12,93.41,5,1
Male,0,Yes,Yes,44,No,No phone service,DSL,Yes,Yes,Yes,Yes,No,Yes,Two year,Yes,Credit card (automatic),54.05,2375.2,No,25-48,53.98181818181818,5,1
Female,0,No,No,47,Yes,No,DSL,Yes,Yes,No,Yes,No,No,One year,Yes,Mailed check,58.9,2813.05,No,25-48,59.85212765957447,4,1
Female,0,Yes,Yes,13,Yes,No,Fiber optic,No,No,No,No,Yes,Yes,Month-to-month,No,Electronic check,88.35,1222.8,Yes,13-24,94.06153846153846,3,1
Female,0,Yes,Yes,49,Yes,Yes,Fiber optic,No,Yes,Yes,Yes,Yes,Yes,Two year,Yes,Bank transfer (automatic),107.95,5293.2,Yes,49-60,108.02448979591836,7,1
Female,0,Yes,No,64,Yes,No,Fiber optic,Yes,No,No,Yes,Yes,Yes,One year,Yes,Mailed check,96.9,6314.35,No,60+,98.66171875,5,1
Male,0,No,No,1,Yes,No,No,No internet service,No internet service,No internet service,No internet service,No internet service,No internet service,Month-to-month,No,Mailed check,19.1,19.1,No,0-12,19.1,1,0
Male,0,No,No,20,Yes,No,DSL,No,No,No,Yes,No,No,Month-to-month,No,Mailed check,50.0,1003.05,No,13-24,50.1525,2,1
Female,0,Yes,No,37,No,No phone service,DSL,Yes,No,No,Yes,Yes,No,Two year,No,Electronic check,45.4,1593.1,No,25-48,43.05675675675676,3,1
Male,0,Yes,Yes,30,Yes,Yes,Fiber optic,No,No,No,No,Yes,No,Month-to-month,No,Electronic check,85.45,2509.95,No,25-48,83.66499999999999,3,1
Female,0,No,No,38,Yes,Yes,DSL,Yes,Yes,Yes,No,Yes,Yes,One year,No,Bank transfer (automatic),84.1,3187.65,No,25-48,83.88552631578948,7,1
Female,1,No,No,1,Yes,Yes,Fiber optic,No,No,No,No,No,No,Month-to-month,Yes,Mailed check,74.45,74.45,Yes,0-12,74.45,2,1
Female,0,No,No,37,Yes,No,DSL,No,No,No,No,Yes,Yes,Month-to-month,Yes,Electronic check,64.75,2345.2,Yes,25-48,63.38378378378378,3,1
Female,0,Yes,No,52,No,No phone service,DSL,Yes,Yes,Yes,Yes,Yes,Yes,Two year,No,Credit card (automatic),66.25,3330.1,No,49-60,64.04038461538461,6,1
Male,0,No,Yes,71,Yes,No,DSL,Yes,Yes,Yes,Yes,Yes,No,Two year,Yes,Credit card (automatic),76.9,5522.7,No,60+,77.78450704225352,6,1
Male,0,No,No,26,Yes,No,Fiber optic,No,Yes,Yes,No,Yes,No,Month-to-month,No,Electronic check,89.8,2335.3,Yes,25-48,89.81923076923077,4,1
Male,0,No,No,66,Yes,Yes,DSL,Yes,Yes,Yes,No,No,Yes,Two year,Yes,Credit card (automatic),74.6,4798.4,No,60+,72.7030303030303,6,1
Male,0,Yes,No,72,Yes,Yes,Fiber optic,Yes,Yes,Yes,Yes,Yes,Yes,Two year,Yes,Credit card (automatic),116.95,8594.4,No,60+,119.36666666666666,8,1
Male,0,No,Yes,25,No,No phone service,DSL,Yes,No,No,No,Yes,No,One year,Yes,Credit card (automatic),40.65,970.55,No,25-48,38.822,2,1
Male,0,Yes,Yes,69,Yes,Yes,Fiber optic,Yes,Yes,Yes,Yes,Yes,Yes,Two year,Yes,Bank transfer (automatic),114.35,7665.8,No,60+,111.09855072463768,8,1
Male,0,Yes,Yes,53,Yes,Yes,DSL,Yes,Yes,No,No,No,Yes,Two year,No,Bank transfer (automatic),69.7,3686.05,No,49-60,69.54811320754717,5,1
Female,0,No,No,12,Yes,No,Fiber optic,No,No,Yes,No,Yes,Yes,One year,No,Mailed check,95.5,1115.15,Yes,0-12,92.92916666666667,4,1
Male,0,No,No,26,Yes,No,Fiber optic,No,No,Yes,Yes,Yes,Yes,Month-to-month,Yes,Electronic check,98.65,2537.0,No,25-48,97.57692307692308,5,1
Male,0,No,No,21,Yes,No,DSL,No,No,Yes,No,No,Yes,Month-to-month,No,Mailed check,61.65,1393.6,No,13-24,66.36190476190475,3,1
Female,0,No,Yes,1,Yes,No,Fiber optic,No,No,No,No,Yes,Yes,Month-to-month,Yes,Electronic check,89.35,89.35,No,0-12,89.35,3,1
Male,0,No,No,48,Yes,Yes,Fiber optic,Yes,No,No,Yes,No,Yes,Month-to-month,Yes,Electronic check,95.4,4445.3,No,25-48,92.61041666666668,5,1
Female,0,Yes,No,26,No,No phone service,DSL,Yes,No,Yes,No,No,No,One year,No,Credit card (automatic),35.4,978.6,No,25-48,37.63846153846154,2,1
Male,0,Yes,No,60,Yes,No,No,No internet service,No internet service,No internet service,No internet service,No internet service,No internet service,Two year,No,Mailed check,19.95,1258.15,No,49-60,20.96916666666667,1,0
Male,0,No,No,18,Yes,No,No,No internet service,No internet service,No internet service,No internet service,No internet service,No internet service,Month-to-month,No,Mailed check,19.25,331.35,No,13-24,18.40833333333333,1,0
Female,1,No,No,10,No,No phone service,DSL,No,No,No,Yes,No,No,Month-to-month,Yes,Electronic check,29.65,291.4,Yes,0-12,29.14,1,1
Male,0,Yes,Yes,5,Yes,Yes,Fiber optic,Yes,No,Yes,No,No,No,Month-to-month,Yes,Electronic check,84.5,453.75,Yes,0-12,90.75,4,1
Female,0,No,Yes,4,Yes,No,No,No internet service,No internet service,No internet service,No internet service,No internet service,No internet service,One year,Yes,Mailed check,20.4,84.75,No,0-12,21.1875,1,0
Male,0,Yes,Yes,65,Yes,Yes,No,No internet service,No internet service,No internet service,No internet service,No internet service,No internet service,Two year,No,Credit card (automatic),24.75,1715.1,No,60+,26.38615384615385,2,0
Male,0,Yes,Yes,70,Yes,Yes,No,No internet service,No internet service,No internet service,No internet service,No internet service,No internet service,Two year,No,Mailed check,25.35,1715.15,No,60+,24.502142857142857,2,0
Male,0,No,No,18,Yes,Yes,Fiber optic,No,No,Yes,No,No,Yes,Month-to-month,Yes,Credit card (automatic),90.7,1597.25,Yes,13-24,88.73611111111111,4,1
Male,0,No,Yes,62,Yes,No,No,No internet service,No internet service,No internet service,No internet service,No internet service,No internet service,Two year,No,Bank transfer (automatic),20.0,1250.1,No,60+,20.16290322580645,1,0
Female,0,Yes,Yes,66,Yes,No,DSL,Yes,No,No,No,Yes,No,Two year,Yes,Electronic check,59.75,3996.8,No,60+,60.55757575757576,3,1
Female,0,Yes,Yes,65,Yes,Yes,DSL,Yes,Yes,No,Yes,Yes,Yes,Two year,Yes,Bank transfer (automatic),82.5,5215.1,No,60+,80.2323076923077,7,1
Female,1,No,No,3,Yes,No,Fiber optic,No,No,No,No,No,No,Month-to-month,Yes,Electronic check,70.3,235.5,Yes,0-12,78.5,1,1
Female,0,No,No,34,Yes,No,No,No internet service,No internet service,No internet service,No internet service,No internet service,No internet service,Month-to-month,No,Mailed check,20.35,673.2,No,25-48,19.8,1,0
Male,0,Yes,Yes,16,Yes,Yes,Fiber optic,No,No,Yes,No,Yes,No,Month-to-month,Yes,Bank transfer (automatic),90.8,1442.2,No,13-24,90.1375,4,1
Female,0,No,No,54,Yes,Yes,Fiber optic,Yes,No,Yes,No,Yes,Yes,One year,Yes,Bank transfer (automatic),103.95,5639.05,Yes,49-60,104.42685185185184,6,1
Female,1,No,No,50,Yes,Yes,Fiber optic,No,No,Yes,Yes,Yes,Yes,Month-to-month,Yes,Electronic check,104.95,5222.35,No,49-60,104.447,6,1
Male,0,Yes,No,71,Yes,No,Fiber optic,No,Yes,Yes,Yes,Yes,Yes,Two year,Yes,Electronic check,105.25,7291.75,No,60+,102.70070422535213,6,1
Female,0,No,No,10,Yes,Yes,Fiber optic,No,No,No,No,No,No,Month-to-month,Yes,Electronic check,74.75,799.65,Yes,0-12,79.965,2,1
Female,0,No,No,1,Yes,No,DSL,No,No,No,Yes,No,No,Month-to-month,Yes,Electronic check,50.8,50.8,Yes,0-12,50.8,2,1
Male,0,No,No,18,Yes,Yes,No,No internet service,No internet service,No internet service,No internet service,No internet service,No internet service,One year,No,Mailed check,23.75,424.5,No,13-24,23.58333333333333,2,0
Male,0,No,No,4,Yes,No,DSL,No,No,No,Yes,Yes,No,Month-to-month,Yes,Electronic check,61.3,249.4,No,0-12,62.35,3,1
Female,0,Yes,Yes,58,Yes,Yes,DSL,Yes,No,Yes,Yes,Yes,No,Two year,No,Mailed check,75.8,4415.75,No,49-60,76.13362068965517,6,1
Female,0,Yes,No,56,Yes,Yes,Fiber optic,Yes,No,No,No,Yes,Yes,One year,Yes,Electronic check,98.0,5270.6,No,49-60,94.11785714285716,5,1
Male,0,No,No,2,Yes,No,Fiber optic,No,No,No,No,Yes,No,Month-to-month,Yes,Electronic check,80.25,144.55,Yes,0-12,72.275,2,1
Male,0,Yes,No,32,Yes,Yes,Fiber optic,No,No,Yes,No,No,No,Month-to-month,Yes,Electronic check,78.9,2447.95,Yes,25-48,76.4984375,3,1
Male,0,Yes,Yes,56,No,No phone service,DSL,Yes,Yes,No,Yes,Yes,No,One year,Yes,Mailed check,52.0,2884.9,No,49-60,51.51607142857143,4,1
Male,0,No,No,36,Yes,Yes,Fiber optic,No,No,No,No,No,Yes,Month-to-month,Yes,Electronic check,84.75,3050.15,Yes,25-48,84.72638888888889,3,1
Female,0,No,No,4,Yes,Yes,DSL,No,No,No,Yes,Yes,No,Month-to-month,Yes,Mailed check,64.4,253.0,No,0-12,63.25,4,1
Male,0,No,No,53,Yes,Yes,Fiber optic,No,No,No,No,Yes,No,Month-to-month,No,Bank transfer (automatic),85.45,4517.25,Yes,49-60,85.23113207547169,3,1
Male,0,No,No,10,Yes,No,DSL,No,No,No,No,No,No,Month-to-month,Yes,Credit card (automatic),45.8,436.2,No,0-12,43.62,1,1
Male,0,No,No,4,No,No phone service,DSL,No,No,No,Yes,No,No,Month-to-month,No,Electronic check,30.5,118.4,No,0-12,29.6,1,1
Male,0,Yes,Yes,1,Yes,No,No,No internet service,No internet service,No internet service,No internet service,No internet service,No internet service,Month-to-month,No,Mailed check,19.9,19.9,Yes,0-12,19.9,1,0
Female,0,Yes,No,51,Yes,No,Fiber optic,No,No,No,No,No,No,Month-to-month,No,Mailed check,69.15,3649.6,No,49-60,71.56078431372549,1,1
Male,1,No,No,12,Yes,Yes,Fiber optic,No,No,Yes,No,Yes,Yes,Month-to-month,Yes,Electronic check,99.45,1200.15,Yes,0-12,100.0125,5,1
Female,0,No,No,6,No,No phone service,DSL,No,No,No,Yes,Yes,Yes,One year,Yes,Mailed check,49.25,255.6,No,0-12,42.6,3,1
Male,0,Yes,Yes,63,No,No phone service,DSL,No,Yes,Yes,Yes,No,No,Two year,No,Bank transfer (automatic),39.35,2395.05,No,60+,38.01666666666667,3,1
Female,0,No,No,1,Yes,No,Fiber optic,No,No,No,No,No,No,Month-to-month,Yes,Electronic check,70.6,70.6,Yes,0-12,70.6,1,1
Female,0,Yes,No,48,Yes,Yes,Fiber optic,No,Yes,No,Yes,Yes,Yes,Month-to-month,Yes,Credit card (automatic),105.1,5083.55,No,25-48,105.90729166666668,6,1
Female,0,No,No,5,Yes,No,Fiber optic,No,No,No,No,Yes,No,Month-to-month,Yes,Credit card (automatic),81.0,389.6,Yes,0-12,77.92,2,1
Female,0,No,Yes,35,Yes,No,No,No internet service,No internet service,No internet service,No internet service,No internet service,No internet service,One year,Yes,Credit card (automatic),20.1,644.5,No,25-48,18.414285714285715,1,0
Male,0,No,No,6,Yes,No,Fiber optic,No,Yes,No,No,Yes,No,Month-to-month,Yes,Electronic check,84.85,523.5,Yes,0-12,87.25,3,1
Male,0,No,No,2,Yes,No,No,No internet service,No internet service,No internet service,No internet service,No internet service,No internet service,Month-to-month,No,Mailed check,19.75,39.3,No,0-12,19.65,1,0
Female,0,No,No,50,Yes,No,No,No internet service,No internet service,No internet service,No internet service,No internet service,No internet service,One year,No,Bank transfer (automatic),19.75,989.05,No,49-60,19.781,1,0
Female,0,No,No,33,Yes,No,Fiber optic,No,No,No,No,No,No,Month-to-month,Yes,Bank transfer (automatic),70.4,2406.1,No,25-48,72.9121212121212,1,1
Male,0,No,No,31,Yes,No,No,No internet service,No internet service,No internet service,No internet service,No internet service,No internet service,Two year,No,Mailed check,20.45,638.55,No,25-48,20.598387096774196,1,0
Female,0,Yes,Yes,9,Yes,No,No,No internet service,No internet service,No internet service,No internet service,No internet service,No internet service,Two year,No,Mailed check,20.35,191.1,No,0-12,21.23333333333333,1,0
Female,0,Yes,Yes,54,Yes,Yes,DSL,No,Yes,Yes,Yes,Yes,Yes,Month-to-month,Yes,Electronic check,86.2,4524.05,No,49-60,83.77870370370371,7,1
Female,0,No,No,46,Yes,No,Fiber optic,Yes,Yes,Yes,No,Yes,No,One year,Yes,Credit card (automatic),95.65,4664.2,No,25-48,101.39565217391304,5,1
Male,0,No,Yes,34,Yes,Yes,Fiber optic,Yes,Yes,No,No,Yes,Yes,One year,Yes,Electronic check,103.8,3470.8,No,25-48,102.08235294117648,6,1
Male,0,Yes,Yes,71,Yes,Yes,Fiber optic,Yes,No,No,No,Yes,Yes,Two year,Yes,Electronic check,97.2,6910.3,No,60+,97.32816901408452,5,1
Female,0,Yes,Yes,63,Yes,No,DSL,Yes,Yes,Yes,Yes,No,No,Two year,No,Mailed check,63.55,4014.2,No,60+,63.71746031746032,5,1
Female,0,No,No,51,Yes,Yes,No,No internet service,No internet service,No internet service,No internet service,No internet service,No internet service,Two year,No,Bank transfer (automatic),24.95,1288.0,No,49-60,25.254901960784316,2,0
Female,1,No,No,26,Yes,Yes,Fiber optic,No,Yes,No,No,Yes,No,Month-to-month,Yes,Electronic check,89.15,2277.65,Yes,25-48,87.60192307692309,4,1
Female,0,Yes,No,64,Yes,No,Fiber optic,Yes,No,Yes,No,Yes,Yes,Two year,Yes,Bank transfer (automatic),99.0,6375.8,No,60+,99.621875,5,1
Female,1,Yes,No,1,No,No phone service,DSL,No,No,No,No,No,No,Month-to-month,Yes,Electronic check,24.8,24.8,Yes,0-12,24.8,0,1
Male,1,Yes,No,61,Yes,Yes,Fiber optic,No,Yes,No,Yes,No,No,One year,Yes,Bank transfer (automatic),85.55,5251.75,No,60+,86.09426229508196,4,1
Female,0,No,No,15,Yes,No,Fiber optic,No,No,Yes,No,Yes,Yes,Month-to-month,Yes,Credit card (automatic),94.0,1505.45,No,13-24,100.36333333333332,4,1
Male,0,No,No,64,Yes,Yes,Fiber optic,No,Yes,No,Yes,Yes,Yes,One year,Yes,Credit card (automatic),105.65,6903.1,Yes,60+,107.8609375,6,1
Female,0,No,No,18,Yes,Yes,DSL,No,No,No,No,No,No,Month-to-month,Yes,Electronic check,50.3,913.3,No,13-24,50.73888888888889,2,1
Female,0,Yes,Yes,57,Yes,No,Fiber optic,No,Yes,No,No,Yes,Yes,One year,Yes,Electronic check,95.0,5535.8,No,49-60,97.11929824561405,4,1
Male,0,Yes,Yes,14,Yes,No,DSL,Yes,Yes,No,No,No,Yes,Two year,Yes,Bank transfer (automatic),61.4,815.55,No,13-24,58.25357142857143,4,1
Male,1,No,No,18,Yes,Yes,Fiber optic,No,Yes,No,No,No,No,Month-to-month,Yes,Credit card (automatic),80.55,1411.65,No,13-24,78.42500000000001,3,1
Female,1,Yes,No,72,Yes,Yes,Fiber optic,Yes,No,No,No,No,No,Two year,No,Bank transfer (automatic),78.5,5602.25,No,60+,77.80902777777777,3,1
Male,0,Yes,No,70,Yes,Yes,Fiber optic,Yes,Yes,Yes,Yes,Yes,Yes,Two year,No,Credit card (automatic),114.3,8244.3,No,60+,117.77571428571429,8,1
Female,0,No,No,38,Yes,No,No,No internet service,No internet service,No internet service,No internet service,No internet service,No internet service,Two year,No,Mailed check,20.05,741.5,No,25-48,19.51315789473684,1,0
Male,0,Yes,Yes,68,Yes,No,DSL,Yes,Yes,Yes,Yes,No,No,Two year,No,Credit card (automatic),62.65,4375.8,No,60+,64.35000000000001,5,1
Male,0,No,No,13,Yes,No,Fiber optic,No,No,No,No,No,Yes,Month-to-month,Yes,Electronic check,80.85,1008.7,Yes,13-24,77.5923076923077,2,1
Male,1,Yes,No,65,Yes,Yes,Fiber optic,Yes,Yes,No,No,Yes,No,Two year,Yes,Credit card (automatic),92.7,5968.4,No,60+,91.82153846153844,5,1
Female,0,No,No,30,Yes,Yes,Fiber optic,No,No,Yes,No,Yes,Yes,Month-to-month,No,Electronic check,100.45,3096.9,No,25-48,103.23,5,1
Male,0,Yes,No,51,Yes,Yes,DSL,No,No,No,Yes,Yes,Yes,Two year,Yes,Bank transfer (automatic),75.2,3901.25,No,49-60,76.49509803921569,5,1
Female,0,No,No,31,Yes,Yes,Fiber optic,Yes,No,Yes,No,No,No,Month-to-month,Yes,Credit card (automatic),84.75,2613.4,No,25-48,84.30322580645162,4,1
Female,0,Yes,No,9,Yes,No,Fiber optic,No,No,No,No,Yes,Yes,Month-to-month,No,Electronic check,89.45,853.1,Yes,0-12,94.78888888888888,3,1
Female,0,Yes,Yes,72,Yes,Yes,DSL,Yes,Yes,Yes,Yes,No,Yes,Two year,Yes,Bank transfer (automatic),79.5,5661.7,No,60+,78.63472222222222,7,1
Male,0,No,No,10,Yes,Yes,DSL,No,No,No,No,Yes,Yes,Month-to-month,Yes,Credit card (automatic),72.15,794.25,Yes,0-12,79.425,4,1
Female,0,No,No,37,Yes,No,No,No internet service,No internet service,No internet service,No internet service,No internet service,No internet service,One year,Yes,Electronic check,19.8,695.05,No,25-48,18.785135135135132,1,0
Female,0,No,No,2,Yes,No,DSL,No,No,Yes,Yes,Yes,Yes,Month-to-month,No,Electronic check,76.4,160.8,Yes,0-12,80.4,5,1
Male,0,No,No,55,Yes,No,Fiber optic,Yes,Yes,No,No,Yes,Yes,One year,Yes,Mailed check,100.9,5552.05,No,49-60,100.94636363636364,5,1
Male,0,No,Yes,33,Yes,Yes,Fiber optic,Yes,No,Yes,No,No,Yes,Month-to-month,Yes,Bank transfer (automatic),95.3,3275.15,No,25-48,99.2469696969697,5,1
Female,0,Yes,Yes,46,Yes,No,Fiber optic,No,No,Yes,Yes,No,Yes,One year,No,Bank transfer (automatic),90.95,4236.6,No,25-48,92.1,4,1
Female,0,No,Yes,1,Yes,No,DSL,Yes,No,No,Yes,No,No,Month-to-month,No,Electronic check,54.5,54.5,No,0-12,54.5,3,1
Female,1,No,No,20,Yes,Yes,DSL,No,No,No,No,No,Yes,Month-to-month,Yes,Mailed check,61.6,1174.35,Yes,13-24,58.7175,3,1
Male,0,Yes,No,9,Yes,No,Fiber optic,No,Yes,Yes,No,No,No,Month-to-month,Yes,Electronic check,79.9,741.7,Yes,0-12,82.41111111111111,3,1
Male,1,No,No,32,Yes,Yes,Fiber optic,No,No,No,No,Yes,Yes,Month-to-month,Yes,Credit card (automatic),96.15,3019.25,Yes,25-48,94.3515625,4,1
Female,0,Yes,Yes,19,Yes,No,DSL,No,No,Yes,No,No,No,Month-to-month,Yes,Bank transfer (automatic),49.6,962.9,No,13-24,50.67894736842105,2,1
Female,0,Yes,No,70,Yes,Yes,DSL,Yes,No,Yes,Yes,No,No,Two year,No,Credit card (automatic),65.3,4759.75,Yes,60+,67.99642857142857,5,1
Female,0,No,Yes,61,Yes,Yes,No,No internet service,No internet service,No internet service,No internet service,No internet service,No internet service,Two year,Yes,Credit card (automatic),25.0,1498.35,No,60+,24.56311475409836,2,0
Male,0,No,No,26,Yes,No,DSL,No,No,No,No,No,No,Month-to-month,No,Electronic check,45.45,1233.15,No,25-48,47.42884615384616,1,1
Male,0,Yes,No,45,Yes,Yes,Fiber optic,No,Yes,Yes,No,Yes,Yes,Month-to-month,Yes,Bank transfer (automatic),107.75,4882.8,No,25-48,108.50666666666667,6,1
Male,0,Yes,Yes,62,Yes,Yes,Fiber optic,No,No,Yes,No,Yes,No,Two year,Yes,Credit card (automatic),89.1,5411.65,No,60+,87.28467741935484,4,1
Male,0,No,No,1,Yes,No,No,No internet service,No internet service,No internet service,No internet service,No internet service,No internet service,Month-to-month,No,Mailed check,19.65,19.65,Yes,0-12,19.65,1,0
Female,0,No,No,3,Yes,No,DSL,No,No,No,No,No,No,Month-to-month,No,Mailed check,44.75,148.05,No,0-12,49.35,1,1
Female,0,Yes,Yes,41,Yes,Yes,Fiber optic,Yes,Yes,Yes,No,No,Yes,One year,Yes,Bank transfer (automatic),101.6,3930.55,No,25-48,95.86707317073171,6,1
Male,0,Yes,Yes,67,Yes,No,Fiber optic,No,Yes,Yes,Yes,Yes,Yes,Two year,No,Bank transfer (automatic),103.15,6895.5,No,60+,102.9179104477612,6,1
Male,0,No,No,1,Yes,Yes,Fiber optic,No,No,No,No,Yes,No,Month-to-month,Yes,Mailed check,84.65,84.65,Yes,0-12,84.65,3,1
Female,0,Yes,No,71,Yes,Yes,Fiber optic,Yes,Yes,No,No,Yes,No,One year,No,Mailed check,95.65,6856.95,No,60+,96.57676056338028,5,1
Female,0,Yes,Yes,37,Yes,No,DSL,Yes,Yes,No,No,Yes,Yes,One year,No,Bank transfer (automatic),75.1,2658.8,No,25-48,71.85945945945946,5,1
Male,0,Yes,No,60,Yes,No,DSL,Yes,Yes,No,Yes,No,No,Two year,Yes,Mailed check,61.35,3766.2,No,49-60,62.77,4,1
Female,1,Yes,No,1,Yes,No,Fiber optic,No,No,No,No,No,No,Month-to-month,Yes,Electronic check,69.55,69.55,Yes,0-12,69.55,1,1
Female,0,No,No,6,Yes,No,No,No internet service,No internet service,No internet service,No internet service,No internet service,No internet service,Month-to-month,No,Credit card (automatic),19.7,129.55,No,0-12,21.59166666666667,1,0
Female,0,No,No,13,No,No phone service,DSL,No,Yes,No,No,No,No,Month-to-month,Yes,Electronic check,31.05,347.25,Yes,13-24,26.71153846153846,1,1
Female,0,Yes,Yes,11,Yes,No,DSL,Yes,No,No,No,No,No,Month-to-month,No,Bank transfer (automatic),51.0,581.7,No,0-12,52.88181818181818,2,1
Male,0,No,No,7,Yes,No,DSL,Yes,No,No,No,No,No,Month-to-month,Yes,Mailed check,51.0,354.05,Yes,0-12,50.57857142857143,2,1
Female,0,Yes,Yes,10,Yes,No,Fiber optic,No,No,No,No,Yes,Yes,Month-to-month,Yes,Electronic check,88.85,929.45,No,0-12,92.945,3,1
Male,0,Yes,No,34,Yes,No,No,No internet service,No internet service,No internet service,No internet service,No internet service,No internet service,Two year,No,Credit card (automatic),20.05,679.0,No,25-48,19.97058823529412,1,0
Female,0,No,No,62,Yes,No,DSL,Yes,No,No,Yes,No,Yes,Two year,Yes,Mailed check,65.1,3846.75,No,60+,62.04435483870968,4,1
Male,0,Yes,No,64,Yes,Yes,DSL,No,Yes,No,Yes,No,Yes,One year,Yes,Mailed check,70.15,4480.7,No,60+,70.0109375,5,1
Female,0,Yes,Yes,1,Yes,No,DSL,No,No,No,No,No,No,Month-to-month,Yes,Bank transfer (automatic),44.35,44.35,Yes,0-12,44.35,1,1
Male,0,No,No,25,Yes,No,No,No internet service,No internet service,No internet service,No internet service,No internet service,No internet service,Two year,Yes,Mailed check,20.75,499.4,No,25-48,19.976,1,0
Female,0,No,No,26,Yes,No,DSL,No,Yes,Yes,No,No,No,One year,Yes,Mailed check,56.05,1553.2,No,25-48,59.73846153846154,3,1
Male,0,No,Yes,10,Yes,No,No,No internet service,No internet service,No internet service,No internet service,No internet service,No internet service,One year,Yes,Bank transfer (automatic),19.95,219.5,No,0-12,21.95,1,0
Female,0,No,No,53,Yes,Yes,Fiber optic,Yes,Yes,Yes,No,Yes,No,One year,No,Mailed check,98.6,5311.85,No,49-60,100.2235849056604,6,1
Female,0,No,No,7,Yes,No,Fiber optic,No,No,No,No,Yes,No,Month-to-month,Yes,Electronic check,79.7,586.05,Yes,0-12,83.72142857142856,2,1
Male,0,No,No,33,Yes,No,Fiber optic,No,Yes,Yes,No,No,No,Month-to-month,Yes,Credit card (automatic),79.0,2576.8,No,25-48,78.0848484848485,3,1
Female,1,Yes,No,71,Yes,No,Fiber optic,No,Yes,Yes,No,No,Yes,Two year,No,Credit card (automatic),89.45,6435.25,No,60+,90.63732394366195,4,1
Female,0,No,No,29,Yes,Yes,Fiber optic,No,No,No,No,No,No,Month-to-month,Yes,Electronic check,74.2,1993.25,No,25-48,68.73275862068965,2,1
Male,0,Yes,Yes,24,Yes,Yes,DSL,Yes,No,No,Yes,Yes,Yes,Month-to-month,No,Bank transfer (automatic),81.0,1923.85,No,13-24,80.16041666666666,6,1
Male,0,Yes,Yes,20,Yes,No,DSL,No,No,Yes,No,No,No,Month-to-month,Yes,Electronic check,49.6,939.8,No,13-24,46.99,2,1
Female,0,No,No,1,Yes,Yes,Fiber optic,No,No,No,No,Yes,No,Month-to-month,Yes,Electronic check,84.6,84.6,No,0-12,84.6,3,1
Male,0,No,Yes,54,Yes,Yes,DSL,No,Yes,No,No,No,No,Month-to-month,Yes,Credit card (automatic),55.0,3092.65,Yes,49-60,57.2712962962963,3,1
Female,1,No,No,5,Yes,No,Fiber optic,No,No,Yes,No,Yes,No,Month-to-month,Yes,Mailed check,84.85,415.55,Yes,0-12,83.11,3,1
Female,0,Yes,Yes,72,Yes,Yes,DSL,Yes,No,Yes,Yes,Yes,Yes,Two year,Yes,Bank transfer (automatic),84.2,5986.55,No,60+,83.14652777777778,7,1
Male,0,Yes,No,52,Yes,No,Fiber optic,Yes,Yes,Yes,Yes,Yes,Yes,Two year,Yes,Electronic check,106.3,5487.0,No,49-60,105.51923076923076,7,1
Female,0,No,No,9,Yes,No,Fiber optic,No,No,No,No,No,No,Month-to-month,No,Electronic check,69.05,651.5,No,0-12,72.38888888888889,1,1
Female,0,No,No,1,Yes,No,DSL,No,No,No,No,No,No,Month-to-month,Yes,Mailed check,45.4,45.4,No,0-12,45.4,1,1
Male,1,No,No,1,Yes,Yes,Fiber optic,No,No,No,No,No,No,Month-to-month,Yes,Electronic check,73.65,73.65,Yes,0-12,73.65,2,1
Male,0,Yes,Yes,33,Yes,No,DSL,No,No,Yes,Yes,Yes,Yes,One year,Yes,Mailed check,73.9,2405.05,Yes,25-48,72.88030303030304,5,1
Female,0,Yes,No,55,Yes,Yes,Fiber optic,No,No,Yes,No,No,No,Month-to-month,Yes,Electronic check,77.75,4458.15,Yes,49-60,81.05727272727272,3,1
Male,0,Yes,Yes,69,Yes,Yes,Fiber optic,No,No,No,Yes,Yes,Yes,Two year,Yes,Electronic check,99.35,6856.45,No,60+,99.36884057971014,5,1
Male,0,No,No,1,Yes,No,DSL,Yes,No,No,No,No,No,Month-to-month,Yes,Mailed check,50.75,50.75,No,0-12,50.75,2,1
Male,0,No,No,54,Yes,Yes,DSL,Yes,No,Yes,Yes,Yes,Yes,Two year,No,Bank transfer (automatic),87.1,4735.2,No,49-60,87.68888888888888,7,1
Male,0,No,Yes,33,Yes,No,No,No internet service,No internet service,No internet service,No internet service,No internet service,No internet service,One year,Yes,Mailed check,20.15,682.15,No,25-48,20.67121212121212,1,0
Male,1,Yes,No,45,Yes,Yes,Fiber optic,No,Yes,Yes,Yes,Yes,No,One year,Yes,Bank transfer (automatic),98.7,4525.8,No,25-48,100.57333333333334,6,1
Female,0,No,Yes,11,No,No phone service,DSL,No,No,No,No,No,No,Month-to-month,No,Electronic check,25.2,321.05,No,0-12,29.18636363636364,0,1
Male,0,No,No,6,Yes,No,DSL,Yes,Yes,No,No,No,No,Month-to-month,Yes,Bank transfer (automatic),55.7,335.65,No,0-12,55.94166666666666,3,1
Male,0,No,No,21,Yes,No,DSL,Yes,No,Yes,No,Yes,No,Month-to-month,No,Bank transfer (automatic),65.35,1424.4,No,13-24,67.82857142857144,4,1
Female,0,Yes,Yes,65,Yes,Yes,No,No internet service,No internet service,No internet service,No internet service,No internet service,No internet service,Two year,Yes,Bank transfer (automatic),25.3,1748.55,No,60+,26.90076923076923,2,0
Female,1,Yes,No,6,Yes,Yes,Fiber optic,No,No,No,No,No,Yes,Month-to-month,Yes,Electronic check,84.35,474.9,Yes,0-12,79.14999999999999,3,1
Female,0,No,No,8,Yes,No,Fiber optic,Yes,No,No,No,Yes,No,Month-to-month,No,Electronic check,84.95,668.4,Yes,0-12,83.55,3,1
Male,0,No,No,11,Yes,No,Fiber optic,No,No,No,Yes,No,No,Month-to-month,Yes,Electronic check,73.85,926.25,Yes,0-12,84.20454545454545,2,1
Male,0,Yes,Yes,43,Yes,Yes,No,No internet service,No internet service,No internet service,No internet service,No internet service,No internet service,Two year,No,Mailed check,24.25,1077.95,No,25-48,25.06860465116279,2,0
Male,0,Yes,Yes,49,No,No phone service,DSL,No,Yes,No,No,Yes,Yes,One year,Yes,Bank transfer (automatic),51.8,2541.25,Yes,49-60,51.86224489795919,3,1
Female,1,Yes,No,1,Yes,No,DSL,No,No,No,No,No,No,Month-to-month,No,Electronic check,46.0,46.0,Yes,0-12,46.0,1,1
Male,1,No,No,15,Yes,No,Fiber optic,No,No,No,No,No,Yes,Month-to-month,Yes,Electronic check,79.4,1156.1,Yes,13-24,77.07333333333332,2,1
Male,0,Yes,Yes,60,Yes,No,DSL,Yes,Yes,Yes,No,No,No,Two year,No,Bank transfer (automatic),60.5,3694.45,No,49-60,61.57416666666666,4,1
Male,0,No,No,17,No,No phone service,DSL,No,No,No,No,No,No,Month-to-month,No,Credit card (automatic),25.1,382.8,No,13-24,22.51764705882353,0,1
Male,1,Yes,No,16,Yes,No,Fiber optic,No,No,No,No,No,No,Month-to-month,Yes,Bank transfer (automatic),71.8,1167.8,Yes,13-24,72.9875,1,1
Male,0,Yes,Yes,35,Yes,No,No,No internet service,No internet service,No internet service,No internet service,No internet service,No internet service,One year,No,Bank transfer (automatic),20.05,746.75,No,25-48,21.335714285714285,1,0
Male,1,Yes,No,44,Yes,Yes,Fiber optic,No,Yes,No,No,No,Yes,One year,No,Mailed check,88.4,3912.9,Yes,25-48,88.92954545454546,4,1
Female,0,Yes,Yes,12,No,No phone service,DSL,No,No,No,Yes,No,No,One year,No,Credit card (automatic),30.25,368.85,No,0-12,30.7375,1,1
Male,0,No,No,1,Yes,No,No,No internet service,No internet service,No internet service,No internet service,No internet service,No internet service,Month-to-month,No,Mailed check,20.2,20.2,No,0-12,20.2,1,0
Female,0,No,No,28,Yes,No,DSL,Yes,Yes,No,Yes,No,No,One year,Yes,Electronic check,59.9,1654.7,No,25-48,59.096428571428575,4,1
Male,0,Yes,No,70,Yes,Yes,No,No internet service,No internet service,No internet service,No internet service,No internet service,No internet service,Two year,No,Bank transfer (automatic),25.15,1940.85,No,60+,27.72642857142857,2,0
Female,0,No,Yes,5,Yes,No,DSL,No,No,No,No,No,No,Month-to-month,No,Mailed check,46.0,221.7,Yes,0-12,44.34,1,1
Male,0,No,No,18,Yes,No,Fiber optic,No,Yes,Yes,No,Yes,Yes,Month-to-month,No,Credit card (automatic),101.3,1794.65,No,13-24,99.70277777777778,5,1
Male,0,Yes,No,70,Yes,Yes,DSL,Yes,No,No,Yes,Yes,Yes,Two year,Yes,Credit card (automatic),76.95,5289.8,No,60+,75.56857142857143,6,1
Female,0,Yes,Yes,9,Yes,Yes,DSL,No,Yes,No,No,No,No,Month-to-month,Yes,Mailed check,55.3,501.2,No,0-12,55.68888888888889,3,1
Female,1,No,No,67,Yes,No,Fiber optic,Yes,Yes,No,Yes,Yes,No,Two year,Yes,Bank transfer (automatic),92.45,6140.85,No,60+,91.65447761194032,5,1
Female,0,No,No,1,Yes,No,DSL,Yes,No,No,No,No,No,Month-to-month,Yes,Bank transfer (automatic),48.45,48.45,No,0-12,48.45,2,1
Female,0,Yes,Yes,18,Yes,No,No,No internet service,No internet service,No internet service,No internet service,No internet service,No internet service,Two year,No,Mailed check,19.35,309.25,No,13-24,17.180555555555557,1,0
Male,0,No,No,4,Yes,Yes,DSL,No,No,No,No,No,No,Month-to-month,No,Credit card (automatic),51.75,201.1,Yes,0-12,50.275,2,1
Male,1,Yes,Yes,71,Yes,No,Fiber optic,Yes,Yes,Yes,No,No,No,One year,Yes,Bank transfer (automatic),86.7,6179.35,No,60+,87.0330985915493,4,1
Male,0,Yes,Yes,30,Yes,Yes,Fiber optic,Yes,Yes,No,No,Yes,No,Month-to-month,Yes,Electronic check,94.4,2838.7,Yes,25-48,94.62333333333332,5,1
Male,0,Yes,No,1,Yes,No,DSL,Yes,No,Yes,No,No,No,Month-to-month,No,Mailed check,55.7,55.7,No,0-12,55.7,3,1
Female,0,No,No,55,Yes,Yes,Fiber optic,Yes,No,Yes,No,No,No,One year,Yes,Credit card (automatic),84.25,4589.85,No,49-60,83.45181818181818,4,1
Male,0,No,No,59,Yes,No,DSL,No,No,Yes,Yes,Yes,No,Month-to-month,Yes,Electronic check,64.65,3735.45,No,49-60,63.31271186440678,4,1
Female,0,No,No,1,Yes,No,Fiber optic,No,No,No,No,No,No,Month-to-month,Yes,Mailed check,70.15,70.15,Yes,0-12,70.15,1,1
Female,0,Yes,No,7,Yes,No,Fiber optic,No,No,No,No,No,No,Month-to-month,Yes,Bank transfer (automatic),69.2,477.55,No,0-12,68.22142857142858,1,1
Male,0,Yes,Yes,45,Yes,No,DSL,Yes,No,No,Yes,No,No,Two year,No,Bank transfer (automatic),54.65,2553.7,No,25-48,56.748888888888885,3,1
Female,0,Yes,Yes,54,Yes,Yes,No,No internet service,No internet service,No internet service,No internet service,No internet service,No internet service,One year,Yes,Bank transfer (automatic),24.75,1342.15,No,49-60,24.85462962962963,2,0
Male,0,Yes,Yes,51,Yes,Yes,No,No internet service,No internet service,No internet service,No internet service,No internet service,No internet service,One year,Yes,Mailed check,23.95,1216.35,No,49-60,23.85,2,0
Female,1,Yes,No,72,Yes,Yes,Fiber optic,No,Yes,Yes,No,Yes,Yes,One year,No,Credit card (automatic),105.0,7578.05,No,60+,105.25069444444443,6,1
Male,0,Yes,No,44,Yes,No,DSL,Yes,Yes,No,Yes,No,No,One year,Yes,Bank transfer (automatic),59.85,2603.95,No,25-48,59.18068181818182,4,1
Male,0,No,No,2,Yes,No,No,No internet service,No internet service,No internet service,No internet service,No internet service,No internet service,Month-to-month,No,Mailed check,20.05,42.7,No,0-12,21.35,1,0
Female,0,No,No,66,Yes,Yes,Fiber optic,No,No,Yes,No,Yes,No,One year,Yes,Bank transfer (automatic),92.15,6056.9,No,60+,91.77121212121212,4,1
Male,0,Yes,Yes,68,No,No phone service,DSL,Yes,Yes,No,No,Yes,No,One year,No,Mailed check,44.8,2983.65,No,60+,43.87720588235294,3,1
Female,0,No,No,31,Yes,No,No,No internet service,No internet service,No internet service,No internet service,No internet service,No internet service,Two year,No,Credit card (automatic),20.9,689.35,No,25-48,22.23709677419355,1,0
Female,1,No,No,21,Yes,Yes,Fiber optic,No,No,No,No,Yes,Yes,Month-to-month,Yes,Bank transfer (automatic),95.4,2025.1,No,13-24,96.43333333333332,4,1
Male,0,No,Yes,21,Yes,Yes,Fiber optic,Yes,No,No,No,No,No,Month-to-month,No,Electronic check,80.35,1747.2,No,13-24,83.2,3,1
Female,0,Yes,Yes,55,Yes,Yes,DSL,Yes,No,Yes,Yes,Yes,Yes,Two year,Yes,Bank transfer (automatic),85.1,4657.95,No,49-60,84.69,7,1
Male,0,No,No,9,No,No phone service,DSL,No,No,No,No,Yes,No,Month-to-month,Yes,Credit card (automatic),34.7,296.1,Yes,0-12,32.900000000000006,1,1
Male,1,Yes,No,71,Yes,Yes,Fiber optic,Yes,Yes,Yes,Yes,Yes,Yes,Two year,Yes,Bank transfer (automatic),115.05,8016.6,No,60+,112.90985915492958,8,1
Female,0,No,No,1,Yes,No,Fiber optic,No,No,No,No,No,Yes,Month-to-month,Yes,Electronic check,81.1,81.1,Yes,0-12,81.1,2,1
Male,0,Yes,Yes,22,Yes,No,No,No internet service,No internet service,No internet service,No internet service,No internet service,No internet service,One year,No,Mailed check,19.95,433.5,No,13-24,19.704545454545453,1,0
Female,0,Yes,Yes,1,Yes,No,No,No internet service,No internet service,No internet service,No internet service,No internet service,No internet service,Month-to-month,No,Mailed check,20.55,20.55,Yes,0-12,20.55,1,0
Female,0,No,No,61,Yes,Yes,Fiber optic,No,No,Yes,Yes,Yes,Yes,Two year,Yes,Electronic check,106.6,6428.4,Yes,60+,105.38360655737704,6,1
Female,0,Yes,No,67,Yes,Yes,DSL,No,Yes,Yes,Yes,Yes,Yes,Two year,No,Bank transfer (automatic),86.15,5883.85,No,60+,87.81865671641792,7,1
Female,1,No,No,14,Yes,No,Fiber optic,Yes,Yes,No,No,No,No,Month-to-month,No,Electronic check,78.85,1043.8,No,13-24,74.55714285714285,3,1
Male,0,Yes,No,59,Yes,Yes,Fiber optic,Yes,Yes,Yes,Yes,Yes,No,Month-to-month,Yes,Electronic check,106.75,6252.9,Yes,49-60,105.9813559322034,7,1
Male,1,Yes,No,21,Yes,No,Fiber optic,No,No,Yes,No,Yes,No,Month-to-month,No,Bank transfer (automatic),86.55,1857.25,No,13-24,88.44047619047619,3,1
Male,0,No,No,4,No,No phone service,DSL,Yes,Yes,No,Yes,No,No,Month-to-month,No,Mailed check,42.4,146.4,No,0-12,36.6,3,1
Female,0,No,No,3,Yes,No,Fiber optic,No,No,No,No,Yes,Yes,Month-to-month,Yes,Electronic check,89.45,240.45,Yes,0-12,80.14999999999999,3,1
Male,0,Yes,No,70,Yes,Yes,No,No internet service,No internet service,No internet service,No internet service,No internet service,No internet service,Two year,No,Bank transfer (automatic),24.25,1724.15,No,60+,24.630714285714287,2,0
Female,0,No,No,3,Yes,No,Fiber optic,No,Yes,No,Yes,Yes,Yes,Month-to-month,Yes,Electronic check,97.9,315.3,Yes,0-12,105.1,5,1
Male,1,No,No,21,Yes,No,No,No internet service,No internet service,No internet service,No internet service,No internet service,No internet service,One year,No,Bank transfer (automatic),20.5,429.55,No,13-24,20.454761904761902,1,0
Male,0,No,No,20,Yes,No,No,No internet service,No internet service,No internet service,No internet service,No internet service,No internet service,Month-to-month,Yes,Credit card (automatic),19.6,356.15,No,13-24,17.807499999999997,1,0
Male,0,Yes,Yes,22,Yes,No,No,No internet service,No internet service,No internet service,No internet service,No internet service,No internet service,One year,No,Bank transfer (automatic),20.25,488.25,No,13-24,22.193181818181817,1,0
Male,0,No,No,1,Yes,No,DSL,No,No,No,No,No,Yes,Month-to-month,Yes,Mailed check,55.7,55.7,Yes,0-12,55.7,2,1
Female,0,No,No,63,Yes,No,No,No internet service,No internet service,No internet service,No internet service,No internet service,No internet service,Two year,Yes,Mailed check,20.6,1298.7,No,60+,20.614285714285717,1,0
Female,0,Yes,Yes,70,Yes,No,No,No internet service,No internet service,No internet service,No internet service,No internet service,No internet service,Two year,No,Bank transfer (automatic),19.8,1378.75,No,60+,19.696428571428573,1,0
Male,0,No,No,13,Yes,No,Fiber optic,No,Yes,Yes,No,No,No,Month-to-month,Yes,Electronic check,79.8,973.45,Yes,13-24,74.88076923076923,3,1
Female,0,No,No,5,Yes,No,Fiber optic,No,No,No,No,Yes,No,Month-to-month,No,Electronic check,80.2,384.25,No,0-12,76.85,2,1
Female,0,Yes,Yes,72,Yes,Yes,Fiber optic,Yes,Yes,Yes,Yes,Yes,Yes,Two year,Yes,Credit card (automatic),116.4,8543.25,No,60+,118.65625,8,1
Female,0,No,No,13,No,No phone service,DSL,No,Yes,No,No,No,No,Month-to-month,Yes,Electronic check,31.65,389.95,No,13-24,29.996153846153845,1,1
Male,0,Yes,No,61,Yes,No,Fiber optic,No,Yes,Yes,Yes,No,Yes,Month-to-month,No,Credit card (automatic),94.15,5731.85,No,60+,93.96475409836066,5,1
Male,0,No,No,1,Yes,No,No,No internet service,No internet service,No internet service,No internet service,No internet service,No internet service,Month-to-month,No,Electronic check,20.65,20.65,No,0-12,20.65,1,0
Female,1,Yes,No,56,Yes,Yes,Fiber optic,No,No,No,Yes,No,No,Month-to-month,Yes,Bank transfer (automatic),76.85,4275.75,No,49-60,76.35267857142857,3,1
Female,0,No,No,4,Yes,No,No,No internet service,No internet service,No internet service,No internet service,No internet service,No internet service,Month-to-month,No,Mailed check,20.15,84.5,No,0-12,21.125,1,0
Male,0,No,No,35,Yes,Yes,DSL,Yes,No,No,No,No,No,Two year,No,Mailed check,55.25,1924.1,No,25-48,54.97428571428571,3,1
Female,0,Yes,No,18,No,No phone service,DSL,No,No,Yes,No,Yes,No,Month-to-month,Yes,Electronic check,39.05,669.85,Yes,13-24,37.21388888888889,2,1
Male,0,Yes,No,72,Yes,Yes,DSL,No,Yes,Yes,No,Yes,Yes,Two year,No,Bank transfer (automatic),82.15,5784.3,No,60+,80.3375,6,1
Female,1,No,No,49,Yes,Yes,Fiber optic,Yes,Yes,Yes,Yes,No,Yes,One year,No,Bank transfer (automatic),103.0,5166.2,No,49-60,105.43265306122449,7,1
Female,0,Yes,No,44,Yes,Yes,Fiber optic,Yes,Yes,Yes,Yes,No,No,Month-to-month,Yes,Credit card (automatic),95.1,4060.55,No,25-48,92.28522727272728,6,1
Female,1,Yes,No,3,Yes,No,Fiber optic,No,No,No,Yes,Yes,No,Month-to-month,Yes,Mailed check,83.9,267.4,Yes,0-12,89.13333333333333,3,1
Female,0,Yes,Yes,37,Yes,Yes,Fiber optic,No,Yes,Yes,No,No,Yes,Month-to-month,Yes,Electronic check,95.15,3532.85,No,25-48,95.48243243243245,5,1
Male,0,Yes,No,61,Yes,Yes,DSL,No,Yes,Yes,No,Yes,Yes,One year,Yes,Electronic check,79.8,4914.8,No,60+,80.57049180327868,6,1
Male,0,Yes,No,70,Yes,Yes,DSL,Yes,No,Yes,Yes,No,Yes,Two year,Yes,Credit card (automatic),74.8,5315.8,No,60+,75.94,6,1
Female,1,No,No,1,Yes,No,Fiber optic,No,No,No,No,No,No,Month-to-month,Yes,Electronic check,69.85,69.85,Yes,0-12,69.85,1,1
Female,0,No,No,41,Yes,No,No,No internet service,No internet service,No internet service,No internet service,No internet service,No internet service,Month-to-month,No,Electronic check,20.45,775.6,No,25-48,18.917073170731708,1,0
Male,0,Yes,Yes,70,Yes,Yes,DSL,Yes,Yes,Yes,Yes,No,Yes,One year,No,Bank transfer (automatic),78.35,5445.95,No,60+,77.79928571428572,7,1
Female,0,No,No,1,Yes,No,DSL,No,No,No,No,Yes,No,Month-to-month,Yes,Mailed check,53.55,53.55,Yes,0-12,53.55,2,1
Male,0,No,No,51,Yes,No,No,No internet service,No internet service,No internet service,No internet service,No internet service,No internet service,One year,No,Electronic check,19.1,1007.8,No,49-60,19.76078431372549,1,0
Female,0,Yes,Yes,42,Yes,No,No,No internet service,No internet service,No internet service,No internet service,No internet service,No internet service,Two year,No,Mailed check,20.0,833.55,No,25-48,19.84642857142857,1,0
Female,0,Yes,Yes,70,Yes,Yes,Fiber optic,Yes,Yes,Yes,Yes,No,No,Two year,No,Bank transfer (automatic),93.9,6579.05,Yes,60+,93.98642857142858,6,1
Male,0,No,No,48,Yes,No,No,No internet service,No internet service,No internet service,No internet service,No internet service,No internet service,One year,No,Bank transfer (automatic),19.95,1004.5,No,25-48,20.92708333333333,1,0
Male,0,Yes,Yes,68,Yes,Yes,Fiber optic,Yes,Yes,Yes,Yes,Yes,Yes,Two year,Yes,Electronic check,113.15,7856.0,Yes,60+,115.52941176470588,8,1
Female,0,No,No,48,Yes,Yes,No,No internet service,No internet service,No internet service,No internet service,No internet service,No internet service,Two year,No,Credit card (automatic),24.0,1183.05,No,25-48,24.646875,2,0
Female,1,Yes,No,26,Yes,No,Fiber optic,No,Yes,No,No,No,Yes,Month-to-month,No,Electronic check,84.95,2169.75,Yes,25-48,83.45192307692308,3,1
Male,0,Yes,No,11,Yes,Yes,Fiber optic,No,Yes,No,No,No,No,Month-to-month,Yes,Bank transfer (automatic),80.5,896.9,Yes,0-12,81.53636363636363,3,1
Male,0,No,No,1,Yes,No,No,No internet service,No internet service,No internet service,No internet service,No internet service,No internet service,Month-to-month,Yes,Mailed check,19.3,19.3,Yes,0-12,19.3,1,0
Female,0,No,No,27,Yes,No,No,No internet service,No internet service,No internet service,No internet service,No internet service,No internet service,One year,No,Mailed check,19.15,501.35,No,25-48,18.56851851851852,1,0
Female,1,No,No,46,Yes,No,Fiber optic,No,Yes,Yes,No,Yes,No,One year,Yes,Bank transfer (automatic),91.3,4126.35,No,25-48,89.70326086956523,4,1
Male,0,No,No,1,Yes,No,DSL,No,No,Yes,No,No,No,Month-to-month,Yes,Mailed check,49.65,49.65,Yes,0-12,49.65,2,1
Female,0,No,No,46,Yes,No,DSL,No,No,Yes,Yes,No,No,Two year,No,Credit card (automatic),54.35,2460.15,Yes,25-48,53.48152173913044,3,1
Male,0,Yes,Yes,25,Yes,No,No,No internet service,No internet service,No internet service,No internet service,No internet service,No internet service,Month-to-month,Yes,Mailed check,19.15,477.6,No,25-48,19.104,1,0
Male,0,No,No,4,Yes,No,Fiber optic,No,No,No,No,Yes,Yes,Month-to-month,Yes,Electronic check,88.45,370.65,Yes,0-12,92.6625,3,1
Male,0,No,No,13,Yes,No,No,No internet service,No internet service,No internet service,No internet service,No internet service,No internet service,Two year,No,Mailed check,19.75,265.75,No,13-24,20.442307692307693,1,0
Male,0,Yes,No,31,Yes,No,DSL,Yes,Yes,Yes,Yes,No,Yes,One year,Yes,Credit card (automatic),75.5,2424.45,No,25-48,78.20806451612903,6,1
Female,0,Yes,Yes,23,Yes,Yes,Fiber optic,No,No,No,No,Yes,No,Month-to-month,Yes,Electronic check,83.75,1849.95,No,13-24,80.43260869565218,3,1
Female,0,No,No,2,Yes,No,No,No internet service,No internet service,No internet service,No internet service,No internet service,No internet service,Month-to-month,No,Mailed check,19.4,61.05,No,0-12,30.525,1,0
Female,0,No,No,65,Yes,Yes,No,No internet service,No internet service,No internet service,No internet service,No internet service,No internet service,Two year,No,Bank transfer (automatic),26.5,1698.55,No,60+,26.13153846153846,2,0
Male,1,No,No,22,Yes,Yes,Fiber optic,No,No,No,Yes,Yes,No,Month-to-month,Yes,Bank transfer (automatic),90.5,1910.6,Yes,13-24,86.84545454545454,4,1
Female,0,Yes,Yes,55,Yes,No,No,No internet service,No internet service,No internet service,No internet service,No internet service,No internet service,One year,No,Credit card (automatic),19.15,998.1,No,49-60,18.14727272727273,1,0
Male,0,Yes,No,9,Yes,No,Fiber optic,No,Yes,Yes,Yes,Yes,No,Month-to-month,Yes,Mailed check,94.85,890.6,Yes,0-12,98.95555555555556,5,1
Male,0,Yes,Yes,7,Yes,No,Fiber optic,No,No,No,No,No,No,Month-to-month,Yes,Bank transfer (automatic),69.95,529.5,Yes,0-12,75.64285714285714,1,1
Female,0,Yes,Yes,35,No,No phone service,DSL,No,No,No,Yes,Yes,No,One year,No,Mailed check,40.9,1383.6,No,25-48,39.53142857142857,2,1
Male,0,No,No,6,Yes,No,DSL,Yes,No,Yes,Yes,Yes,Yes,Two year,Yes,Mailed check,80.25,493.4,No,0-12,82.23333333333333,6,1
Female,0,No,No,1,Yes,No,DSL,Yes,No,No,No,No,No,Month-to-month,Yes,Credit card (automatic),48.6,48.6,Yes,0-12,48.6,2,1
Male,0,No,No,17,Yes,No,Fiber optic,No,No,No,No,No,No,Month-to-month,Yes,Electronic check,70.8,1207.0,No,13-24,71.0,1,1
Male,0,Yes,Yes,10,Yes,No,DSL,No,No,Yes,No,Yes,No,Month-to-month,No,Mailed check,60.2,563.5,No,0-12,56.35,3,1
Male,0,No,Yes,15,Yes,No,DSL,No,No,Yes,Yes,No,No,One year,No,Credit card (automatic),55.2,864.55,No,13-24,57.63666666666666,3,1
Female,1,No,No,40,No,No phone service,DSL,Yes,Yes,No,No,Yes,Yes,Month-to-month,Yes,Electronic check,55.8,2109.35,Yes,25-48,52.73375,4,1
Female,0,Yes,Yes,13,Yes,No,DSL,Yes,No,No,Yes,No,No,One year,No,Bank transfer (automatic),54.15,701.05,No,13-24,53.92692307692308,3,1
Male,0,Yes,No,29,Yes,Yes,Fiber optic,No,Yes,No,No,No,No,Month-to-month,Yes,Bank transfer (automatic),80.15,2265.25,Yes,25-48,78.11206896551724,3,1
Female,0,No,No,3,Yes,Yes,Fiber optic,No,No,No,No,No,No,Month-to-month,Yes,Electronic check,75.5,220.6,Yes,0-12,73.53333333333333,2,1
Female,1,Yes,No,58,Yes,Yes,Fiber optic,No,No,No,Yes,Yes,Yes,Month-to-month,Yes,Bank transfer (automatic),100.4,5749.8,No,49-60,99.13448275862068,5,1
Female,0,No,No,45,Yes,No,DSL,Yes,Yes,No,Yes,No,No,One year,Yes,Credit card (automatic),62.55,2796.45,No,25-48,62.14333333333333,4,1
Female,0,Yes,Yes,72,Yes,Yes,DSL,Yes,Yes,Yes,Yes,No,No,Two year,Yes,Bank transfer (automatic),70.45,5165.7,No,60+,71.74583333333334,6,1
Male,0,Yes,Yes,68,Yes,Yes,Fiber optic,Yes,Yes,No,No,No,No,One year,Yes,Bank transfer (automatic),85.5,5696.6,No,60+,83.77352941176471,4,1
Male,0,No,No,1,Yes,No,No,No internet service,No internet service,No internet service,No internet service,No internet service,No internet service,Month-to-month,Yes,Bank transfer (automatic),20.2,20.2,Yes,0-12,20.2,1,0
Female,0,Yes,Yes,38,Yes,No,DSL,Yes,Yes,No,No,No,No,Month-to-month,No,Electronic check,54.5,2076.05,No,25-48,54.63289473684211,3,1
Male,0,No,No,2,Yes,No,No,No internet service,No internet service,No internet service,No internet service,No internet service,No internet service,Month-to-month,No,Mailed check,20.75,44.2,No,0-12,22.1,1,0
Male,0,No,No,11,Yes,No,No,No internet service,No internet service,No internet service,No internet service,No internet service,No internet service,Month-to-month,No,Mailed check,20.35,215.25,No,0-12,19.568181818181817,1,0
Female,1,Yes,No,20,Yes,No,Fiber optic,No,No,No,No,Yes,Yes,One year,Yes,Bank transfer (automatic),91.0,1859.5,No,13-24,92.975,3,1
Male,0,Yes,No,72,Yes,Yes,Fiber optic,No,Yes,Yes,No,Yes,Yes,Two year,Yes,Bank transfer (automatic),104.8,7470.1,No,60+,103.7513888888889,6,1
Female,0,Yes,No,3,Yes,Yes,Fiber optic,No,No,No,No,No,No,Month-to-month,Yes,Credit card (automatic),74.75,229.5,Yes,0-12,76.5,2,1
Male,0,No,No,23,Yes,Yes,Fiber optic,No,No,Yes,Yes,Yes,Yes,Month-to-month,Yes,Mailed check,104.05,2470.1,Yes,13-24,107.39565217391304,6,1
Male,0,No,No,40,Yes,No,DSL,No,No,No,Yes,No,No,Month-to-month,Yes,Electronic check,51.1,2092.9,No,25-48,52.322500000000005,2,1
Male,1,Yes,No,62,Yes,Yes,Fiber optic,No,Yes,No,No,No,Yes,Month-to-month,Yes,Bank transfer (automatic),89.8,5629.55,No,60+,90.7991935483871,4,1
Female,0,No,Yes,22,Yes,No,No,No internet service,No internet service,No internet service,No internet service,No internet service,No internet service,Month-to-month,Yes,Electronic check,20.55,469.85,No,13-24,21.356818181818184,1,0
Female,0,No,No,11,Yes,No,DSL,Yes,No,Yes,No,No,Yes,Month-to-month,No,Bank transfer (automatic),64.05,733.95,No,0-12,66.72272727272728,4,1
Male,1,Yes,No,7,Yes,Yes,Fiber optic,No,No,No,No,No,No,Month-to-month,Yes,Electronic check,74.85,485.25,No,0-12,69.32142857142857,2,1
Female,0,No,No,13,Yes,Yes,Fiber optic,Yes,Yes,No,No,Yes,No,Month-to-month,Yes,Electronic check,96.65,1244.5,Yes,13-24,95.73076923076924,5,1
Male,1,No,No,1,Yes,No,No,No internet service,No internet service,No internet service,No internet service,No internet service,No internet service,Month-to-month,No,Mailed check,20.05,20.05,Yes,0-12,20.05,1,0
Female,0,No,No,39,Yes,Yes,Fiber optic,No,Yes,Yes,No,Yes,Yes,Month-to-month,Yes,Electronic check,103.45,3994.45,Yes,25-48,102.42179487179487,6,1
Male,0,Yes,No,3,No,No phone service,DSL,No,No,No,No,No,No,Month-to-month,No,Mailed check,25.0,78.25,No,0-12,26.08333333333333,0,1
Male,0,No,No,58,Yes,No,No,No internet service,No internet service,No internet service,No internet service,No internet service,No internet service,Two year,No,Credit card (automatic),20.3,1131.5,No,49-60,19.50862068965517,1,0
Male,0,No,Yes,6,Yes,Yes,No,No internet service,No internet service,No internet service,No internet service,No internet service,No internet service,Month-to-month,No,Mailed check,26.35,184.05,No,0-12,30.675,2,0
Female,0,Yes,Yes,1,Yes,No,No,No internet service,No internet service,No internet service,No internet service,No internet service,No internet service,Month-to-month,Yes,Electronic check,19.9,19.9,Yes,0-12,19.9,1,0
Female,0,Yes,No,22,Yes,No,DSL,No,Yes,Yes,No,No,No,Month-to-month,Yes,Mailed check,54.7,1178.75,No,13-24,53.57954545454545,3,1
Male,0,Yes,No,14,No,No phone service,DSL,No,No,No,No,Yes,Yes,Month-to-month,No,Electronic check,46.35,667.7,Yes,13-24,47.69285714285714,2,1
Male,0,Yes,Yes,64,Yes,Yes,Fiber optic,No,No,Yes,No,No,Yes,One year,No,Credit card (automatic),90.25,5629.15,No,60+,87.95546875,4,1
Male,0,No,No,1,Yes,No,No,No internet service,No internet service,No internet service,No internet service,No internet service,No internet service,Month-to-month,No,Electronic check,19.95,19.95,Yes,0-12,19.95,1,0
Male,0,No,No,6,Yes,No,No,No internet service,No internet service,No internet service,No internet service,No internet service,No internet service,Month-to-month,No,Mailed check,20.65,109.3,No,0-12,18.216666666666665,1,0
Male,0,No,No,1,Yes,No,Fiber optic,No,No,No,No,No,Yes,Month-to-month,No,Electronic check,79.6,79.6,Yes,0-12,79.6,2,1
Male,0,No,Yes,39,Yes,Yes,No,No internet service,No internet service,No internet service,No internet service,No internet service,No internet service,One year,No,Bank transfer (automatic),25.45,958.45,No,25-48,24.575641025641023,2,0
Female,0,No,No,20,Yes,No,No,No internet service,No internet service,No internet service,No internet service,No internet service,No internet service,One year,No,Mailed check,19.5,403.15,No,13-24,20.1575,1,0
Male,0,No,No,1,Yes,No,Fiber optic,No,No,No,Yes,No,No,Month-to-month,Yes,Electronic check,75.9,75.9,Yes,0-12,75.9,2,1
Male,0,Yes,No,1,Yes,No,Fiber optic,No,No,Yes,No,No,No,Month-to-month,No,Electronic check,76.2,76.2,Yes,0-12,76.2,2,1
Male,0,Yes,No,64,Yes,Yes,DSL,Yes,No,No,No,Yes,No,One year,Yes,Credit card (automatic),66.15,4392.5,No,60+,68.6328125,4,1
Male,0,No,Yes,1,Yes,No,No,No internet service,No internet service,No internet service,No internet service,No internet service,No internet service,Month-to-month,No,Mailed check,19.25,19.25,Yes,0-12,19.25,1,0
Female,0,Yes,No,46,Yes,No,DSL,No,Yes,No,No,Yes,Yes,Month-to-month,Yes,Credit card (automatic),69.1,3168.0,No,25-48,68.8695652173913,4,1
Female,1,Yes,Yes,28,No,No phone service,DSL,No,Yes,No,No,No,Yes,One year,Yes,Electronic check,39.1,1096.6,No,25-48,39.16428571428571,2,1
Female,0,Yes,No,33,Yes,No,No,No internet service,No internet service,No internet service,No internet service,No internet service,No internet service,Month-to-month,No,Mailed check,20.05,669.45,No,25-48,20.28636363636364,1,0
Male,0,Yes,Yes,39,Yes,No,DSL,Yes,Yes,Yes,No,No,No,One year,No,Electronic check,59.8,2343.85,No,25-48,60.09871794871795,4,1
Female,0,Yes,No,42,Yes,Yes,Fiber optic,No,No,Yes,Yes,No,No,Month-to-month,Yes,Electronic check,84.3,3588.4,Yes,25-48,85.43809523809524,4,1
Female,0,No,No,1,Yes,No,DSL,No,Yes,No,No,No,No,Month-to-month,Yes,Electronic check,48.6,48.6,No,0-12,48.6,2,1
Female,0,No,No,7,Yes,No,Fiber optic,No,No,No,No,Yes,No,Month-to-month,Yes,Electronic check,79.0,522.95,Yes,0-12,74.70714285714287,2,1
Male,1,Yes,No,70,Yes,No,Fiber optic,Yes,Yes,Yes,No,Yes,Yes,Two year,No,Credit card (automatic),105.35,7511.9,No,60+,107.31285714285714,6,1
Male,0,No,No,65,Yes,Yes,No,No internet service,No internet service,No internet service,No internet service,No internet service,No internet service,Two year,Yes,Bank transfer (automatic),25.1,1725.0,No,60+,26.53846153846154,2,0
Male,0,No,No,1,Yes,No,DSL,Yes,No,No,No,No,No,Month-to-month,No,Electronic check,49.75,49.75,No,0-12,49.75,2,1
Male,0,Yes,No,18,Yes,Yes,Fiber optic,No,No,No,No,Yes,Yes,Month-to-month,Yes,Electronic check,94.75,1691.9,No,13-24,93.99444444444444,4,1
Male,0,Yes,No,24,Yes,Yes,Fiber optic,No,No,No,No,Yes,Yes,Month-to-month,Yes,Electronic check,93.0,2248.05,No,13-24,93.66875,4,1
Male,0,No,No,63,Yes,Yes,DSL,Yes,No,Yes,Yes,No,Yes,Two year,Yes,Bank transfer (automatic),71.9,4479.2,No,60+,71.0984126984127,6,1
Female,0,No,Yes,44,Yes,Yes,DSL,No,Yes,No,No,Yes,Yes,One year,Yes,Mailed check,77.55,3471.1,No,25-48,78.88863636363637,5,1
Male,0,No,No,4,Yes,No,No,No internet service,No internet service,No internet service,No internet service,No internet service,No internet service,Month-to-month,Yes,Electronic check,19.85,63.0,No,0-12,15.75,1,0
Female,0,No,No,1,Yes,No,Fiber optic,No,No,No,No,No,No,Month-to-month,Yes,Electronic check,70.25,70.25,Yes,0-12,70.25,1,1
Female,0,Yes,Yes,37,Yes,Yes,Fiber optic,No,No,No,No,Yes,Yes,Month-to-month,Yes,Electronic check,95.25,3314.15,No,25-48,89.57162162162163,4,1
Female,1,No,No,10,Yes,No,Fiber optic,No,No,Yes,No,No,Yes,Month-to-month,Yes,Credit card (automatic),84.6,865.55,Yes,0-12,86.55499999999999,3,1
Male,0,No,No,34,No,No phone service,DSL,No,No,No,No,No,No,Month-to-month,Yes,Bank transfer (automatic),25.05,852.7,No,25-48,25.079411764705885,0,1
Male,0,Yes,No,35,No,No phone service,DSL,Yes,No,Yes,No,Yes,Yes,One year,No,Credit card (automatic),53.15,1930.9,No,25-48,55.16857142857143,4,1
Female,0,Yes,No,4,Yes,No,No,No internet service,No internet service,No internet service,No internet service,No internet service,No internet service,Month-to-month,No,Electronic check,20.15,91.4,No,0-12,22.85,1,0
Female,1,Yes,No,39,Yes,Yes,Fiber optic,No,No,No,Yes,Yes,Yes,Month-to-month,Yes,Electronic check,101.25,3949.15,No,25-48,101.26025641025642,5,1
Male,1,Yes,No,43,Yes,No,Fiber optic,No,Yes,Yes,No,Yes,Yes,One year,Yes,Bank transfer (automatic),100.55,4304.0,No,25-48,100.09302325581396,5,1
Female,0,Yes,Yes,17,Yes,Yes,No,No internet service,No internet service,No internet service,No internet service,No internet service,No internet service,Month-to-month,No,Mailed check,24.1,409.9,Yes,13-24,24.11176470588235,2,0
Female,0,Yes,No,61,Yes,Yes,No,No internet service,No internet service,No internet service,No internet service,No internet service,No internet service,Two year,No,Bank transfer (automatic),25.3,1554.9,No,60+,25.49016393442623,2,0
Female,0,Yes,No,49,Yes,Yes,DSL,Yes,Yes,Yes,No,No,Yes,One year,No,Electronic check,71.8,3472.05,No,49-60,70.85816326530613,6,1
Male,0,No,No,4,Yes,No,No,No internet service,No internet service,No internet service,No internet service,No internet service,No internet service,One year,No,Mailed check,19.7,117.8,No,0-12,29.45,1,0
Female,0,Yes,Yes,64,No,No phone service,DSL,No,Yes,Yes,Yes,No,Yes,Two year,No,Electronic check,49.85,3210.35,No,60+,50.16171875,4,1
Male,0,No,No,3,Yes,No,Fiber optic,No,No,No,No,No,No,Month-to-month,Yes,Mailed check,69.6,207.4,No,0-12,69.13333333333334,1,1
Male,0,Yes,Yes,1,Yes,No,No,No internet service,No internet service,No internet service,No internet service,No internet service,No internet service,Month-to-month,No,Electronic check,19.75,19.75,No,0-12,19.75,1,0
Male,0,Yes,No,40,Yes,No,Fiber optic,No,Yes,Yes,No,No,No,One year,No,Electronic check,80.8,3132.75,No,25-48,78.31875,3,1
Female,0,No,Yes,1,Yes,No,DSL,Yes,Yes,No,Yes,No,No,Month-to-month,Yes,Electronic check,60.0,60.0,Yes,0-12,60.0,4,1
Male,0,No,No,8,Yes,Yes,Fiber optic,No,No,No,No,No,Yes,Month-to-month,Yes,Electronic check,86.55,649.65,Yes,0-12,81.20625,3,1
Female,1,Yes,No,1,Yes,No,No,No internet service,No internet service,No internet service,No internet service,No internet service,No internet service,Month-to-month,Yes,Mailed check,20.85,20.85,Yes,0-12,20.85,1,0
Female,1,Yes,No,34,Yes,No,DSL,No,No,Yes,Yes,Yes,No,One year,No,Bank transfer (automatic),64.2,2106.3,No,25-48,61.95,4,1
Female,0,Yes,No,1,No,No phone service,DSL,No,No,No,No,No,Yes,Month-to-month,No,Electronic check,35.0,35.0,No,0-12,35.0,1,1
Female,0,No,No,39,No,No phone service,DSL,No,No,Yes,No,Yes,Yes,Month-to-month,Yes,Electronic check,50.75,2011.4,Yes,25-48,51.57435897435898,3,1
Female,1,Yes,No,58,Yes,No,Fiber optic,Yes,Yes,No,Yes,Yes,Yes,One year,Yes,Credit card (automatic),105.5,6205.5,Yes,49-60,106.99137931034484,6,1
Male,0,Yes,Yes,45,Yes,No,No,No internet service,No internet service,No internet service,No internet service,No internet service,No internet service,Two year,No,Electronic check,19.2,903.7,No,25-48,20.082222222222224,1,0
Male,1,No,No,6,Yes,No,Fiber optic,Yes,No,No,No,Yes,No,Month-to-month,Yes,Bank transfer (automatic),85.15,503.6,Yes,0-12,83.93333333333334,3,1
Male,0,No,No,43,Yes,No,Fiber optic,Yes,Yes,Yes,Yes,No,No,One year,Yes,Credit card (automatic),90.65,3882.3,No,25-48,90.28604651162792,5,1
Male,0,Yes,Yes,41,Yes,No,No,No internet service,No internet service,No internet service,No internet service,No internet service,No internet service,Two year,Yes,Mailed check,20.0,879.8,No,25-48,21.45853658536585,1,0
Male,0,No,No,5,Yes,No,Fiber optic,No,Yes,No,No,No,No,Month-to-month,Yes,Electronic check,74.65,383.65,No,0-12,76.72999999999999,2,1
Male,0,No,No,72,No,No phone service,DSL,Yes,No,Yes,Yes,Yes,Yes,Two year,Yes,Credit card (automatic),61.2,4390.25,No,60+,60.97569444444444,5,1
Male,0,No,No,4,Yes,No,No,No internet service,No internet service,No internet service,No internet service,No internet service,No internet service,One year,No,Mailed check,19.95,68.2,No,0-12,17.05,1,0
Male,0,Yes,Yes,9,Yes,No,DSL,No,Yes,No,Yes,No,No,Month-to-month,No,Mailed check,54.8,452.8,No,0-12,50.31111111111111,3,1
Male,1,Yes,No,72,Yes,Yes,DSL,No,No,Yes,No,Yes,Yes,Two year,Yes,Credit card (automatic),73.45,5329.0,No,60+,74.01388888888889,5,1
Female,0,Yes,No,33,Yes,No,DSL,No,No,No,Yes,No,No,One year,Yes,Mailed check,51.45,1758.9,No,25-48,53.3,2,1
Female,0,Yes,No,72,Yes,Yes,Fiber optic,Yes,No,No,No,No,No,Two year,No,Bank transfer (automatic),80.45,5737.6,No,60+,79.6888888888889,3,1
Male,0,Yes,No,22,Yes,No,DSL,Yes,No,No,Yes,No,No,Month-to-month,Yes,Electronic check,54.2,1152.7,Yes,13-24,52.39545454545455,3,1
Female,0,Yes,No,70,Yes,Yes,Fiber optic,No,Yes,Yes,Yes,Yes,Yes,One year,Yes,Electronic check,109.5,7674.55,Yes,60+,109.63642857142855,7,1
Male,0,Yes,Yes,21,Yes,Yes,Fiber optic,No,Yes,Yes,No,Yes,Yes,Month-to-month,No,Electronic check,104.4,2157.95,Yes,13-24,102.7595238095238,6,1
Male,0,No,No,15,Yes,No,Fiber optic,No,No,Yes,No,Yes,No,Month-to-month,No,Electronic check,85.3,1219.85,No,13-24,81.32333333333332,3,1
Male,1,Yes,No,29,Yes,Yes,Fiber optic,No,No,No,Yes,No,No,Month-to-month,Yes,Electronic check,79.3,2414.55,No,25-48,83.26034482758621,3,1
Female,0,Yes,Yes,15,Yes,No,DSL,No,Yes,Yes,Yes,Yes,Yes,Month-to-month,No,Bank transfer (automatic),76.5,1155.6,No,13-24,77.03999999999999,6,1
Male,1,Yes,Yes,71,Yes,Yes,Fiber optic,Yes,Yes,No,No,Yes,Yes,Month-to-month,Yes,Credit card (automatic),105.1,7548.1,Yes,60+,106.3112676056338,6,1
Male,1,No,No,72,Yes,Yes,No,No internet service,No internet service,No internet service,No internet service,No internet service,No internet service,Two year,No,Bank transfer (automatic),25.4,1809.35,No,60+,25.12986111111111,2,0
Female,0,Yes,No,19,Yes,Yes,Fiber optic,No,No,No,No,Yes,No,Month-to-month,Yes,Electronic check,86.85,1564.4,No,13-24,82.33684210526316,3,1
Male,0,No,No,1,Yes,No,No,No internet service,No internet service,No internet service,No internet service,No internet service,No internet service,Month-to-month,No,Mailed check,19.65,19.65,No,0-12,19.65,1,0
Female,0,No,No,1,Yes,No,Fiber optic,No,Yes,No,No,No,No,Month-to-month,Yes,Electronic check,75.7,75.7,Yes,0-12,75.7,2,1
Female,0,No,No,2,Yes,No,DSL,No,No,No,No,No,No,Month-to-month,No,Electronic check,45.55,84.4,No,0-12,42.2,1,1
Female,1,Yes,Yes,11,Yes,Yes,Fiber optic,No,No,Yes,No,No,No,Month-to-month,Yes,Credit card (automatic),78.1,864.85,No,0-12,78.62272727272727,3,1
Female,0,No,No,12,Yes,No,No,No internet service,No internet service,No internet service,No internet service,No internet service,No internet service,One year,No,Mailed check,19.3,228.75,No,0-12,19.0625,1,0
Female,0,Yes,No,70,Yes,Yes,Fiber optic,No,Yes,Yes,Yes,Yes,Yes,Two year,Yes,Electronic check,110.5,7752.05,No,60+,110.74357142857144,7,1
Female,1,Yes,No,20,Yes,Yes,Fiber optic,No,No,Yes,No,Yes,No,Month-to-month,No,Electronic check,90.8,1951.0,Yes,13-24,97.55,4,1
Female,0,No,No,23,Yes,No,No,No internet service,No internet service,No internet service,No internet service,No internet service,No internet service,Month-to-month,Yes,Bank transfer (automatic),20.3,470.6,No,13-24,20.460869565217397,1,0
Male,1,No,No,49,Yes,Yes,DSL,Yes,Yes,Yes,Yes,No,Yes,Two year,No,Credit card (automatic),81.35,4060.9,No,49-60,82.87551020408164,7,1
Female,0,Yes,Yes,4,Yes,Yes,Fiber optic,No,Yes,No,No,Yes,Yes,Month-to-month,Yes,Electronic check,97.95,384.5,Yes,0-12,96.125,5,1
Male,0,No,No,32,Yes,Yes,Fiber optic,Yes,Yes,No,Yes,Yes,Yes,Month-to-month,Yes,Credit card (automatic),108.15,3432.9,Yes,25-48,107.278125,7,1
Male,0,No,Yes,2,Yes,No,DSL,No,No,No,No,No,Yes,Month-to-month,Yes,Electronic check,55.3,108.65,No,0-12,54.325,2,1
Male,1,Yes,No,69,No,No phone service,DSL,Yes,Yes,No,No,Yes,Yes,Two year,No,Credit card (automatic),56.55,3952.65,No,60+,57.28478260869565,4,1
Male,0,No,No,6,Yes,No,Fiber optic,No,No,No,No,Yes,No,Month-to-month,Yes,Credit card (automatic),80.5,463.05,Yes,0-12,77.175,2,1
Female,0,Yes,Yes,24,Yes,No,No,No internet service,No internet service,No internet service,No internet service,No internet service,No internet service,Two year,Yes,Mailed check,19.7,494.05,No,13-24,20.585416666666667,1,0
Female,0,No,No,32,Yes,Yes,Fiber optic,No,Yes,Yes,No,Yes,Yes,One year,Yes,Credit card (automatic),104.05,3416.85,No,25-48,106.7765625,6,1
Female,0,No,No,27,Yes,No,DSL,Yes,Yes,No,No,No,No,Two year,No,Bank transfer (automatic),52.85,1498.65,No,25-48,55.50555555555556,3,1
Female,1,Yes,No,27,Yes,Yes,Fiber optic,Yes,No,No,Yes,Yes,Yes,Month-to-month,Yes,Bank transfer (automatic),104.3,2867.75,Yes,25-48,106.21296296296296,6,1
Male,0,No,No,58,Yes,Yes,Fiber optic,No,No,No,Yes,No,No,Month-to-month,No,Bank transfer (automatic),80.65,4807.35,No,49-60,82.88534482758621,3,1
Male,0,No,No,1,Yes,No,Fiber optic,No,No,No,No,No,No,Month-to-month,Yes,Mailed check,71.35,71.35,Yes,0-12,71.35,1,1
Female,0,Yes,Yes,18,Yes,Yes,No,No internet service,No internet service,No internet service,No internet service,No internet service,No internet service,Two year,Yes,Credit card (automatic),24.65,471.35,No,13-24,26.186111111111117,2,0
Female,0,Yes,Yes,47,Yes,No,No,No internet service,No internet service,No internet service,No internet service,No internet service,No internet service,Two year,Yes,Bank transfer (automatic),21.3,1041.8,No,25-48,22.16595744680851,1,0
Female,0,Yes,Yes,70,Yes,Yes,Fiber optic,No,Yes,Yes,Yes,Yes,Yes,Two year,Yes,Electronic check,110.2,7689.8,No,60+,109.85428571428572,7,1
Female,0,No,No,13,Yes,Yes,Fiber optic,No,Yes,Yes,Yes,No,No,Month-to-month,No,Electronic check,89.4,1132.35,Yes,13-24,87.10384615384615,5,1
Female,0,Yes,Yes,36,Yes,No,DSL,Yes,No,No,No,No,No,Month-to-month,No,Credit card (automatic),51.05,1815.0,No,25-48,50.41666666666666,2,1
Male,0,No,No,67,Yes,No,No,No internet service,No internet service,No internet service,No internet service,No internet service,No internet service,Two year,Yes,Mailed check,19.8,1311.3,No,60+,19.571641791044776,1,0
Female,0,No,No,10,Yes,No,No,No internet service,No internet service,No internet service,No internet service,No internet service,No internet service,Month-to-month,Yes,Mailed check,19.9,199.45,No,0-12,19.945,1,0
Male,1,No,No,19,Yes,No,Fiber optic,Yes,No,No,No,No,Yes,Month-to-month,Yes,Electronic check,87.3,1637.3,No,13-24,86.17368421052632,3,1
Female,0,Yes,Yes,71,Yes,No,No,No internet service,No internet service,No internet service,No internet service,No internet service,No internet service,Two year,No,Bank transfer (automatic),19.85,1326.35,No,60+,18.68098591549296,1,0
Male,0,Yes,Yes,72,Yes,Yes,DSL,Yes,Yes,Yes,Yes,Yes,Yes,Two year,Yes,Mailed check,89.4,6376.55,No,60+,88.56319444444445,8,1
Female,0,Yes,Yes,48,Yes,No,No,No internet service,No internet service,No internet service,No internet service,No internet service,No internet service,Two year,No,Mailed check,20.0,935.9,No,25-48,19.497916666666665,1,0
Male,0,No,No,1,Yes,No,No,No internet service,No internet service,No internet service,No internet service,No internet service,No internet service,Month-to-month,No,Mailed check,20.05,20.05,No,0-12,20.05,1,0
Male,0,Yes,Yes,18,Yes,No,DSL,Yes,No,Yes,Yes,Yes,Yes,Month-to-month,No,Electronic check,83.25,1611.15,No,13-24,89.50833333333334,6,1
Male,0,No,No,1,Yes,No,No,No internet service,No internet service,No internet service,No internet service,No internet service,No internet service,Month-to-month,No,Mailed check,20.6,20.6,Yes,0-12,20.6,1,0
Male,1,Yes,No,67,Yes,Yes,Fiber optic,No,Yes,No,Yes,Yes,Yes,Two year,No,Bank transfer (automatic),102.9,6989.7,No,60+,104.32388059701492,6,1
Male,0,Yes,Yes,69,No,No phone service,DSL,Yes,No,Yes,Yes,No,No,Two year,No,Mailed check,39.1,2779.5,No,60+,40.28260869565217,3,1
Male,0,No,No,19,Yes,Yes,Fiber optic,No,Yes,No,No,Yes,Yes,Month-to-month,Yes,Electronic check,99.95,1931.75,Yes,13-24,101.67105263157896,5,1
Male,1,Yes,No,72,Yes,Yes,Fiber optic,Yes,Yes,Yes,Yes,Yes,Yes,Two year,Yes,Mailed check,114.5,8331.95,No,60+,115.7215277777778,8,1
Female,1,No,No,38,Yes,No,No,No internet service,No internet service,No internet service,No internet service,No internet service,No internet service,Two year,No,Mailed check,20.2,735.9,No,25-48,19.36578947368421,1,0
Male,1,Yes,No,40,Yes,No,DSL,No,No,No,No,No,Yes,One year,No,Electronic check,55.8,2283.3,No,25-48,57.0825,2,1
Female,0,Yes,Yes,61,Yes,Yes,No,No internet service,No internet service,No internet service,No internet service,No internet service,No internet service,Two year,Yes,Mailed check,24.2,1445.2,No,60+,23.691803278688525,2,0
Female,0,No,No,10,Yes,Yes,Fiber optic,No,Yes,No,No,No,No,Month-to-month,Yes,Credit card (automatic),81.0,818.05,Yes,0-12,81.80499999999999,3,1
Male,0,Yes,No,32,Yes,Yes,DSL,Yes,No,No,Yes,Yes,No,One year,Yes,Credit card (automatic),72.8,2333.05,No,25-48,72.9078125,5,1
Female,0,No,No,21,Yes,Yes,Fiber optic,No,Yes,No,No,Yes,Yes,Month-to-month,Yes,Credit card (automatic),99.85,1992.55,No,13-24,94.88333333333333,5,1
Female,1,No,No,59,Yes,Yes,Fiber optic,No,No,Yes,No,Yes,Yes,One year,Yes,Electronic check,99.5,5890.0,No,49-60,99.83050847457628,5,1
Female,1,Yes,No,13,Yes,No,Fiber optic,No,No,No,No,No,No,Month-to-month,Yes,Electronic check,70.15,916.75,Yes,13-24,70.51923076923077,1,1
Female,0,No,No,47,Yes,No,No,No internet service,No internet service,No internet service,No internet service,No internet service,No internet service,Two year,No,Credit card (automatic),20.25,1029.8,No,25-48,21.91063829787234,1,0
Male,0,Yes,Yes,69,Yes,Yes,No,No internet service,No internet service,No internet service,No internet service,No internet service,No internet service,Two year,Yes,Bank transfer (automatic),26.0,1796.55,No,60+,26.03695652173913,2,0
Male,0,No,No,2,Yes,No,No,No internet service,No internet service,No internet service,No internet service,No internet service,No internet service,Month-to-month,Yes,Credit card (automatic),19.9,33.7,No,0-12,16.85,1,0
Female,0,Yes,Yes,22,Yes,No,No,No internet service,No internet service,No internet service,No internet service,No internet service,No internet service,Month-to-month,No,Bank transfer (automatic),19.05,454.05,No,13-24,20.638636363636365,1,0
Male,1,Yes,No,15,Yes,Yes,Fiber optic,Yes,No,Yes,No,Yes,No,Month-to-month,Yes,Electronic check,96.5,1392.25,No,13-24,92.81666666666666,5,1
Female,0,No,No,53,Yes,No,No,No internet service,No internet service,No internet service,No internet service,No internet service,No internet service,Two year,No,Credit card (automatic),19.85,1049.6,No,49-60,19.80377358490566,1,0
Female,1,Yes,No,28,Yes,Yes,No,No internet service,No internet service,No internet service,No internet service,No internet service,No internet service,Month-to-month,No,Mailed check,25.7,734.6,No,25-48,26.235714285714288,2,0
Male,0,No,No,22,Yes,No,No,No internet service,No internet service,No internet service,No internet service,No internet service,No internet service,One year,No,Mailed check,20.3,475.1,No,13-24,21.595454545454547,1,0
Female,0,No,No,1,Yes,No,Fiber optic,No,No,No,No,No,No,Month-to-month,Yes,Mailed check,70.15,70.15,Yes,0-12,70.15,1,1
Male,1,Yes,No,16,Yes,No,Fiber optic,No,No,Yes,Yes,No,Yes,Month-to-month,Yes,Electronic check,91.55,1540.05,No,13-24,96.253125,4,1
Female,0,Yes,Yes,48,No,No phone service,DSL,Yes,Yes,No,Yes,No,No,Two year,No,Mailed check,39.4,1978.65,No,25-48,41.221875,3,1
Male,1,Yes,No,30,Yes,Yes,Fiber optic,Yes,Yes,Yes,Yes,Yes,No,Month-to-month,Yes,Bank transfer (automatic),105.7,3181.8,No,25-48,106.06,7,1
Female,0,No,No,3,Yes,No,Fiber optic,No,No,No,No,No,No,Month-to-month,Yes,Electronic check,70.25,229.7,No,0-12,76.56666666666666,1,1
Male,1,No,No,57,Yes,Yes,Fiber optic,Yes,No,No,Yes,No,Yes,Two year,No,Electronic check,93.75,5625.55,No,49-60,98.6938596491228,5,1
Female,1,Yes,No,68,Yes,Yes,Fiber optic,Yes,Yes,No,No,No,Yes,One year,Yes,Credit card (automatic),96.55,6581.9,Yes,60+,96.79264705882352,5,1
Female,0,Yes,No,23,Yes,No,DSL,No,No,No,Yes,Yes,No,One year,No,Bank transfer (automatic),60.0,1347.15,No,13-24,58.57173913043479,3,1
Female,0,Yes,No,65,Yes,No,DSL,No,No,No,Yes,Yes,No,Two year,Yes,Credit card (automatic),59.8,3808.2,No,60+,58.58769230769231,3,1
Male,0,Yes,No,44,Yes,No,Fiber optic,No,No,No,No,Yes,Yes,One year,Yes,Bank transfer (automatic),90.65,3974.15,No,25-48,90.32159090909092,3,1
Female,0,Yes,Yes,71,Yes,Yes,Fiber optic,Yes,Yes,Yes,No,Yes,Yes,Two year,Yes,Bank transfer (automatic),109.0,7661.8,No,60+,107.91267605633804,7,1
Female,0,Yes,No,37,Yes,Yes,DSL,Yes,No,Yes,Yes,No,No,One year,No,Credit card (automatic),68.1,2479.25,No,25-48,67.00675675675676,5,1
Female,0,No,No,12,Yes,No,No,No internet service,No internet service,No internet service,No internet service,No internet service,No internet service,Month-to-month,No,Mailed check,20.4,266.6,No,0-12,22.21666666666667,1,0
Male,0,Yes,Yes,69,Yes,Yes,DSL,No,Yes,Yes,Yes,Yes,Yes,Two year,Yes,Bank transfer (automatic),81.95,5601.4,No,60+,81.17971014492753,7,1
Female,0,No,No,35,Yes,No,DSL,Yes,Yes,Yes,No,No,No,Month-to-month,No,Electronic check,60.55,1982.6,No,25-48,56.64571428571429,4,1
Male,0,No,No,5,Yes,No,DSL,No,Yes,No,Yes,No,Yes,Month-to-month,Yes,Bank transfer (automatic),65.6,339.9,No,0-12,67.97999999999999,4,1
Male,0,Yes,Yes,58,Yes,Yes,Fiber optic,No,No,No,No,Yes,No,Two year,No,Bank transfer (automatic),82.5,4828.05,No,49-60,83.24224137931034,3,1
Male,0,Yes,No,72,Yes,Yes,DSL,Yes,Yes,Yes,Yes,No,Yes,Two year,Yes,Bank transfer (automatic),82.3,5980.55,No,60+,83.06319444444445,7,1
Male,0,Yes,No,72,Yes,Yes,DSL,Yes,Yes,Yes,Yes,No,No,Two year,No,Mailed check,68.15,4808.7,No,60+,66.7875,6,1
Female,0,No,No,1,Yes,No,No,No internet service,No internet service,No internet service,No internet service,No internet service,No internet service,Month-to-month,No,Credit card (automatic),20.3,20.3,No,0-12,20.3,1,0
Female,0,No,No,39,Yes,No,Fiber optic,Yes,No,Yes,Yes,Yes,No,One year,Yes,Electronic check,95.55,3692.85,Yes,25-48,94.68846153846154,5,1
Male,0,Yes,Yes,53,Yes,No,No,No internet service,No internet service,No internet service,No internet service,No internet service,No internet service,One year,No,Credit card (automatic),20.2,1068.15,No,49-60,20.15377358490566,1,0
Female,0,No,No,27,Yes,No,Fiber optic,No,No,Yes,Yes,No,Yes,Month-to-month,Yes,Electronic check,89.2,2383.6,No,25-48,88.28148148148148,4,1
Female,1,No,No,1,Yes,No,Fiber optic,No,No,No,No,No,No,Month-to-month,Yes,Electronic check,69.65,69.65,Yes,0-12,69.65,1,1
Female,1,No,No,1,Yes,No,Fiber optic,No,No,No,No,Yes,Yes,Month-to-month,Yes,Electronic check,89.3,89.3,Yes,0-12,89.3,3,1
Female,0,Yes,No,18,Yes,No,Fiber optic,Yes,No,No,No,No,No,Month-to-month,No,Electronic check,74.8,1438.05,No,13-24,79.89166666666667,2,1
Male,0,Yes,Yes,46,Yes,No,No,No internet service,No internet service,No internet service,No internet service,No internet service,No internet service,Two year,Yes,Mailed check,20.2,917.45,No,25-48,19.944565217391304,1,0
Female,0,Yes,No,72,Yes,Yes,DSL,Yes,No,Yes,Yes,Yes,Yes,Two year,Yes,Credit card (automatic),84.4,6096.45,No,60+,84.67291666666667,7,1
Female,0,No,No,36,Yes,No,Fiber optic,No,No,Yes,Yes,No,Yes,Month-to-month,Yes,Electronic check,87.55,3078.1,Yes,25-48,85.50277777777778,4,1
Female,0,Yes,No,4,No,No phone service,DSL,No,No,No,No,No,No,Month-to-month,Yes,Electronic check,25.15,99.95,No,0-12,24.9875,0,1
Female,0,No,No,25,Yes,No,No,No internet service,No internet service,No internet service,No internet service,No internet service,No internet service,Two year,No,Credit card (automatic),19.8,475.2,No,25-48,19.008,1,0
Female,0,Yes,Yes,40,No,No phone service,DSL,No,Yes,No,No,Yes,Yes,Month-to-month,Yes,Electronic check,50.85,2036.55,No,25-48,50.91375,3,1
Male,0,Yes,No,63,Yes,Yes,Fiber optic,No,Yes,Yes,No,Yes,Yes,Month-to-month,Yes,Electronic check,102.4,6444.05,No,60+,102.28650793650796,6,1
Female,1,No,No,15,Yes,No,Fiber optic,Yes,No,Yes,Yes,No,Yes,Month-to-month,Yes,Mailed check,96.3,1426.75,Yes,13-24,95.11666666666666,5,1
Male,0,No,No,14,Yes,Yes,DSL,No,Yes,No,No,No,No,Month-to-month,Yes,Credit card (automatic),55.5,767.55,No,13-24,54.825,3,1
Male,1,Yes,No,72,Yes,Yes,Fiber optic,No,Yes,Yes,Yes,Yes,Yes,Two year,Yes,Bank transfer (automatic),109.75,7932.5,No,60+,110.17361111111111,7,1
Male,0,No,No,39,Yes,Yes,Fiber optic,Yes,Yes,No,No,Yes,Yes,Month-to-month,Yes,Electronic check,106.4,4040.65,No,25-48,103.60641025641026,6,1
Female,0,Yes,Yes,47,No,No phone service,DSL,Yes,Yes,Yes,No,Yes,Yes,Two year,Yes,Credit card (automatic),60.0,2768.65,No,25-48,58.90744680851064,5,1
Male,0,Yes,No,19,Yes,Yes,Fiber optic,Yes,Yes,No,Yes,No,No,Month-to-month,Yes,Credit card (automatic),88.8,1672.35,No,13-24,88.01842105263158,5,1
Female,0,No,No,5,Yes,Yes,Fiber optic,No,No,No,No,Yes,No,Month-to-month,Yes,Electronic check,85.2,474.8,Yes,0-12,94.96,3,1
Female,0,No,No,13,No,No phone service,DSL,No,No,No,No,No,Yes,Month-to-month,Yes,Electronic check,35.1,446.1,Yes,13-24,34.315384615384616,1,1
Female,0,No,No,17,Yes,Yes,Fiber optic,No,No,Yes,No,No,No,Month-to-month,No,Bank transfer (automatic),80.05,1345.65,No,13-24,79.15588235294118,3,1
Male,1,Yes,No,34,Yes,Yes,Fiber optic,No,No,No,No,No,No,Month-to-month,Yes,Electronic check,75.55,2425.4,No,25-48,71.33529411764707,2,1
Female,0,No,No,42,Yes,No,DSL,No,Yes,No,No,No,No,Month-to-month,Yes,Electronic check,49.55,2077.95,No,25-48,49.475,2,1
Male,0,Yes,No,5,Yes,Yes,Fiber optic,No,Yes,No,No,No,No,Month-to-month,Yes,Electronic check,81.3,416.3,Yes,0-12,83.26,3,1
Female,0,Yes,Yes,71,Yes,Yes,No,No internet service,No internet service,No internet service,No internet service,No internet service,No internet service,Two year,No,Credit card (automatic),23.9,1663.5,No,60+,23.42957746478873,2,0
Male,1,Yes,No,19,Yes,No,DSL,Yes,No,Yes,No,Yes,No,Month-to-month,No,Bank transfer (automatic),66.4,1286.05,No,13-24,67.68684210526315,4,1
Female,0,No,Yes,2,Yes,No,No,No internet service,No internet service,No internet service,No internet service,No internet service,No internet service,Month-to-month,Yes,Electronic check,19.6,35.85,Yes,0-12,17.925,1,0
Male,0,No,No,57,Yes,No,No,No internet service,No internet service,No internet service,No internet service,No internet service,No internet service,Two year,No,Credit card (automatic),18.8,1094.35,No,49-60,19.19912280701754,1,0
Male,0,Yes,No,72,Yes,Yes,Fiber optic,No,Yes,Yes,Yes,Yes,Yes,Two year,Yes,Electronic check,108.4,7719.5,No,60+,107.21527777777776,7,1
Female,0,No,No,6,Yes,No,Fiber optic,No,Yes,No,No,No,Yes,Month-to-month,Yes,Mailed check,85.95,514.6,No,0-12,85.76666666666667,3,1
Female,0,Yes,Yes,17,Yes,Yes,Fiber optic,No,No,No,No,No,Yes,Month-to-month,Yes,Electronic check,85.45,1451.6,Yes,13-24,85.38823529411764,3,1
Male,0,Yes,No,61,Yes,Yes,DSL,No,Yes,Yes,No,Yes,Yes,Two year,No,Bank transfer (automatic),80.9,4932.5,No,60+,80.86065573770492,6,1
Male,0,Yes,Yes,1,Yes,No,Fiber optic,No,No,No,No,No,No,Month-to-month,Yes,Electronic check,71.0,71.0,Yes,0-12,71.0,1,1
Male,0,Yes,Yes,48,Yes,Yes,Fiber optic,Yes,Yes,Yes,Yes,Yes,Yes,Two year,No,Credit card (automatic),111.8,5443.65,No,25-48,113.409375,8,1
Male,0,No,No,16,Yes,No,No,No internet service,No internet service,No internet service,No internet service,No internet service,No internet service,Month-to-month,Yes,Credit card (automatic),20.6,330.25,No,13-24,20.640625,1,0
Male,1,No,No,9,Yes,Yes,Fiber optic,No,No,No,No,No,Yes,Month-to-month,Yes,Electronic check,85.05,746.5,Yes,0-12,82.94444444444444,3,1
Female,0,No,No,3,Yes,No,DSL,No,No,No,No,No,No,Month-to-month,No,Electronic check,44.6,122.7,No,0-12,40.9,1,1
Male,0,No,Yes,1,Yes,No,DSL,No,No,No,No,No,No,Month-to-month,Yes,Electronic check,44.4,44.4,Yes,0-12,44.4,1,1
Male,0,No,No,65,Yes,Yes,Fiber optic,No,Yes,Yes,No,Yes,Yes,Two year,No,Credit card (automatic),105.1,6631.85,No,60+,102.02846153846154,6,1
Female,0,Yes,Yes,70,Yes,Yes,Fiber optic,Yes,Yes,Yes,Yes,Yes,Yes,Two year,Yes,Credit card (automatic),115.15,8250.0,No,60+,117.85714285714286,8,1
Male,0,Yes,No,60,Yes,No,DSL,Yes,No,No,No,Yes,No,One year,Yes,Mailed check,59.8,3561.15,No,49-60,59.3525,3,1
Female,0,Yes,No,69,Yes,Yes,No,No internet service,No internet service,No internet service,No internet service,No internet service,No internet service,One year,Yes,Electronic check,26.3,1763.55,No,60+,25.558695652173917,2,0
Female,1,No,No,35,Yes,No,Fiber optic,No,No,No,No,No,No,Month-to-month,No,Electronic check,70.55,2419.0,No,25-48,69.11428571428571,1,1
Female,0,No,No,22,Yes,No,No,No internet service,No internet service,No internet service,No internet service,No internet service,No internet service,Month-to-month,Yes,Mailed check,20.05,470.2,No,13-24,21.37272727272727,1,0
Male,0,Yes,Yes,66,Yes,Yes,DSL,No,Yes,Yes,No,Yes,Yes,Two year,No,Bank transfer (automatic),79.85,5234.95,No,60+,79.31742424242424,6,1
Male,1,Yes,No,1,Yes,No,Fiber optic,No,No,No,No,No,No,Month-to-month,Yes,Electronic check,70.3,70.3,Yes,0-12,70.3,1,1
Female,0,Yes,No,1,Yes,No,Fiber optic,No,No,No,No,Yes,No,Month-to-month,Yes,Bank transfer (automatic),79.35,79.35,Yes,0-12,79.35,2,1
Male,0,Yes,Yes,34,Yes,Yes,Fiber optic,No,No,Yes,No,No,Yes,Month-to-month,Yes,Credit card (automatic),90.05,3097.0,No,25-48,91.08823529411764,4,1
Female,0,Yes,Yes,72,Yes,Yes,No,No internet service,No internet service,No internet service,No internet service,No internet service,No internet service,Two year,No,Bank transfer (automatic),24.45,1709.1,No,60+,23.7375,2,0
Male,0,Yes,Yes,31,No,No phone service,DSL,Yes,No,Yes,Yes,Yes,Yes,One year,No,Electronic check,59.95,1848.8,No,25-48,59.63870967741936,5,1
Male,0,No,Yes,30,Yes,Yes,No,No internet service,No internet service,No internet service,No internet service,No internet service,No internet service,One year,No,Bank transfer (automatic),25.35,723.3,No,25-48,24.11,2,0
Female,0,No,No,9,Yes,No,Fiber optic,No,No,No,No,Yes,Yes,Month-to-month,Yes,Bank transfer (automatic),90.8,809.75,Yes,0-12,89.97222222222223,3,1
Male,0,Yes,Yes,20,Yes,No,Fiber optic,No,No,No,No,No,No,Month-to-month,Yes,Electronic check,70.45,1470.95,Yes,13-24,73.5475,1,1
Male,1,Yes,No,19,No,No phone service,DSL,No,Yes,Yes,No,No,No,Month-to-month,Yes,Credit card (automatic),34.3,577.15,No,13-24,30.376315789473683,2,1
Female,0,Yes,No,65,Yes,Yes,Fiber optic,Yes,No,Yes,No,Yes,Yes,Month-to-month,Yes,Electronic check,105.05,6914.95,No,60+,106.38384615384616,6,1
Female,0,Yes,Yes,30,Yes,No,No,No internet service,No internet service,No internet service,No internet service,No internet service,No internet service,Two year,No,Mailed check,19.3,602.9,No,25-48,20.096666666666668,1,0
Male,0,No,No,6,Yes,No,No,No internet service,No internet service,No internet service,No internet service,No internet service,No internet service,One year,No,Mailed check,19.15,124.4,No,0-12,20.73333333333333,1,0
Female,0,No,No,2,No,No phone service,DSL,No,Yes,No,No,Yes,Yes,Month-to-month,No,Electronic check,51.4,96.8,No,0-12,48.4,3,1
Male,0,Yes,Yes,53,Yes,Yes,DSL,Yes,No,No,Yes,No,Yes,Month-to-month,No,Electronic check,71.85,3827.9,No,49-60,72.22452830188679,5,1
Male,1,Yes,No,7,Yes,Yes,Fiber optic,No,No,No,No,No,No,Month-to-month,Yes,Electronic check,75.4,533.05,No,0-12,76.14999999999999,2,1
Female,0,Yes,Yes,61,Yes,No,DSL,Yes,No,No,No,No,No,One year,Yes,Bank transfer (automatic),49.7,2961.4,No,60+,48.54754098360656,2,1
Male,1,No,No,70,No,No phone service,DSL,No,No,No,No,Yes,Yes,One year,Yes,Electronic check,45.25,3264.45,Yes,60+,46.635,2,1
Female,0,No,No,13,Yes,Yes,DSL,Yes,No,Yes,No,Yes,Yes,Month-to-month,Yes,Electronic check,78.75,995.35,No,13-24,76.56538461538462,6,1
Male,1,Yes,No,35,Yes,Yes,Fiber optic,No,No,Yes,No,No,No,One year,Yes,Bank transfer (automatic),81.6,2815.25,No,25-48,80.43571428571428,3,1
Female,0,Yes,No,2,Yes,No,Fiber optic,No,No,No,No,No,No,Month-to-month,Yes,Credit card (automatic),70.4,154.8,No,0-12,77.4,1,1
Female,0,No,No,3,Yes,Yes,Fiber optic,No,No,No,No,No,No,Month-to-month,Yes,Electronic check,75.8,246.3,Yes,0-12,82.10000000000001,2,1
Female,0,No,No,3,Yes,Yes,Fiber optic,No,No,No,No,No,No,Month-to-month,No,Electronic check,76.1,257.6,No,0-12,85.86666666666667,2,1
Female,0,No,No,62,Yes,Yes,Fiber optic,No,No,No,No,Yes,Yes,One year,Yes,Bank transfer (automatic),94.0,5757.2,No,60+,92.85806451612903,4,1
Male,0,Yes,Yes,72,Yes,Yes,Fiber optic,Yes,Yes,Yes,Yes,No,Yes,Two year,No,Credit card (automatic),103.95,7517.7,No,60+,104.4125,7,1
Male,0,Yes,No,63,Yes,No,No,No internet service,No internet service,No internet service,No internet service,No internet service,No internet service,Two year,Yes,Bank transfer (automatic),19.95,1234.8,No,60+,19.6,1,0
Male,1,No,No,20,Yes,No,Fiber optic,No,No,No,No,No,No,Month-to-month,No,Credit card (automatic),71.3,1389.2,Yes,13-24,69.46000000000001,1,1
Female,1,No,No,35,Yes,Yes,Fiber optic,Yes,Yes,Yes,Yes,Yes,Yes,One year,Yes,Bank transfer (automatic),110.8,3836.3,No,25-48,109.60857142857144,8,1
Male,1,Yes,No,21,Yes,No,Fiber optic,No,No,No,No,No,No,Month-to-month,Yes,Electronic check,69.1,1474.75,Yes,13-24,70.22619047619048,1,1
Male,0,Yes,No,62,Yes,Yes,Fiber optic,Yes,Yes,No,No,No,Yes,One year,No,Electronic check,96.1,6001.45,No,60+,96.79758064516128,5,1
Female,0,No,No,15,Yes,Yes,DSL,No,No,No,No,No,No,Month-to-month,Yes,Mailed check,48.8,720.1,No,13-24,48.00666666666667,2,1
Female,0,No,No,55,Yes,No,DSL,Yes,No,No,No,No,No,Month-to-month,Yes,Credit card (automatic),50.55,2832.75,No,49-60,51.50454545454546,2,1
Female,0,No,No,11,Yes,No,DSL,No,No,No,No,No,No,Month-to-month,Yes,Mailed check,44.65,472.25,No,0-12,42.93181818181818,1,1
Female,0,Yes,Yes,17,Yes,Yes,Fiber optic,No,No,Yes,No,Yes,No,Month-to-month,No,Electronic check,88.25,1460.65,Yes,13-24,85.92058823529412,4,1
Female,0,No,No,61,Yes,No,No,No internet service,No internet service,No internet service,No internet service,No internet service,No internet service,One year,No,Bank transfer (automatic),19.45,1336.35,No,60+,21.90737704918033,1,0
Female,0,Yes,No,71,Yes,Yes,DSL,Yes,Yes,Yes,Yes,Yes,Yes,Two year,No,Credit card (automatic),89.3,6388.65,No,60+,89.98098591549295,8,1
Female,0,No,No,2,Yes,No,Fiber optic,No,No,No,No,No,No,Month-to-month,No,Bank transfer (automatic),70.0,153.05,Yes,0-12,76.525,1,1
Male,0,No,No,35,Yes,No,No,No internet service,No internet service,No internet service,No internet service,No internet service,No internet service,Two year,No,Mailed check,19.25,677.9,No,25-48,19.36857142857143,1,0
Female,0,No,No,17,Yes,No,Fiber optic,No,No,No,No,No,No,Month-to-month,No,Bank transfer (automatic),70.5,1165.6,No,13-24,68.56470588235294,1,1
Female,0,No,No,21,Yes,Yes,Fiber optic,No,No,No,No,Yes,Yes,Month-to-month,Yes,Electronic check,97.35,2119.5,Yes,13-24,100.92857142857144,4,1
Female,0,Yes,No,47,Yes,No,No,No internet service,No internet service,No internet service,No internet service,No internet service,No internet service,Two year,No,Bank transfer (automatic),19.65,921.55,No,25-48,19.60744680851064,1,0
Female,0,Yes,No,3,Yes,No,No,No internet service,No internet service,No internet service,No internet service,No internet service,No internet service,Month-to-month,No,Mailed check,20.85,72.0,No,0-12,24.0,1,0
Male,0,No,No,3,Yes,No,No,No internet service,No internet service,No internet service,No internet service,No internet service,No internet service,Month-to-month,Yes,Mailed check,19.65,68.35,No,0-12,22.78333333333333,1,0
Male,1,Yes,No,44,Yes,No,No,No internet service,No internet service,No internet service,No internet service,No internet service,No internet service,Two year,Yes,Credit card (automatic),19.35,847.25,No,25-48,19.255681818181817,1,0
Female,0,No,No,1,Yes,No,DSL,No,No,No,No,No,No,Month-to-month,Yes,Mailed check,44.0,44.0,No,0-12,44.0,1,1
Female,0,Yes,Yes,44,Yes,Yes,Fiber optic,No,Yes,Yes,No,No,Yes,One year,No,Electronic check,94.4,4295.35,No,25-48,97.62159090909093,5,1
Male,0,Yes,Yes,5,Yes,Yes,No,No internet service,No internet service,No internet service,No internet service,No internet service,No internet service,Month-to-month,Yes,Bank transfer (automatic),25.9,135.0,Yes,0-12,27.0,2,0
Male,0,No,No,24,Yes,Yes,DSL,Yes,No,No,No,No,No,Month-to-month,Yes,Bank transfer (automatic),55.65,1400.55,Yes,13-24,58.35625,3,1
Female,0,No,Yes,1,Yes,No,Fiber optic,No,No,No,No,No,No,Month-to-month,Yes,Electronic check,69.65,69.65,Yes,0-12,69.65,1,1
Female,0,No,No,18,Yes,No,Fiber optic,Yes,No,No,No,No,No,Month-to-month,Yes,Electronic check,75.4,1380.4,No,13-24,76.6888888888889,2,1
Female,0,No,No,10,Yes,Yes,Fiber optic,No,No,Yes,No,Yes,Yes,Month-to-month,Yes,Electronic check,100.6,1060.2,Yes,0-12,106.02,5,1
Female,0,Yes,No,65,Yes,No,DSL,Yes,Yes,Yes,No,No,Yes,Two year,No,Bank transfer (automatic),71.0,4386.2,No,60+,67.48,5,1
Female,1,No,No,1,Yes,No,Fiber optic,No,Yes,No,No,No,Yes,Month-to-month,Yes,Electronic check,86.0,86.0,Yes,0-12,86.0,3,1
Female,0,No,No,53,Yes,Yes,Fiber optic,Yes,No,Yes,No,Yes,Yes,One year,Yes,Credit card (automatic),106.95,5785.5,Yes,49-60,109.16037735849056,6,1
Male,0,No,No,3,Yes,No,No,No internet service,No internet service,No internet service,No internet service,No internet service,No internet service,One year,No,Mailed check,21.2,52.05,No,0-12,17.349999999999998,1,0
Male,0,Yes,No,33,Yes,No,DSL,Yes,Yes,No,Yes,No,No,Two year,Yes,Mailed check,61.05,2018.4,No,25-48,61.16363636363637,4,1
Male,0,No,No,3,No,No phone service,DSL,No,Yes,No,No,No,No,Month-to-month,Yes,Electronic check,29.6,79.45,Yes,0-12,26.48333333333333,1,1
Female,0,No,No,34,Yes,No,DSL,Yes,No,Yes,Yes,Yes,Yes,One year,Yes,Bank transfer (automatic),79.95,2727.3,No,25-48,80.21470588235294,6,1
Female,0,Yes,Yes,14,Yes,No,No,No internet service,No internet service,No internet service,No internet service,No internet service,No internet service,Two year,Yes,Mailed check,19.7,263.65,No,13-24,18.832142857142856,1,0
Female,0,No,No,13,Yes,No,No,No internet service,No internet service,No internet service,No internet service,No internet service,No internet service,Month-to-month,Yes,Mailed check,20.3,275.4,No,13-24,21.184615384615384,1,0
Male,1,Yes,No,46,No,No phone service,DSL,No,Yes,Yes,Yes,Yes,Yes,One year,Yes,Bank transfer (automatic),59.9,2816.65,Yes,25-48,61.23152173913044,5,1
Male,0,Yes,Yes,23,Yes,Yes,No,No internet service,No internet service,No internet service,No internet service,No internet service,No internet service,One year,No,Mailed check,24.35,538.5,No,13-24,23.41304347826087,2,0
Female,0,Yes,Yes,47,Yes,No,No,No internet service,No internet service,No internet service,No internet service,No internet service,No internet service,Two year,No,Mailed check,19.75,948.9,No,25-48,20.18936170212766,1,0
Male,0,No,Yes,17,Yes,No,DSL,Yes,No,No,No,No,No,Month-to-month,Yes,Mailed check,50.3,846.8,No,13-24,49.811764705882354,2,1
Female,0,Yes,Yes,49,Yes,Yes,Fiber optic,No,No,No,No,Yes,Yes,Month-to-month,Yes,Electronic check,95.6,4783.5,Yes,49-60,97.62244897959184,4,1
Male,1,Yes,No,59,No,No phone service,DSL,No,Yes,No,No,Yes,Yes,Month-to-month,Yes,Electronic check,50.25,2997.45,No,49-60,50.80423728813559,3,1
Female,0,No,No,69,Yes,Yes,DSL,Yes,No,Yes,Yes,Yes,Yes,Two year,Yes,Credit card (automatic),85.35,5897.4,No,60+,85.4695652173913,7,1
Male,0,No,No,11,No,No phone service,DSL,No,No,Yes,No,Yes,No,One year,Yes,Electronic check,41.6,470.6,Yes,0-12,42.78181818181818,2,1
Male,0,No,No,10,Yes,No,DSL,Yes,No,No,No,No,No,Month-to-month,Yes,Mailed check,51.65,524.5,No,0-12,52.45,2,1
Male,0,Yes,Yes,12,Yes,Yes,No,No internet service,No internet service,No internet service,No internet service,No internet service,No internet service,Two year,Yes,Bank transfer (automatic),24.0,269.65,No,0-12,22.47083333333333,2,0
Male,0,No,No,45,Yes,Yes,Fiber optic,No,Yes,No,No,Yes,Yes,Month-to-month,Yes,Credit card (automatic),100.85,4740.0,Yes,25-48,105.33333333333331,5,1
Female,0,Yes,Yes,39,Yes,No,DSL,No,No,Yes,No,Yes,No,Month-to-month,Yes,Mailed check,59.85,2341.5,No,25-48,60.03846153846154,3,1
Male,1,Yes,No,71,Yes,Yes,No,No internet service,No internet service,No internet service,No internet service,No internet service,No internet service,Two year,No,Credit card (automatic),25.45,1789.65,No,60+,25.20633802816901,2,0
Male,0,Yes,Yes,71,Yes,Yes,No,No internet service,No internet service,No internet service,No internet service,No internet service,No internet service,Two year,No,Credit card (automatic),23.9,1626.4,No,60+,22.907042253521126,2,0
Female,0,Yes,Yes,33,Yes,Yes,No,No internet service,No internet service,No internet service,No internet service,No internet service,No internet service,One year,No,Credit card (automatic),24.15,800.3,No,25-48,24.25151515151515,2,0
Male,1,No,No,67,Yes,Yes,Fiber optic,No,No,No,No,No,No,Month-to-month,Yes,Mailed check,75.7,5060.85,No,60+,75.53507462686568,2,1
Male,0,Yes,Yes,37,No,No phone service,DSL,Yes,Yes,Yes,No,No,No,Month-to-month,No,Bank transfer (automatic),40.2,1448.8,Yes,25-48,39.15675675675676,3,1
Male,0,Yes,Yes,49,Yes,Yes,Fiber optic,No,No,No,No,Yes,No,Month-to-month,No,Electronic check,84.5,4254.85,Yes,49-60,86.83367346938776,3,1
Female,0,Yes,No,9,Yes,No,DSL,No,Yes,No,No,No,No,Month-to-month,No,Mailed check,50.85,466.6,No,0-12,51.84444444444445,2,1
Male,0,Yes,No,52,Yes,Yes,Fiber optic,Yes,No,Yes,Yes,No,No,Two year,Yes,Credit card (automatic),91.6,4627.8,No,49-60,88.99615384615385,5,1
Female,0,No,No,70,Yes,Yes,Fiber optic,No,Yes,No,No,Yes,Yes,One year,No,Electronic check,98.9,6838.6,No,60+,97.69428571428573,5,1
Male,0,No,No,1,Yes,No,Fiber optic,No,Yes,No,No,No,Yes,Month-to-month,Yes,Electronic check,85.0,85.0,No,0-12,85.0,3,1
Female,1,No,No,14,Yes,Yes,Fiber optic,No,Yes,No,No,No,No,Month-to-month,Yes,Electronic check,78.95,1101.85,Yes,13-24,78.70357142857142,3,1
Male,0,No,No,1,Yes,No,DSL,No,No,No,No,No,No,Month-to-month,Yes,Mailed check,44.3,44.3,No,0-12,44.3,1,1
Male,0,No,No,1,Yes,No,No,No internet service,No internet service,No internet service,No internet service,No internet service,No internet service,Month-to-month,No,Mailed check,20.2,20.2,Yes,0-12,20.2,1,0
Female,0,No,No,52,Yes,Yes,Fiber optic,No,Yes,No,No,No,No,One year,Yes,Mailed check,80.2,4297.6,No,49-60,82.64615384615385,3,1
Male,0,No,No,6,Yes,No,DSL,No,No,Yes,No,Yes,No,Month-to-month,No,Mailed check,60.9,414.1,No,0-12,69.01666666666667,3,1
Male,0,Yes,No,7,No,No phone service,DSL,Yes,Yes,No,No,No,No,Month-to-month,No,Mailed check,34.2,256.6,No,0-12,36.65714285714286,2,1
Female,1,No,No,47,Yes,Yes,Fiber optic,No,Yes,Yes,No,No,No,Month-to-month,Yes,Bank transfer (automatic),85.2,3969.35,Yes,25-48,84.45425531914893,4,1
Female,0,No,No,26,Yes,No,Fiber optic,Yes,No,Yes,Yes,No,No,One year,Yes,Credit card (automatic),87.15,2274.1,No,25-48,87.46538461538461,4,1
Male,0,Yes,Yes,25,Yes,No,DSL,Yes,No,No,Yes,No,No,Month-to-month,No,Electronic check,54.3,1296.8,No,25-48,51.872,3,1
Male,0,No,No,69,Yes,No,No,No internet service,No internet service,No internet service,No internet service,No internet service,No internet service,Two year,Yes,Mailed check,19.1,1268.85,No,60+,18.389130434782608,1,0
Female,0,No,No,72,Yes,Yes,Fiber optic,Yes,Yes,Yes,Yes,Yes,Yes,Two year,Yes,Credit card (automatic),112.75,8192.6,No,60+,113.78611111111113,8,1
Male,0,No,No,4,Yes,No,No,No internet service,No internet service,No internet service,No internet service,No internet service,No internet service,Month-to-month,Yes,Mailed check,19.95,59.25,No,0-12,14.8125,1,0
Male,0,Yes,Yes,59,Yes,No,No,No internet service,No internet service,No internet service,No internet service,No internet service,No internet service,Two year,No,Mailed check,19.5,1147.85,No,49-60,19.45508474576271,1,0
Male,0,No,No,67,Yes,No,DSL,Yes,No,Yes,No,No,Yes,Two year,No,Bank transfer (automatic),65.55,4361.55,No,60+,65.09776119402986,4,1
Female,1,No,No,26,Yes,No,Fiber optic,No,No,No,No,No,Yes,Month-to-month,Yes,Electronic check,78.8,2006.1,No,25-48,77.1576923076923,2,1
Female,0,No,No,27,Yes,No,DSL,No,Yes,Yes,Yes,Yes,Yes,One year,No,Mailed check,78.2,2078.95,No,25-48,76.99814814814815,6,1
Male,0,Yes,Yes,72,Yes,Yes,Fiber optic,Yes,No,Yes,No,Yes,Yes,Two year,No,Bank transfer (automatic),105.25,7609.75,No,60+,105.69097222222224,6,1
Female,0,No,No,6,Yes,No,Fiber optic,No,No,Yes,Yes,No,Yes,Month-to-month,Yes,Electronic check,89.25,487.05,No,0-12,81.175,4,1
Male,0,Yes,Yes,62,Yes,No,No,No internet service,No internet service,No internet service,No internet service,No internet service,No internet service,Two year,No,Credit card (automatic),20.65,1218.45,No,60+,19.65241935483871,1,0
Male,0,No,No,20,Yes,Yes,DSL,No,Yes,No,Yes,Yes,No,One year,Yes,Electronic check,68.7,1416.2,No,13-24,70.81,5,1
Male,0,No,No,6,Yes,No,DSL,Yes,No,Yes,Yes,Yes,Yes,Month-to-month,No,Credit card (automatic),78.65,483.3,No,0-12,80.55,6,1
Male,0,No,No,51,Yes,Yes,No,No internet service,No internet service,No internet service,No internet service,No internet service,No internet service,Two year,No,Mailed check,24.75,1234.6,No,49-60,24.2078431372549,2,0
Female,0,Yes,Yes,61,Yes,No,No,No internet service,No internet service,No internet service,No internet service,No internet service,No internet service,Two year,No,Credit card (automatic),19.75,1311.6,No,60+,21.50163934426229,1,0
Male,1,Yes,No,62,Yes,Yes,Fiber optic,Yes,Yes,Yes,No,No,No,Month-to-month,Yes,Electronic check,89.1,5618.3,No,60+,90.61774193548388,5,1
Female,0,No,No,72,Yes,Yes,Fiber optic,Yes,No,No,Yes,No,No,Two year,Yes,Bank transfer (automatic),84.7,6185.15,No,60+,85.9048611111111,4,1
Male,1,Yes,No,13,Yes,No,Fiber optic,No,Yes,Yes,No,Yes,Yes,Month-to-month,Yes,Electronic check,98.0,1237.85,Yes,13-24,95.21923076923076,5,1
Male,0,Yes,No,5,Yes,No,Fiber optic,No,No,Yes,No,Yes,Yes,Month-to-month,Yes,Electronic check,94.45,498.1,Yes,0-12,99.62,4,1
Male,1,No,No,3,Yes,Yes,Fiber optic,No,Yes,Yes,No,Yes,Yes,Month-to-month,Yes,Electronic check,105.0,294.45,Yes,0-12,98.15,6,1
Female,1,Yes,No,26,Yes,Yes,Fiber optic,No,Yes,Yes,No,No,Yes,Month-to-month,Yes,Electronic check,93.85,2381.55,Yes,25-48,91.59807692307692,5,1
Male,1,No,No,13,Yes,No,DSL,No,Yes,No,No,Yes,No,Month-to-month,Yes,Electronic check,59.9,788.35,No,13-24,60.642307692307696,3,1
Female,0,Yes,Yes,38,Yes,No,No,No internet service,No internet service,No internet service,No internet service,No internet service,No internet service,Two year,Yes,Mailed check,19.95,756.4,No,25-48,19.905263157894737,1,0
Female,1,Yes,No,8,Yes,Yes,Fiber optic,No,No,No,No,No,Yes,Month-to-month,Yes,Electronic check,84.0,613.4,Yes,0-12,76.675,3,1
Male,1,Yes,Yes,34,Yes,Yes,Fiber optic,No,Yes,Yes,Yes,Yes,Yes,Month-to-month,Yes,Electronic check,108.9,3625.2,No,25-48,106.62352941176472,7,1
Male,0,No,No,18,No,No phone service,DSL,Yes,No,Yes,No,No,No,Month-to-month,No,Mailed check,33.6,550.35,No,13-24,30.575000000000003,2,1
Male,0,Yes,Yes,56,Yes,No,Fiber optic,No,Yes,Yes,Yes,No,No,One year,Yes,Mailed check,85.85,4793.8,No,49-60,85.60357142857143,4,1
Female,0,No,No,36,No,No phone service,DSL,No,Yes,No,Yes,No,No,Month-to-month,Yes,Bank transfer (automatic),34.85,1267.2,No,25-48,35.2,2,1
Female,0,Yes,No,9,No,No phone service,DSL,No,No,Yes,No,Yes,Yes,Month-to-month,Yes,Electronic check,48.75,442.2,Yes,0-12,49.13333333333333,3,1
Male,0,No,No,1,Yes,No,Fiber optic,No,No,Yes,No,Yes,No,Month-to-month,Yes,Electronic check,84.85,84.85,Yes,0-12,84.85,3,1
Male,0,No,No,12,Yes,No,DSL,Yes,No,No,Yes,No,No,Month-to-month,No,Mailed check,56.65,654.85,Yes,0-12,54.57083333333333,3,1
Female,1,Yes,Yes,57,Yes,No,Fiber optic,No,Yes,Yes,Yes,Yes,No,Month-to-month,Yes,Credit card (automatic),95.3,5567.45,No,49-60,97.67456140350878,5,1
Female,0,No,No,42,Yes,No,DSL,Yes,Yes,Yes,Yes,No,Yes,One year,No,Credit card (automatic),73.9,3160.55,Yes,25-48,75.25119047619049,6,1
Female,0,Yes,Yes,33,Yes,Yes,No,No internet service,No internet service,No internet service,No internet service,No internet service,No internet service,Two year,Yes,Mailed check,24.5,740.3,Yes,25-48,22.433333333333334,2,0
Male,0,Yes,No,70,Yes,No,Fiber optic,Yes,Yes,No,Yes,No,No,Two year,No,Bank transfer (automatic),84.6,5706.2,No,60+,81.51714285714286,4,1
Female,0,No,No,68,No,No phone service,DSL,No,Yes,No,Yes,No,Yes,Month-to-month,No,Electronic check,44.95,3085.35,No,60+,45.37279411764706,3,1
Male,0,No,Yes,1,No,No phone service,DSL,No,No,No,No,No,No,Month-to-month,Yes,Electronic check,24.7,24.7,No,0-12,24.7,0,1
Female,0,No,No,37,Yes,Yes,Fiber optic,No,No,No,Yes,Yes,Yes,Month-to-month,No,Credit card (automatic),100.3,3541.4,No,25-48,95.71351351351352,5,1
Female,0,No,Yes,4,Yes,Yes,No,No internet service,No internet service,No internet service,No internet service,No internet service,No internet service,Month-to-month,Yes,Mailed check,25.45,84.2,No,0-12,21.05,2,0
Male,0,No,No,1,Yes,No,DSL,Yes,No,No,No,No,No,Month-to-month,Yes,Mailed check,50.7,50.7,No,0-12,50.7,2,1
Male,0,No,No,20,No,No phone service,DSL,Yes,Yes,Yes,Yes,Yes,No,Month-to-month,Yes,Credit card (automatic),55.0,1165.55,No,13-24,58.2775,5,1
Male,0,Yes,Yes,72,Yes,No,DSL,Yes,Yes,No,Yes,Yes,No,Two year,No,Bank transfer (automatic),68.4,4855.35,No,60+,67.43541666666667,5,1
Female,0,No,No,31,Yes,Yes,Fiber optic,No,No,Yes,No,No,Yes,Month-to-month,Yes,Electronic check,89.9,2806.9,Yes,25-48,90.54516129032258,4,1
Male,1,Yes,No,18,Yes,No,Fiber optic,No,No,No,No,No,Yes,Month-to-month,No,Electronic check,78.55,1422.65,Yes,13-24,79.03611111111111,2,1
Male,0,Yes,No,11,Yes,No,DSL,No,No,No,No,Yes,No,Month-to-month,Yes,Bank transfer (automatic),55.05,608.15,No,0-12,55.28636363636363,2,1
Female,0,Yes,Yes,33,Yes,No,No,No internet service,No internet service,No internet service,No internet service,No internet service,No internet service,Two year,No,Credit card (automatic),19.8,641.35,No,25-48,19.434848484848487,1,0
Female,1,No,No,62,Yes,Yes,Fiber optic,No,No,No,No,Yes,No,One year,No,Electronic check,84.45,4959.15,No,60+,79.98629032258064,3,1
Female,0,No,No,1,No,No phone service,DSL,No,No,Yes,Yes,No,No,Month-to-month,No,Mailed check,35.9,35.9,No,0-12,35.9,2,1
Male,0,Yes,No,16,Yes,No,Fiber optic,Yes,Yes,No,No,No,No,Month-to-month,No,Bank transfer (automatic),80.75,1321.3,No,13-24,82.58125,3,1
Male,0,Yes,Yes,22,Yes,Yes,DSL,No,No,Yes,Yes,Yes,Yes,One year,Yes,Mailed check,78.65,1663.75,No,13-24,75.625,6,1
Female,0,Yes,Yes,49,Yes,No,DSL,Yes,No,Yes,Yes,No,No,Month-to-month,No,Bank transfer (automatic),61.75,3024.15,No,49-60,61.71734693877551,4,1
Male,0,Yes,Yes,36,Yes,No,DSL,Yes,No,Yes,No,No,Yes,One year,Yes,Credit card (automatic),63.7,2188.5,No,25-48,60.79166666666666,4,1
Male,0,Yes,No,42,Yes,Yes,Fiber optic,No,Yes,Yes,Yes,No,Yes,Month-to-month,Yes,Electronic check,99.45,4138.05,Yes,25-48,98.525,6,1
Male,1,No,No,4,No,No phone service,DSL,No,No,No,No,No,No,Month-to-month,Yes,Bank transfer (automatic),25.2,102.5,Yes,0-12,25.625,0,1
Female,0,No,No,12,Yes,Yes,DSL,No,No,No,Yes,Yes,Yes,One year,No,Mailed check,74.05,872.65,Yes,0-12,72.72083333333333,5,1
Female,0,No,No,31,Yes,No,Fiber optic,Yes,No,Yes,Yes,No,No,Month-to-month,No,Electronic check,87.6,2724.25,No,25-48,87.87903225806451,4,1
Male,0,Yes,No,5,Yes,Yes,Fiber optic,Yes,No,No,No,No,Yes,Month-to-month,Yes,Electronic check,89.15,413.25,No,0-12,82.65,4,1
Male,0,Yes,Yes,66,Yes,No,No,No internet service,No internet service,No internet service,No internet service,No internet service,No internet service,Two year,No,Credit card (automatic),20.0,1374.2,No,60+,20.82121212121212,1,0
Female,1,No,No,15,Yes,Yes,DSL,No,No,No,Yes,No,No,Month-to-month,No,Credit card (automatic),55.0,757.1,Yes,13-24,50.473333333333336,3,1
Male,0,No,No,64,Yes,Yes,Fiber optic,No,Yes,Yes,No,Yes,Yes,Two year,Yes,Bank transfer (automatic),104.4,6692.65,No,60+,104.57265625,6,1
Male,0,Yes,Yes,10,Yes,No,No,No internet service,No internet service,No internet service,No internet service,No internet service,No internet service,Month-to-month,Yes,Credit card (automatic),20.05,218.5,No,0-12,21.85,1,0
Male,0,Yes,Yes,7,Yes,No,Fiber optic,No,Yes,No,Yes,Yes,No,Month-to-month,Yes,Electronic check,89.75,608.8,Yes,0-12,86.97142857142856,4,1
Male,0,No,No,29,No,No phone service,DSL,No,Yes,No,Yes,No,No,Month-to-month,No,Electronic check,34.3,1004.75,No,25-48,34.64655172413793,2,1
Male,0,No,No,57,Yes,No,No,No internet service,No internet service,No internet service,No internet service,No internet service,No internet service,Two year,No,Bank transfer (automatic),20.65,1125.6,No,49-60,19.74736842105263,1,0
Female,0,No,No,46,Yes,Yes,Fiber optic,Yes,Yes,No,No,No,No,Month-to-month,No,Mailed check,84.25,3847.6,No,25-48,83.64347826086956,4,1
Male,0,No,No,53,Yes,No,No,No internet service,No internet service,No internet service,No internet service,No internet service,No internet service,Two year,No,Bank transfer (automatic),19.65,978.0,No,49-60,18.452830188679247,1,0
Female,0,No,No,17,Yes,No,DSL,Yes,Yes,No,Yes,Yes,Yes,One year,No,Credit card (automatic),79.85,1387.35,No,13-24,81.60882352941177,6,1
Female,0,Yes,Yes,38,Yes,No,No,No internet service,No internet service,No internet service,No internet service,No internet service,No internet service,Two year,Yes,Mailed check,20.2,746.05,No,25-48,19.632894736842104,1,0
Male,0,No,No,15,Yes,No,No,No internet service,No internet service,No internet service,No internet service,No internet service,No internet service,One year,No,Mailed check,19.8,304.6,No,13-24,20.30666666666667,1,0
Female,0,No,No,22,No,No phone service,DSL,No,Yes,No,No,Yes,Yes,Month-to-month,Yes,Electronic check,50.35,1098.85,No,13-24,49.94772727272727,3,1
Male,0,Yes,No,14,Yes,Yes,Fiber optic,No,No,No,No,No,Yes,Month-to-month,Yes,Electronic check,85.15,1139.2,Yes,13-24,81.37142857142858,3,1
Female,0,Yes,No,57,Yes,Yes,DSL,No,Yes,Yes,Yes,Yes,No,One year,No,Bank transfer (automatic),74.6,4368.95,No,49-60,76.64824561403509,6,1
Male,1,No,No,11,Yes,No,Fiber optic,No,No,No,No,No,Yes,Month-to-month,Yes,Credit card (automatic),79.15,827.7,No,0-12,75.24545454545455,2,1
Female,0,Yes,Yes,1,Yes,No,No,No internet service,No internet service,No internet service,No internet service,No internet service,No internet service,Two year,No,Mailed check,20.35,20.35,No,0-12,20.35,1,0
Male,0,Yes,Yes,12,Yes,No,No,No internet service,No internet service,No internet service,No internet service,No internet service,No internet service,Two year,No,Bank transfer (automatic),21.05,262.05,No,0-12,21.8375,1,0
Male,1,Yes,No,3,Yes,Yes,Fiber optic,No,No,No,No,Yes,Yes,Month-to-month,Yes,Electronic check,94.6,279.55,Yes,0-12,93.18333333333334,4,1
Male,0,No,Yes,36,Yes,No,Fiber optic,No,Yes,No,No,Yes,Yes,Month-to-month,Yes,Electronic check,94.7,3512.5,No,25-48,97.56944444444444,4,1
Male,0,No,No,16,Yes,No,Fiber optic,Yes,No,No,No,Yes,Yes,Month-to-month,Yes,Electronic check,94.25,1483.25,Yes,13-24,92.703125,4,1
Male,0,Yes,Yes,65,Yes,Yes,DSL,Yes,Yes,Yes,No,No,Yes,One year,No,Credit card (automatic),72.45,4653.85,Yes,60+,71.59769230769231,6,1
Male,0,No,No,2,Yes,No,Fiber optic,No,Yes,No,No,No,No,Month-to-month,No,Electronic check,74.95,151.75,No,0-12,75.875,2,1
Female,0,No,No,42,Yes,Yes,Fiber optic,Yes,No,Yes,No,Yes,Yes,Month-to-month,Yes,Electronic check,105.2,4400.75,Yes,25-48,104.7797619047619,6,1
Male,0,Yes,Yes,72,Yes,No,Fiber optic,Yes,Yes,Yes,Yes,Yes,Yes,Two year,No,Bank transfer (automatic),111.95,8033.1,No,60+,111.57083333333334,7,1
Male,0,No,No,62,Yes,No,No,No internet service,No internet service,No internet service,No internet service,No internet service,No internet service,Two year,No,Bank transfer (automatic),19.85,1253.65,No,60+,20.220161290322583,1,0
Female,0,No,No,6,Yes,Yes,Fiber optic,No,Yes,No,No,Yes,No,Month-to-month,Yes,Electronic check,89.75,552.65,No,0-12,92.10833333333332,4,1
Male,0,Yes,No,48,Yes,No,No,No internet service,No internet service,No internet service,No internet service,No internet service,No internet service,Two year,Yes,Mailed check,20.05,1036.0,No,25-48,21.58333333333333,1,0
Male,0,No,No,35,Yes,Yes,Fiber optic,Yes,No,Yes,Yes,Yes,Yes,Two year,Yes,Electronic check,108.95,4025.5,No,25-48,115.01428571428572,7,1
Male,0,No,Yes,52,Yes,No,No,No internet service,No internet service,No internet service,No internet service,No internet service,No internet service,One year,No,Credit card (automatic),19.65,928.4,No,49-60,17.853846153846153,1,0
Female,0,No,No,1,No,No phone service,DSL,No,No,No,No,No,No,Month-to-month,Yes,Mailed check,24.9,24.9,No,0-12,24.9,0,1
Male,0,Yes,No,6,Yes,Yes,Fiber optic,No,No,No,No,Yes,No,Month-to-month,Yes,Electronic check,82.85,460.25,Yes,0-12,76.70833333333333,3,1
Female,0,Yes,No,71,Yes,Yes,DSL,Yes,Yes,Yes,Yes,Yes,Yes,Two year,No,Credit card (automatic),93.2,6506.15,No,60+,91.63591549295774,8,1
Female,0,Yes,Yes,67,Yes,No,Fiber optic,Yes,Yes,Yes,No,No,No,One year,No,Bank transfer (automatic),84.8,5598.3,No,60+,83.55671641791045,4,1
Male,1,No,No,60,Yes,Yes,DSL,Yes,Yes,No,No,No,Yes,One year,Yes,Electronic check,71.75,4374.55,No,49-60,72.90916666666666,5,1
Male,0,Yes,Yes,23,No,No phone service,DSL,No,No,No,Yes,No,No,Month-to-month,Yes,Bank transfer (automatic),30.35,678.75,No,13-24,29.51086956521739,1,1
Male,0,No,Yes,39,No,No phone service,DSL,No,No,Yes,Yes,Yes,Yes,One year,No,Bank transfer (automatic),54.85,2191.7,No,25-48,56.197435897435895,4,1
Male,0,Yes,Yes,15,Yes,No,No,No internet service,No internet service,No internet service,No internet service,No internet service,No internet service,One year,Yes,Mailed check,19.5,239.75,No,13-24,15.983333333333333,1,0
Male,1,Yes,No,53,Yes,Yes,Fiber optic,No,Yes,Yes,No,Yes,Yes,Month-to-month,Yes,Electronic check,103.85,5485.5,Yes,49-60,103.5,6,1
Male,0,Yes,Yes,24,Yes,Yes,No,No internet service,No internet service,No internet service,No internet service,No internet service,No internet service,Two year,No,Mailed check,24.2,609.05,No,13-24,25.37708333333333,2,0
Female,0,Yes,Yes,37,Yes,No,No,No internet service,No internet service,No internet service,No internet service,No internet service,No internet service,Month-to-month,No,Electronic check,19.35,683.75,No,25-48,18.47972972972973,1,0
Female,0,Yes,Yes,5,Yes,No,Fiber optic,No,Yes,No,No,No,Yes,Month-to-month,Yes,Electronic check,83.6,404.2,Yes,0-12,80.84,3,1
Female,1,Yes,No,50,Yes,Yes,Fiber optic,No,No,No,Yes,Yes,Yes,One year,Yes,Electronic check,100.65,5189.75,No,49-60,103.795,5,1
Female,0,No,No,54,Yes,No,Fiber optic,No,No,Yes,No,Yes,Yes,One year,Yes,Credit card (automatic),94.1,5060.9,No,49-60,93.72037037037036,4,1
Female,0,No,No,3,Yes,No,Fiber optic,Yes,No,No,No,No,No,Month-to-month,Yes,Electronic check,74.55,233.65,No,0-12,77.88333333333334,2,1
Male,0,No,No,68,Yes,Yes,Fiber optic,No,Yes,Yes,Yes,Yes,Yes,One year,No,Electronic check,108.45,7176.55,Yes,60+,105.5375,7,1
Male,0,No,No,5,Yes,No,DSL,No,No,Yes,Yes,No,No,Month-to-month,No,Electronic check,56.15,291.45,No,0-12,58.29,3,1
Male,0,No,No,33,Yes,No,No,No internet service,No internet service,No internet service,No internet service,No internet service,No internet service,Two year,No,Mailed check,20.35,689.75,No,25-48,20.901515151515152,1,0
Female,0,No,No,41,Yes,Yes,DSL,No,Yes,Yes,No,Yes,Yes,One year,Yes,Electronic check,80.55,3263.9,No,25-48,79.60731707317073,6,1
Female,0,Yes,Yes,34,No,No phone service,DSL,Yes,No,Yes,Yes,Yes,Yes,One year,No,Mailed check,61.25,1993.2,No,25-48,58.62352941176471,5,1
Female,0,Yes,Yes,13,Yes,No,No,No internet service,No internet service,No internet service,No internet service,No internet service,No internet service,Month-to-month,Yes,Mailed check,20.45,254.5,No,13-24,19.57692307692308,1,0
Female,0,No,No,20,Yes,No,No,No internet service,No internet service,No internet service,No internet service,No internet service,No internet service,Month-to-month,Yes,Credit card (automatic),18.9,347.65,No,13-24,17.3825,1,0
Female,1,No,No,51,Yes,No,No,No internet service,No internet service,No internet service,No internet service,No internet service,No internet service,Two year,No,Credit card (automatic),19.6,967.9,No,49-60,18.978431372549014,1,0
Female,0,Yes,No,3,Yes,Yes,Fiber optic,No,Yes,No,No,No,Yes,Month-to-month,Yes,Credit card (automatic),91.5,242.95,Yes,0-12,80.98333333333333,4,1
Female,0,No,Yes,41,Yes,No,DSL,No,No,No,No,No,No,Month-to-month,No,Bank transfer (automatic),45.2,1841.9,No,25-48,44.92439024390245,1,1
Female,0,No,No,13,Yes,No,No,No internet service,No internet service,No internet service,No internet service,No internet service,No internet service,Month-to-month,No,Credit card (automatic),19.45,232.1,No,13-24,17.853846153846153,1,0
Male,0,Yes,Yes,35,Yes,Yes,No,No internet service,No internet service,No internet service,No internet service,No internet service,No internet service,Two year,No,Bank transfer (automatic),25.45,809.25,No,25-48,23.12142857142857,2,0
Male,0,Yes,No,12,Yes,No,Fiber optic,Yes,No,No,Yes,No,No,Month-to-month,No,Bank transfer (automatic),80.85,866.45,Yes,0-12,72.20416666666667,3,1
Male,0,No,No,4,Yes,No,Fiber optic,Yes,Yes,No,Yes,No,Yes,Month-to-month,Yes,Mailed check,94.9,360.55,No,0-12,90.1375,5,1
Female,0,No,No,43,No,No phone service,DSL,No,No,Yes,No,Yes,Yes,Month-to-month,Yes,Bank transfer (automatic),49.05,2076.2,Yes,25-48,48.28372093023256,3,1
Female,1,Yes,Yes,12,No,No phone service,DSL,No,No,No,Yes,No,No,Month-to-month,Yes,Mailed check,29.3,355.9,No,0-12,29.65833333333333,1,1
Male,1,Yes,No,68,Yes,Yes,Fiber optic,No,Yes,Yes,No,Yes,Yes,Month-to-month,Yes,Electronic check,105.3,7299.65,Yes,60+,107.34779411764706,6,1
Male,1,No,No,25,Yes,Yes,Fiber optic,No,Yes,No,No,Yes,No,Month-to-month,Yes,Electronic check,88.95,2291.2,Yes,25-48,91.648,4,1
Female,0,No,No,7,Yes,No,No,No internet service,No internet service,No internet service,No internet service,No internet service,No internet service,One year,No,Mailed check,20.25,129.15,No,0-12,18.45,1,0
Male,1,Yes,No,66,Yes,Yes,Fiber optic,No,Yes,Yes,Yes,Yes,Yes,One year,Yes,Electronic check,110.85,7491.75,Yes,60+,113.51136363636364,7,1
Female,0,Yes,No,53,Yes,No,Fiber optic,Yes,Yes,Yes,Yes,Yes,Yes,One year,No,Electronic check,110.5,5835.5,No,49-60,110.10377358490568,7,1
Male,1,No,No,63,Yes,Yes,Fiber optic,Yes,Yes,Yes,No,Yes,Yes,Month-to-month,Yes,Bank transfer (automatic),109.4,7031.45,No,60+,111.61031746031746,7,1
Female,0,Yes,Yes,70,Yes,Yes,Fiber optic,Yes,Yes,Yes,Yes,Yes,Yes,Two year,Yes,Bank transfer (automatic),114.2,7723.9,Yes,60+,110.34142857142857,8,1
Male,1,Yes,No,27,No,No phone service,DSL,No,No,No,No,No,Yes,Month-to-month,No,Bank transfer (automatic),36.5,1032.0,Yes,25-48,38.22222222222222,1,1
Female,0,No,No,1,Yes,No,Fiber optic,No,No,No,No,No,No,Month-to-month,No,Mailed check,70.75,70.75,Yes,0-12,70.75,1,1
Female,0,No,No,5,Yes,No,No,No internet service,No internet service,No internet service,No internet service,No internet service,No internet service,Month-to-month,No,Mailed check,19.95,109.6,No,0-12,21.92,1,0
Female,1,Yes,No,37,Yes,No,No,No internet service,No internet service,No internet service,No internet service,No internet service,No internet service,One year,No,Mailed check,19.6,727.8,No,25-48,19.67027027027027,1,0
Male,0,No,No,3,No,No phone service,DSL,No,No,Yes,No,Yes,No,Month-to-month,Yes,Mailed check,40.15,130.75,Yes,0-12,43.583333333333336,2,1
Female,0,No,Yes,12,Yes,Yes,Fiber optic,No,No,No,No,No,No,Month-to-month,Yes,Electronic check,76.6,893.0,No,0-12,74.41666666666667,2,1
Female,0,Yes,Yes,38,Yes,No,No,No internet service,No internet service,No internet service,No internet service,No internet service,No internet service,One year,No,Credit card (automatic),19.6,763.1,No,25-48,20.08157894736842,1,0
Female,0,No,No,9,Yes,No,Fiber optic,No,No,Yes,No,No,Yes,Month-to-month,Yes,Credit card (automatic),85.3,781.4,No,0-12,86.82222222222222,3,1
Male,0,Yes,No,13,Yes,Yes,DSL,Yes,No,No,No,No,Yes,Month-to-month,Yes,Electronic check,65.85,902.25,No,13-24,69.40384615384616,4,1
Male,1,Yes,No,29,Yes,Yes,Fiber optic,No,No,No,No,Yes,Yes,Month-to-month,Yes,Electronic check,94.45,2653.65,Yes,25-48,91.5051724137931,4,1
Female,0,Yes,Yes,47,Yes,No,No,No internet service,No internet service,No internet service,No internet service,No internet service,No internet service,Two year,No,Credit card (automatic),20.05,1016.7,No,25-48,21.631914893617022,1,0
Male,0,Yes,No,61,Yes,Yes,Fiber optic,Yes,No,Yes,Yes,Yes,No,Month-to-month,No,Bank transfer (automatic),99.4,5943.65,No,60+,97.43688524590164,6,1
Male,0,No,No,16,Yes,No,No,No internet service,No internet service,No internet service,No internet service,No internet service,No internet service,Month-to-month,No,Mailed check,20.0,275.7,No,13-24,17.23125,1,0
Female,0,Yes,Yes,41,Yes,No,DSL,Yes,Yes,No,Yes,Yes,Yes,Two year,No,Electronic check,78.45,3126.45,No,25-48,76.25487804878048,6,1
Female,0,No,Yes,43,Yes,Yes,No,No internet service,No internet service,No internet service,No internet service,No internet service,No internet service,Two year,Yes,Electronic check,25.1,1070.15,No,25-48,24.887209302325584,2,0
Female,0,Yes,Yes,36,Yes,Yes,Fiber optic,No,Yes,Yes,No,Yes,No,Month-to-month,Yes,Bank transfer (automatic),97.35,3457.9,Yes,25-48,96.05277777777778,5,1
Female,0,No,No,6,Yes,No,DSL,No,No,No,No,No,Yes,Month-to-month,Yes,Electronic check,55.0,340.4,No,0-12,56.73333333333333,2,1
Female,0,No,No,58,Yes,Yes,DSL,Yes,Yes,Yes,Yes,No,No,One year,Yes,Credit card (automatic),71.1,4299.2,No,49-60,74.12413793103448,6,1
Male,0,No,No,19,Yes,No,DSL,No,No,No,Yes,Yes,No,Month-to-month,Yes,Credit card (automatic),61.55,1093.2,No,13-24,57.53684210526316,3,1
Male,0,Yes,No,11,Yes,No,DSL,No,No,No,No,No,No,Month-to-month,Yes,Bank transfer (automatic),45.9,521.9,No,0-12,47.44545454545455,1,1
Female,0,No,No,39,No,No phone service,DSL,Yes,Yes,No,Yes,No,No,One year,Yes,Bank transfer (automatic),40.3,1630.4,No,25-48,41.805128205128206,3,1
Female,1,No,No,8,Yes,No,Fiber optic,No,Yes,No,No,Yes,No,Month-to-month,Yes,Electronic check,87.1,713.6,No,0-12,89.2,3,1
Female,0,No,Yes,26,Yes,Yes,DSL,No,No,No,No,No,No,Month-to-month,Yes,Mailed check,49.5,1265.65,No,25-48,48.67884615384616,2,1
Female,1,No,No,53,Yes,No,Fiber optic,No,Yes,No,No,No,No,Month-to-month,Yes,Credit card (automatic),73.8,4003.85,No,49-60,75.5443396226415,2,1
Female,0,Yes,Yes,70,Yes,No,No,No internet service,No internet service,No internet service,No internet service,No internet service,No internet service,Two year,Yes,Mailed check,19.2,1401.4,No,60+,20.02,1,0
Male,0,No,No,1,No,No phone service,DSL,No,No,No,No,Yes,Yes,Month-to-month,Yes,Mailed check,45.3,45.3,Yes,0-12,45.3,2,1
Male,0,No,No,59,Yes,Yes,No,No internet service,No internet service,No internet service,No internet service,No internet service,No internet service,Two year,No,Mailed check,25.0,1510.5,No,49-60,25.60169491525424,2,0
Male,0,No,No,2,Yes,No,Fiber optic,No,No,Yes,No,Yes,Yes,Month-to-month,No,Electronic check,94.95,178.1,Yes,0-12,89.05,4,1
Male,0,No,No,7,No,No phone service,DSL,Yes,No,Yes,No,No,No,One year,No,Mailed check,35.3,264.8,No,0-12,37.82857142857143,2,1
Female,0,No,Yes,12,Yes,No,DSL,No,No,No,No,No,No,Month-to-month,Yes,Electronic check,44.55,480.6,Yes,0-12,40.05,1,1
Male,0,Yes,Yes,59,Yes,No,DSL,No,Yes,Yes,Yes,Yes,Yes,One year,No,Credit card (automatic),76.75,4541.9,No,49-60,76.98135593220339,6,1
Male,0,Yes,Yes,61,Yes,Yes,DSL,No,No,Yes,Yes,Yes,Yes,Two year,Yes,Bank transfer (automatic),81.0,4976.15,No,60+,81.57622950819672,6,1
Male,0,Yes,Yes,72,Yes,Yes,Fiber optic,Yes,No,Yes,No,Yes,Yes,Two year,Yes,Bank transfer (automatic),105.55,7542.25,No,60+,104.75347222222224,6,1
Female,0,Yes,Yes,13,Yes,No,No,No internet service,No internet service,No internet service,No internet service,No internet service,No internet service,Month-to-month,No,Mailed check,18.8,251.25,No,13-24,19.32692307692308,1,0
Female,0,Yes,Yes,64,Yes,Yes,No,No internet service,No internet service,No internet service,No internet service,No internet service,No internet service,One year,No,Mailed check,24.9,1595.5,No,60+,24.9296875,2,0
Male,0,Yes,No,1,No,No phone service,DSL,No,No,No,No,No,No,Month-to-month,Yes,Electronic check,23.45,23.45,Yes,0-12,23.45,0,1
Female,0,No,No,10,Yes,No,DSL,No,Yes,No,Yes,No,Yes,One year,No,Mailed check,64.9,685.55,No,0-12,68.55499999999999,4,1
Female,0,Yes,Yes,65,Yes,No,DSL,Yes,Yes,Yes,No,No,No,One year,No,Bank transfer (automatic),61.35,3874.1,No,60+,59.60153846153846,4,1
Female,0,Yes,No,62,Yes,Yes,Fiber optic,Yes,Yes,Yes,Yes,Yes,Yes,Two year,No,Mailed check,113.95,6891.4,No,60+,111.1516129032258,8,1
Female,0,Yes,No,55,Yes,Yes,DSL,Yes,Yes,Yes,Yes,Yes,Yes,One year,Yes,Electronic check,90.15,4916.95,No,49-60,89.3990909090909,8,1
Female,0,Yes,No,25,Yes,Yes,DSL,No,Yes,No,No,No,No,Month-to-month,No,Electronic check,54.1,1373.0,No,25-48,54.92,3,1
Male,0,No,No,1,No,No phone service,DSL,Yes,No,No,No,No,No,Month-to-month,No,Mailed check,29.7,29.7,Yes,0-12,29.7,1,1
Male,0,No,No,1,Yes,No,DSL,Yes,No,No,No,No,No,Month-to-month,Yes,Credit card (automatic),49.8,49.8,No,0-12,49.8,2,1
Female,0,Yes,No,59,Yes,Yes,Fiber optic,No,Yes,No,No,Yes,Yes,Month-to-month,No,Electronic check,101.1,6039.9,Yes,49-60,102.37118644067796,5,1
Male,1,Yes,Yes,64,Yes,Yes,No,No internet service,No internet service,No internet service,No internet service,No internet service,No internet service,Two year,Yes,Bank transfer (automatic),24.4,1548.65,No,60+,24.19765625,2,0
Male,0,Yes,No,36,Yes,Yes,Fiber optic,No,No,No,No,Yes,Yes,Month-to-month,Yes,Bank transfer (automatic),95.0,3440.25,No,25-48,95.5625,4,1
Female,0,No,No,3,Yes,Yes,DSL,No,No,No,No,No,No,Month-to-month,Yes,Mailed check,50.65,151.3,Yes,0-12,50.43333333333334,2,1
Male,0,Yes,No,61,Yes,Yes,DSL,Yes,No,Yes,No,No,Yes,Two year,Yes,Mailed check,69.9,4226.7,No,60+,69.29016393442623,5,1
Male,0,No,Yes,26,No,No phone service,DSL,No,Yes,No,No,Yes,No,One year,Yes,Bank transfer (automatic),39.95,1023.75,No,25-48,39.375,2,1
Female,0,No,No,1,Yes,No,DSL,No,No,No,No,No,Yes,Month-to-month,Yes,Electronic check,55.4,55.4,Yes,0-12,55.4,2,1
Female,1,Yes,No,1,Yes,Yes,Fiber optic,No,Yes,No,No,Yes,No,Month-to-month,Yes,Electronic check,90.6,90.6,Yes,0-12,90.6,4,1
Male,0,Yes,Yes,68,Yes,No,Fiber optic,Yes,Yes,Yes,No,Yes,Yes,Two year,Yes,Credit card (automatic),103.25,7074.4,No,60+,104.03529411764706,6,1
Male,1,Yes,No,2,Yes,Yes,Fiber optic,No,No,No,No,Yes,No,Month-to-month,Yes,Mailed check,86.85,156.35,Yes,0-12,78.175,3,1
Female,0,Yes,No,72,Yes,Yes,Fiber optic,Yes,Yes,Yes,Yes,No,No,Two year,Yes,Bank transfer (automatic),94.25,6849.75,No,60+,95.13541666666669,6,1
Female,0,Yes,No,71,No,No phone service,DSL,No,No,Yes,Yes,No,Yes,Two year,Yes,Electronic check,47.05,3263.6,No,60+,45.96619718309859,3,1
Male,0,No,No,57,Yes,No,No,No internet service,No internet service,No internet service,No internet service,No internet service,No internet service,Two year,No,Credit card (automatic),20.55,1252.85,No,49-60,21.979824561403507,1,0
Male,0,No,No,4,Yes,No,No,No internet service,No internet service,No internet service,No internet service,No internet service,No internet service,Month-to-month,Yes,Mailed check,19.65,67.55,No,0-12,16.8875,1,0
Female,1,No,No,1,Yes,No,Fiber optic,No,No,No,No,No,No,Month-to-month,Yes,Electronic check,70.2,70.2,No,0-12,70.2,1,1
Male,0,Yes,Yes,72,Yes,Yes,DSL,Yes,Yes,Yes,Yes,No,Yes,Two year,No,Credit card (automatic),81.0,5750.0,No,60+,79.86111111111111,7,1
Male,0,Yes,Yes,21,Yes,Yes,DSL,Yes,No,No,No,Yes,Yes,One year,Yes,Bank transfer (automatic),75.9,1549.75,No,13-24,73.79761904761905,5,1
Female,0,Yes,Yes,71,Yes,Yes,No,No internet service,No internet service,No internet service,No internet service,No internet service,No internet service,Two year,No,Bank transfer (automatic),24.7,1810.55,No,60+,25.500704225352116,2,0
Female,1,Yes,No,29,Yes,Yes,Fiber optic,No,No,Yes,No,Yes,Yes,Month-to-month,Yes,Bank transfer (automatic),99.05,2952.85,Yes,25-48,101.82241379310344,5,1
Female,1,No,No,69,Yes,Yes,Fiber optic,Yes,No,Yes,Yes,Yes,Yes,Two year,No,Credit card (automatic),110.25,7467.55,No,60+,108.22536231884058,7,1
Female,0,Yes,No,64,Yes,Yes,DSL,Yes,No,Yes,Yes,Yes,Yes,Two year,Yes,Credit card (automatic),85.0,5484.4,No,60+,85.69375,7,1
Male,0,No,No,16,Yes,No,No,No internet service,No internet service,No internet service,No internet service,No internet service,No internet service,Month-to-month,No,Credit card (automatic),19.75,294.9,No,13-24,18.43125,1,0
Female,0,No,No,4,Yes,Yes,No,No internet service,No internet service,No internet service,No internet service,No internet service,No internet service,One year,No,Electronic check,23.9,97.5,No,0-12,24.375,2,0
Female,0,No,No,52,Yes,Yes,Fiber optic,Yes,Yes,No,Yes,Yes,Yes,One year,Yes,Credit card (automatic),111.25,5916.45,Yes,49-60,113.7778846153846,7,1
Male,0,No,No,2,Yes,No,DSL,Yes,No,Yes,No,No,No,Month-to-month,Yes,Mailed check,55.1,113.35,Yes,0-12,56.675,3,1
Male,0,No,No,1,Yes,No,No,No internet service,No internet service,No internet service,No internet service,No internet service,No internet service,Month-to-month,No,Mailed check,19.95,19.95,No,0-12,19.95,1,0
Male,0,No,No,18,No,No phone service,DSL,No,No,No,No,No,No,Month-to-month,No,Mailed check,25.15,476.8,No,13-24,26.48888888888889,0,1
Female,0,No,No,2,Yes,Yes,DSL,No,Yes,No,No,No,No,Month-to-month,No,Mailed check,54.15,101.65,No,0-12,50.825,3,1
Female,0,Yes,No,19,Yes,No,DSL,No,Yes,No,No,No,Yes,Month-to-month,Yes,Mailed check,59.8,1130.85,No,13-24,59.51842105263157,3,1
Female,0,No,No,40,Yes,Yes,Fiber optic,No,No,No,No,No,Yes,Month-to-month,No,Bank transfer (automatic),83.85,3532.25,No,25-48,88.30625,3,1
Female,1,Yes,Yes,66,Yes,Yes,Fiber optic,No,Yes,Yes,No,Yes,Yes,One year,Yes,Electronic check,104.9,6891.45,No,60+,104.41590909090908,6,1
Male,0,No,No,21,Yes,Yes,Fiber optic,No,No,No,No,No,No,Month-to-month,No,Mailed check,75.3,1570.7,No,13-24,74.79523809523809,2,1
Male,0,No,No,8,Yes,No,DSL,No,Yes,No,Yes,Yes,No,Month-to-month,Yes,Electronic check,66.65,520.95,No,0-12,65.11875,4,1
Female,0,Yes,Yes,72,Yes,No,Fiber optic,Yes,Yes,Yes,Yes,Yes,Yes,Two year,Yes,Credit card (automatic),109.5,7854.9,No,60+,109.09583333333332,7,1
Female,0,No,No,48,Yes,Yes,DSL,No,Yes,Yes,Yes,Yes,No,One year,Yes,Bank transfer (automatic),73.85,3581.4,No,25-48,74.6125,6,1
Male,0,No,No,69,Yes,No,No,No internet service,No internet service,No internet service,No internet service,No internet service,No internet service,Two year,Yes,Bank transfer (automatic),19.3,1447.9,No,60+,20.984057971014494,1,0
Male,0,No,No,72,Yes,Yes,Fiber optic,Yes,Yes,Yes,Yes,Yes,Yes,Two year,Yes,Electronic check,118.2,8547.15,No,60+,118.71041666666666,8,1
Female,0,No,No,14,Yes,No,DSL,No,Yes,No,No,No,No,One year,No,Credit card (automatic),51.45,727.85,No,13-24,51.989285714285714,2,1
Male,0,No,No,6,Yes,No,DSL,No,Yes,No,No,Yes,No,Month-to-month,No,Electronic check,59.45,357.6,No,0-12,59.6,3,1
Female,0,Yes,Yes,8,Yes,No,No,No internet service,No internet service,No internet service,No internet service,No internet service,No internet service,Two year,No,Bank transfer (automatic),19.5,159.35,No,0-12,19.91875,1,0
Female,0,No,No,17,Yes,No,No,No internet service,No internet service,No internet service,No internet service,No internet service,No internet service,One year,No,Mailed check,19.55,280.85,No,13-24,16.52058823529412,1,0
Male,0,No,No,65,Yes,Yes,Fiber optic,Yes,No,No,Yes,No,Yes,One year,No,Electronic check,93.55,6069.25,No,60+,93.37307692307692,5,1
Female,0,Yes,Yes,57,Yes,No,DSL,Yes,No,Yes,Yes,No,No,One year,Yes,Mailed check,59.3,3274.35,No,49-60,57.444736842105264,4,1
Male,0,Yes,No,13,Yes,Yes,Fiber optic,No,No,Yes,No,Yes,Yes,Month-to-month,Yes,Credit card (automatic),102.25,1359.0,Yes,13-24,104.53846153846152,5,1
Male,1,No,No,19,Yes,No,Fiber optic,No,No,Yes,No,Yes,Yes,Month-to-month,Yes,Credit card (automatic),95.9,1777.9,Yes,13-24,93.57368421052632,4,1
Female,0,Yes,No,56,Yes,Yes,Fiber optic,Yes,Yes,Yes,No,Yes,Yes,One year,No,Bank transfer (automatic),109.8,6109.65,No,49-60,109.10089285714284,7,1
Female,0,Yes,No,14,Yes,No,Fiber optic,No,No,No,No,No,Yes,Month-to-month,Yes,Electronic check,78.1,1122.4,No,13-24,80.17142857142858,2,1
Male,0,Yes,No,52,No,No phone service,DSL,Yes,No,No,No,No,Yes,Month-to-month,Yes,Electronic check,39.9,2020.9,No,49-60,38.86346153846154,2,1
Female,0,No,No,58,Yes,No,DSL,Yes,Yes,Yes,Yes,No,No,Two year,Yes,Credit card (automatic),64.9,3795.45,No,49-60,65.43879310344828,5,1
Female,1,No,No,47,Yes,Yes,Fiber optic,No,Yes,No,Yes,Yes,No,Month-to-month,Yes,Electronic check,95.05,4504.55,Yes,25-48,95.84148936170212,5,1
Female,0,No,No,67,No,No phone service,DSL,No,No,Yes,Yes,Yes,Yes,Month-to-month,Yes,Credit card (automatic),53.4,3579.15,No,60+,53.42014925373135,4,1
Male,0,No,No,2,No,No phone service,DSL,No,No,No,No,No,No,Month-to-month,Yes,Credit card (automatic),24.9,49.7,No,0-12,24.85,0,1
Male,1,No,No,6,Yes,No,DSL,No,No,No,No,No,No,Month-to-month,No,Credit card (automatic),44.7,276.5,No,0-12,46.083333333333336,1,1
Male,0,Yes,Yes,71,Yes,Yes,Fiber optic,Yes,Yes,Yes,Yes,Yes,Yes,Two year,Yes,Bank transfer (automatic),114.0,8175.9,No,60+,115.15352112676057,8,1
Female,0,Yes,Yes,46,Yes,No,No,No internet service,No internet service,No internet service,No internet service,No internet service,No internet service,Two year,No,Bank transfer (automatic),20.25,890.35,No,25-48,19.355434782608697,1,0
Female,0,No,No,5,Yes,No,DSL,Yes,No,No,Yes,No,No,Month-to-month,No,Credit card (automatic),53.85,259.8,Yes,0-12,51.96,3,1
Male,1,Yes,No,67,Yes,Yes,Fiber optic,Yes,Yes,No,No,No,No,Month-to-month,No,Bank transfer (automatic),83.85,5588.8,No,60+,83.41492537313434,4,1
Male,0,No,Yes,3,Yes,No,No,No internet service,No internet service,No internet service,No internet service,No internet service,No internet service,Month-to-month,No,Bank transfer (automatic),20.2,50.6,No,0-12,16.866666666666667,1,0
Female,0,No,No,3,Yes,No,No,No internet service,No internet service,No internet service,No internet service,No internet service,No internet service,Month-to-month,No,Mailed check,19.95,58.0,No,0-12,19.33333333333333,1,0
Male,1,Yes,No,52,Yes,Yes,Fiber optic,Yes,No,Yes,No,Yes,Yes,Month-to-month,Yes,Electronic check,104.2,5568.35,Yes,49-60,107.08365384615384,6,1
Female,0,Yes,No,42,Yes,Yes,DSL,No,No,No,No,No,No,Month-to-month,Yes,Electronic check,50.25,2203.65,Yes,25-48,52.46785714285714,2,1
Male,0,Yes,Yes,50,Yes,No,No,No internet service,No internet service,No internet service,No internet service,No internet service,No internet service,One year,Yes,Mailed check,20.35,938.95,No,49-60,18.779,1,0
Male,1,Yes,No,23,Yes,No,Fiber optic,Yes,Yes,No,No,No,Yes,Month-to-month,Yes,Electronic check,90.0,2024.1,No,13-24,88.00434782608696,4,1
Female,0,Yes,Yes,67,No,No phone service,DSL,Yes,Yes,Yes,Yes,Yes,No,Two year,No,Credit card (automatic),54.2,3623.95,No,60+,54.08880597014925,5,1
Female,0,No,No,25,Yes,No,Fiber optic,No,Yes,Yes,No,Yes,Yes,Month-to-month,Yes,Electronic check,99.5,2369.05,Yes,25-48,94.762,5,1
Female,1,Yes,No,39,Yes,No,Fiber optic,Yes,Yes,No,No,Yes,Yes,One year,No,Mailed check,99.1,3877.95,No,25-48,99.43461538461538,5,1
Female,0,No,No,69,Yes,Yes,DSL,Yes,Yes,No,Yes,No,No,Two year,Yes,Mailed check,66.9,4577.9,No,60+,66.3463768115942,5,1
Female,0,No,No,1,No,No phone service,DSL,No,No,No,No,No,No,One year,No,Mailed check,25.85,25.85,No,0-12,25.85,0,1
Male,0,No,No,32,Yes,No,Fiber optic,No,No,No,No,Yes,Yes,Month-to-month,No,Electronic check,91.05,2871.5,No,25-48,89.734375,3,1
Female,0,No,No,9,Yes,No,Fiber optic,No,No,No,No,No,No,Month-to-month,No,Electronic check,71.0,672.55,Yes,0-12,74.72777777777777,1,1
Female,0,No,No,16,Yes,No,Fiber optic,No,Yes,Yes,No,No,Yes,Month-to-month,Yes,Credit card (automatic),93.2,1573.7,Yes,13-24,98.35625,4,1
Male,0,Yes,Yes,60,Yes,No,No,No internet service,No internet service,No internet service,No internet service,No internet service,No internet service,Two year,Yes,Bank transfer (automatic),20.95,1270.55,No,49-60,21.175833333333333,1,0
Female,0,Yes,Yes,72,Yes,Yes,Fiber optic,No,Yes,Yes,Yes,Yes,Yes,Two year,Yes,Bank transfer (automatic),109.2,7711.45,No,60+,107.10347222222222,7,1
Male,0,Yes,No,5,Yes,No,No,No internet service,No internet service,No internet service,No internet service,No internet service,No internet service,Month-to-month,No,Mailed check,19.35,126.05,Yes,0-12,25.21,1,0
Female,1,No,No,26,Yes,No,Fiber optic,Yes,No,No,No,Yes,No,Month-to-month,Yes,Credit card (automatic),85.8,2193.65,No,25-48,84.37115384615385,3,1
Male,0,No,No,3,Yes,No,No,No internet service,No internet service,No internet service,No internet service,No internet service,No internet service,Month-to-month,No,Mailed check,19.85,64.55,Yes,0-12,21.516666666666666,1,0
Male,0,No,No,2,Yes,No,No,No internet service,No internet service,No internet service,No internet service,No internet service,No internet service,Month-to-month,Yes,Electronic check,19.65,31.2,No,0-12,15.6,1,0
Female,0,No,Yes,2,Yes,No,No,No internet service,No internet service,No internet service,No internet service,No internet service,No internet service,One year,No,Bank transfer (automatic),20.5,38.25,No,0-12,19.125,1,0
Female,0,No,No,36,Yes,Yes,DSL,Yes,No,Yes,Yes,Yes,Yes,One year,Yes,Credit card (automatic),89.65,3348.1,No,25-48,93.00277777777778,7,1
Male,0,No,No,7,Yes,No,Fiber optic,Yes,No,No,No,No,No,Month-to-month,No,Mailed check,74.35,533.6,No,0-12,76.22857142857143,2,1
Female,1,Yes,No,60,No,No phone service,DSL,No,Yes,No,No,Yes,Yes,Two year,Yes,Credit card (automatic),49.45,2907.55,No,49-60,48.45916666666667,3,1
Female,0,Yes,No,19,Yes,Yes,Fiber optic,No,Yes,No,No,No,Yes,Month-to-month,Yes,Electronic check,89.1,1620.8,No,13-24,85.30526315789473,4,1
Male,1,Yes,No,45,Yes,Yes,DSL,Yes,No,Yes,Yes,No,Yes,Two year,No,Credit card (automatic),75.15,3480.35,No,25-48,77.3411111111111,6,1
Male,1,No,No,4,Yes,No,Fiber optic,No,No,No,No,No,No,Month-to-month,Yes,Electronic check,70.65,293.85,No,0-12,73.4625,1,1
Female,0,Yes,Yes,31,Yes,Yes,Fiber optic,No,No,Yes,Yes,Yes,Yes,Month-to-month,Yes,Electronic check,104.2,3243.45,Yes,25-48,104.62741935483872,6,1
Male,0,Yes,Yes,47,Yes,No,Fiber optic,Yes,No,Yes,No,No,Yes,Month-to-month,No,Electronic check,90.05,4137.2,No,25-48,88.02553191489362,4,1
Male,0,No,No,1,Yes,No,Fiber optic,No,No,No,No,No,Yes,Month-to-month,Yes,Electronic check,79.25,79.25,Yes,0-12,79.25,2,1
Female,0,No,No,1,Yes,No,DSL,No,No,No,No,No,No,Month-to-month,Yes,Bank transfer (automatic),44.9,44.9,Yes,0-12,44.9,1,1
Female,0,No,No,1,Yes,No,No,No internet service,No internet service,No internet service,No internet service,No internet service,No internet service,Month-to-month,No,Credit card (automatic),19.4,19.4,No,0-12,19.4,1,0
Female,1,Yes,Yes,59,Yes,Yes,Fiber optic,No,No,Yes,No,No,Yes,Month-to-month,Yes,Credit card (automatic),88.75,5348.65,No,49-60,90.65508474576272,4,1
Male,0,Yes,No,10,Yes,No,Fiber optic,No,No,No,No,No,No,Month-to-month,Yes,Electronic check,70.1,659.65,Yes,0-12,65.965,1,1
Male,1,No,No,35,Yes,Yes,Fiber optic,Yes,No,No,No,No,Yes,Month-to-month,No,Credit card (automatic),91.0,3180.5,No,25-48,90.87142857142857,4,1
Male,0,No,No,4,No,No phone service,DSL,No,No,Yes,No,No,No,Month-to-month,Yes,Electronic check,29.65,118.5,Yes,0-12,29.625,1,1
Male,0,Yes,Yes,32,Yes,No,Fiber optic,Yes,Yes,No,No,No,Yes,One year,Yes,Electronic check,90.8,3023.85,No,25-48,94.4953125,4,1
Male,0,No,No,43,Yes,Yes,Fiber optic,No,Yes,No,No,No,No,Month-to-month,Yes,Electronic check,77.85,3365.85,Yes,25-48,78.27558139534884,3,1
Male,0,No,No,4,Yes,No,DSL,No,No,No,No,No,Yes,Month-to-month,No,Electronic check,54.3,195.3,Yes,0-12,48.825,2,1
Female,1,Yes,No,54,Yes,No,No,No internet service,No internet service,No internet service,No internet service,No internet service,No internet service,Two year,Yes,Mailed check,18.95,1031.1,No,49-60,19.09444444444444,1,0
Female,1,No,No,11,Yes,Yes,Fiber optic,No,No,No,No,Yes,Yes,Month-to-month,Yes,Bank transfer (automatic),95.15,997.65,Yes,0-12,90.69545454545454,4,1
Female,1,No,No,66,Yes,Yes,Fiber optic,Yes,No,No,No,Yes,Yes,Two year,Yes,Bank transfer (automatic),102.4,6471.85,No,60+,98.05833333333334,5,1
Male,0,Yes,Yes,61,Yes,Yes,Fiber optic,No,No,Yes,No,Yes,Yes,One year,Yes,Electronic check,99.9,6241.35,No,60+,102.31721311475413,5,1
Male,0,Yes,Yes,72,Yes,Yes,DSL,Yes,Yes,Yes,Yes,Yes,Yes,Two year,No,Credit card (automatic),88.7,6501.35,No,60+,90.29652777777778,8,1
Male,0,Yes,Yes,44,No,No phone service,DSL,No,No,Yes,Yes,Yes,Yes,One year,Yes,Electronic check,54.3,2317.1,No,25-48,52.66136363636363,4,1
Male,0,No,No,41,Yes,Yes,DSL,No,No,Yes,No,No,No,Month-to-month,Yes,Bank transfer (automatic),55.7,2237.55,No,25-48,54.57439024390244,3,1
Male,0,Yes,No,50,Yes,Yes,Fiber optic,Yes,No,Yes,No,Yes,Yes,One year,Yes,Electronic check,103.95,5231.3,No,49-60,104.626,6,1
Male,0,Yes,No,47,Yes,Yes,Fiber optic,Yes,No,Yes,Yes,Yes,Yes,One year,Yes,Credit card (automatic),110.85,5275.8,Yes,25-48,112.25106382978724,7,1
Male,0,Yes,Yes,8,Yes,No,No,No internet service,No internet service,No internet service,No internet service,No internet service,No internet service,Two year,No,Mailed check,20.15,165.5,No,0-12,20.6875,1,0
Male,0,No,No,18,Yes,No,No,No internet service,No internet service,No internet service,No internet service,No internet service,No internet service,Month-to-month,No,Mailed check,20.05,358.5,No,13-24,19.916666666666668,1,0
Male,0,Yes,Yes,72,Yes,Yes,DSL,Yes,Yes,Yes,Yes,Yes,Yes,Two year,Yes,Credit card (automatic),91.95,6614.9,No,60+,91.8736111111111,8,1
Male,0,No,No,1,Yes,No,Fiber optic,No,No,No,No,No,Yes,Month-to-month,No,Electronic check,80.5,80.5,Yes,0-12,80.5,2,1
Female,1,No,No,42,Yes,Yes,DSL,No,No,Yes,No,No,No,Month-to-month,No,Electronic check,55.65,2421.75,No,25-48,57.660714285714285,3,1
Female,1,No,No,18,Yes,No,Fiber optic,No,Yes,No,No,No,No,Month-to-month,Yes,Electronic check,74.7,1294.6,No,13-24,71.92222222222222,2,1
Female,0,No,Yes,13,Yes,Yes,Fiber optic,No,Yes,Yes,No,Yes,Yes,One year,Yes,Credit card (automatic),104.15,1299.1,No,13-24,99.93076923076924,6,1
Female,0,Yes,Yes,68,Yes,Yes,Fiber optic,No,Yes,No,Yes,No,No,One year,Yes,Bank transfer (automatic),83.65,5733.4,No,60+,84.31470588235294,4,1
Male,0,No,No,4,Yes,Yes,Fiber optic,No,No,No,No,No,No,Month-to-month,Yes,Bank transfer (automatic),72.2,305.55,Yes,0-12,76.3875,2,1
Male,0,No,No,69,Yes,Yes,Fiber optic,Yes,Yes,Yes,No,Yes,Yes,Two year,Yes,Credit card (automatic),110.05,7430.75,No,60+,107.69202898550724,7,1
Male,0,No,No,17,Yes,No,DSL,No,No,No,Yes,No,No,Month-to-month,No,Mailed check,51.5,900.5,Yes,13-24,52.97058823529412,2,1
Male,0,Yes,Yes,25,Yes,Yes,No,No internet service,No internet service,No internet service,No internet service,No internet service,No internet service,Two year,No,Credit card (automatic),25.5,630.6,No,25-48,25.224,2,0
Male,1,No,No,43,Yes,No,Fiber optic,No,No,No,No,Yes,Yes,Month-to-month,Yes,Mailed check,89.55,3856.75,Yes,25-48,89.69186046511628,3,1
Female,0,Yes,Yes,59,Yes,No,No,No internet service,No internet service,No internet service,No internet service,No internet service,No internet service,Two year,No,Credit card (automatic),19.5,1222.65,No,49-60,20.72288135593221,1,0
Female,1,No,No,5,Yes,No,Fiber optic,Yes,Yes,No,No,No,No,Month-to-month,No,Electronic check,80.7,374.8,No,0-12,74.96000000000001,3,1
Male,0,Yes,Yes,21,Yes,Yes,DSL,Yes,Yes,No,Yes,Yes,No,One year,No,Mailed check,77.5,1625.0,Yes,13-24,77.38095238095238,6,1
Female,0,Yes,Yes,69,Yes,Yes,Fiber optic,Yes,Yes,Yes,Yes,Yes,No,One year,Yes,Credit card (automatic),105.1,7234.8,No,60+,104.85217391304349,7,1
Male,0,No,No,13,No,No phone service,DSL,No,No,No,No,No,No,Month-to-month,Yes,Bank transfer (automatic),25.15,331.85,No,13-24,25.52692307692308,0,1
Male,0,Yes,No,42,Yes,Yes,Fiber optic,No,Yes,Yes,No,Yes,No,Month-to-month,Yes,Bank transfer (automatic),95.25,3959.35,Yes,25-48,94.2702380952381,5,1
Male,0,Yes,No,52,Yes,Yes,Fiber optic,No,Yes,No,Yes,No,Yes,Month-to-month,Yes,Credit card (automatic),95.65,5088.4,No,49-60,97.85384615384616,5,1
Male,1,No,No,46,Yes,No,Fiber optic,Yes,No,No,No,No,Yes,Month-to-month,No,Electronic check,85.0,3969.4,Yes,25-48,86.29130434782608,3,1
Male,0,Yes,No,61,Yes,Yes,DSL,Yes,Yes,Yes,Yes,No,Yes,Two year,Yes,Bank transfer (automatic),80.8,4860.85,No,60+,79.68606557377049,7,1
Male,0,No,No,29,No,No phone service,DSL,No,No,No,No,No,No,One year,Yes,Mailed check,24.85,788.05,No,25-48,27.17413793103448,0,1
Female,0,No,Yes,25,Yes,No,DSL,No,Yes,No,Yes,No,No,One year,Yes,Credit card (automatic),54.75,1266.35,No,25-48,50.654,3,1
Female,0,Yes,Yes,5,Yes,No,Fiber optic,No,No,No,Yes,Yes,No,Month-to-month,Yes,Electronic check,85.75,470.95,Yes,0-12,94.19,3,1
Male,0,No,No,15,No,No phone service,DSL,No,No,Yes,No,Yes,Yes,One year,No,Electronic check,50.75,688.2,No,13-24,45.88,3,1
Female,0,Yes,Yes,19,Yes,No,No,No internet service,No internet service,No internet service,No internet service,No internet service,No internet service,Two year,No,Mailed check,20.15,387.7,No,13-24,20.405263157894737,1,0
Male,0,No,No,44,Yes,No,No,No internet service,No internet service,No internet service,No internet service,No internet service,No internet service,Two year,No,Mailed check,20.05,845.25,No,25-48,19.210227272727277,1,0
Female,1,No,No,6,Yes,Yes,Fiber optic,No,Yes,No,No,Yes,Yes,Month-to-month,Yes,Electronic check,98.25,560.6,Yes,0-12,93.43333333333334,5,1
Male,0,Yes,Yes,58,Yes,Yes,DSL,Yes,Yes,Yes,Yes,No,No,Two year,No,Credit card (automatic),71.6,4230.25,No,49-60,72.9353448275862,6,1
Male,0,Yes,Yes,62,Yes,No,Fiber optic,Yes,Yes,No,No,No,No,One year,Yes,Credit card (automatic),81.45,4983.05,No,60+,80.37177419354839,3,1
Female,0,Yes,Yes,70,No,No phone service,DSL,No,Yes,Yes,Yes,Yes,Yes,One year,Yes,Bank transfer (automatic),58.4,4113.15,No,60+,58.75928571428571,5,1
Female,1,No,No,1,No,No phone service,DSL,No,No,No,No,No,No,Month-to-month,Yes,Mailed check,25.7,25.7,Yes,0-12,25.7,0,1
Male,0,Yes,Yes,10,No,No phone service,DSL,Yes,Yes,Yes,Yes,No,Yes,Two year,No,Credit card (automatic),53.7,521.0,No,0-12,52.1,5,1
Male,0,No,No,26,Yes,No,No,No internet service,No internet service,No internet service,No internet service,No internet service,No internet service,One year,Yes,Bank transfer (automatic),19.6,471.85,No,25-48,18.148076923076925,1,0
Male,0,No,No,66,Yes,Yes,Fiber optic,No,Yes,No,No,No,Yes,Month-to-month,No,Credit card (automatic),89.4,5976.9,No,60+,90.5590909090909,4,1
Female,0,Yes,Yes,7,Yes,No,Fiber optic,No,No,No,No,No,No,Month-to-month,Yes,Electronic check,69.0,506.9,Yes,0-12,72.41428571428571,1,1
Male,0,Yes,Yes,51,Yes,Yes,Fiber optic,No,Yes,No,Yes,No,No,One year,No,Bank transfer (automatic),84.2,4299.75,No,49-60,84.30882352941177,4,1
Male,0,Yes,Yes,72,Yes,Yes,Fiber optic,Yes,Yes,Yes,Yes,Yes,No,Two year,Yes,Credit card (automatic),106.1,7548.6,No,60+,104.84166666666668,7,1
Male,0,No,No,65,Yes,Yes,No,No internet service,No internet service,No internet service,No internet service,No internet service,No internet service,Two year,No,Mailed check,25.75,1654.75,No,60+,25.45769230769231,2,0
Male,0,No,No,2,Yes,No,DSL,No,No,No,No,No,No,Month-to-month,No,Bank transfer (automatic),46.05,80.35,Yes,0-12,40.175,1,1
Male,0,No,Yes,70,Yes,Yes,DSL,Yes,Yes,No,Yes,No,No,One year,No,Bank transfer (automatic),64.95,4551.5,No,60+,65.02142857142857,5,1
Male,0,Yes,No,72,Yes,Yes,DSL,No,Yes,Yes,Yes,Yes,Yes,Two year,Yes,Credit card (automatic),85.45,6227.5,No,60+,86.49305555555556,7,1
Female,0,Yes,Yes,1,Yes,No,No,No internet service,No internet service,No internet service,No internet service,No internet service,No internet service,Month-to-month,No,Mailed check,20.05,20.05,No,0-12,20.05,1,0
Female,1,Yes,No,1,Yes,No,Fiber optic,No,Yes,No,No,No,No,Month-to-month,Yes,Mailed check,76.4,76.4,Yes,0-12,76.4,2,1
Female,0,No,No,5,Yes,Yes,Fiber optic,No,No,Yes,No,Yes,Yes,Month-to-month,Yes,Electronic check,100.5,514.0,Yes,0-12,102.8,5,1
Male,0,No,No,3,Yes,No,No,No internet service,No internet service,No internet service,No internet service,No internet service,No internet service,Month-to-month,No,Mailed check,20.7,57.5,No,0-12,19.166666666666668,1,0
Male,0,No,No,58,Yes,Yes,No,No internet service,No internet service,No internet service,No internet service,No internet service,No internet service,Two year,Yes,Credit card (automatic),25.3,1474.35,No,49-60,25.419827586206896,2,0
Male,1,Yes,Yes,22,No,No phone service,DSL,Yes,No,No,No,No,Yes,Month-to-month,No,Mailed check,40.05,880.2,Yes,13-24,40.00909090909091,2,1
Male,1,Yes,No,33,Yes,Yes,Fiber optic,No,Yes,No,No,Yes,Yes,Month-to-month,Yes,Bank transfer (automatic),100.6,3270.25,No,25-48,99.09848484848484,5,1
Male,0,No,No,1,Yes,No,Fiber optic,No,No,No,No,No,No,Month-to-month,No,Electronic check,69.95,69.95,Yes,0-12,69.95,1,1
Male,1,Yes,No,54,Yes,Yes,Fiber optic,No,No,No,No,No,No,Month-to-month,No,Bank transfer (automatic),74.0,3919.15,No,49-60,72.57685185185186,2,1
Male,0,Yes,No,72,Yes,Yes,Fiber optic,No,Yes,No,No,Yes,Yes,Two year,Yes,Electronic check,99.4,7285.7,No,60+,101.19027777777778,5,1
Male,0,No,Yes,1,Yes,Yes,Fiber optic,No,No,No,No,Yes,Yes,Month-to-month,Yes,Electronic check,93.3,93.3,Yes,0-12,93.3,4,1
Male,0,No,No,3,Yes,No,DSL,No,No,Yes,No,No,No,Month-to-month,Yes,Electronic check,49.15,169.05,Yes,0-12,56.35,2,1
Female,0,Yes,Yes,72,Yes,Yes,Fiber optic,Yes,Yes,Yes,Yes,No,Yes,Two year,No,Credit card (automatic),107.45,7658.3,No,60+,106.36527777777778,7,1
Female,0,Yes,Yes,72,Yes,Yes,DSL,Yes,Yes,Yes,No,Yes,Yes,Two year,Yes,Credit card (automatic),83.6,5959.3,No,60+,82.76805555555556,7,1
Male,1,Yes,No,54,Yes,Yes,Fiber optic,No,No,Yes,No,Yes,Yes,Month-to-month,Yes,Credit card (automatic),99.05,5295.7,No,49-60,98.06851851851852,5,1
Female,0,Yes,No,59,Yes,Yes,DSL,No,Yes,No,Yes,Yes,Yes,One year,Yes,Electronic check,80.1,4693.2,No,49-60,79.5457627118644,6,1
Male,0,No,No,54,Yes,No,DSL,Yes,Yes,No,No,Yes,No,Two year,Yes,Bank transfer (automatic),65.3,3512.9,No,49-60,65.0537037037037,4,1
Male,0,No,No,60,Yes,Yes,Fiber optic,No,No,Yes,No,Yes,No,Two year,Yes,Electronic check,89.55,5231.2,No,49-60,87.18666666666667,4,1
Female,0,Yes,No,60,No,No phone service,DSL,No,Yes,Yes,Yes,Yes,Yes,Two year,No,Credit card (automatic),60.8,3603.45,No,49-60,60.0575,5,1
Male,0,No,No,3,Yes,Yes,Fiber optic,No,No,No,No,No,No,Month-to-month,No,Electronic check,74.5,217.45,No,0-12,72.48333333333333,2,1
Female,0,Yes,No,69,Yes,Yes,Fiber optic,Yes,No,No,No,Yes,Yes,Two year,No,Bank transfer (automatic),99.15,6875.35,No,60+,99.6427536231884,5,1
Female,0,Yes,Yes,1,Yes,No,No,No internet service,No internet service,No internet service,No internet service,No internet service,No internet service,Month-to-month,No,Electronic check,19.25,19.25,No,0-12,19.25,1,0
Male,0,Yes,Yes,50,No,No phone service,DSL,Yes,No,No,No,Yes,No,Month-to-month,Yes,Credit card (automatic),39.45,2021.35,No,49-60,40.427,2,1
Female,0,No,No,56,No,No phone service,DSL,No,No,No,No,Yes,Yes,Month-to-month,Yes,Credit card (automatic),44.85,2564.95,No,49-60,45.802678571428565,2,1
Female,0,Yes,No,60,Yes,No,Fiber optic,Yes,No,No,Yes,Yes,Yes,Two year,Yes,Electronic check,97.2,5611.75,No,49-60,93.52916666666668,5,1
Male,1,Yes,No,69,Yes,Yes,Fiber optic,Yes,No,Yes,Yes,Yes,Yes,One year,Yes,Mailed check,110.55,7610.1,No,60+,110.2913043478261,7,1
Female,0,No,No,1,No,No phone service,DSL,No,No,No,No,No,Yes,Month-to-month,No,Mailed check,35.05,35.05,Yes,0-12,35.05,1,1
Female,1,No,No,1,Yes,No,Fiber optic,No,Yes,No,No,No,No,Month-to-month,Yes,Electronic check,73.0,73.0,Yes,0-12,73.0,2,1
Female,0,Yes,No,3,Yes,No,No,No internet service,No internet service,No internet service,No internet service,No internet service,No internet service,Month-to-month,Yes,Mailed check,19.9,45.75,No,0-12,15.25,1,0
Male,0,Yes,Yes,60,Yes,No,DSL,No,Yes,No,Yes,Yes,Yes,Two year,No,Bank transfer (automatic),76.95,4543.95,No,49-60,75.7325,5,1
Female,0,No,No,13,No,No phone service,DSL,No,No,Yes,Yes,No,No,Two year,No,Mailed check,35.4,450.4,No,13-24,34.646153846153844,2,1
Male,0,Yes,Yes,62,Yes,No,No,No internet service,No internet service,No internet service,No internet service,No internet service,No internet service,Two year,No,Bank transfer (automatic),20.45,1297.35,No,60+,20.925,1,0
Female,0,No,No,45,Yes,Yes,Fiber optic,Yes,Yes,No,No,No,Yes,One year,No,Bank transfer (automatic),96.75,4442.75,No,25-48,98.72777777777776,5,1
Female,0,No,No,25,No,No phone service,DSL,No,No,Yes,Yes,Yes,Yes,One year,No,Electronic check,54.2,1423.15,No,25-48,56.926,4,1
Male,0,No,No,44,Yes,No,Fiber optic,No,No,Yes,Yes,Yes,Yes,Two year,No,Bank transfer (automatic),100.1,4378.35,No,25-48,99.50795454545457,5,1
Female,0,No,No,2,Yes,No,DSL,No,No,No,No,No,No,Month-to-month,Yes,Mailed check,45.25,74.2,No,0-12,37.1,1,1
Male,1,No,No,33,Yes,Yes,Fiber optic,No,Yes,Yes,No,No,No,Month-to-month,Yes,Credit card (automatic),83.85,2716.3,Yes,25-48,82.31212121212121,4,1
Female,0,No,No,1,Yes,No,Fiber optic,No,No,No,No,No,No,Month-to-month,Yes,Electronic check,70.1,70.1,Yes,0-12,70.1,1,1
Female,0,No,No,22,Yes,No,No,No internet service,No internet service,No internet service,No internet service,No internet service,No internet service,One year,No,Bank transfer (automatic),20.85,450.65,No,13-24,20.48409090909091,1,0
Female,0,No,No,35,No,No phone service,DSL,No,No,Yes,Yes,No,No,Month-to-month,Yes,Mailed check,33.45,1175.85,No,25-48,33.59571428571428,2,1
Female,0,Yes,Yes,29,Yes,No,No,No internet service,No internet service,No internet service,No internet service,No internet service,No internet service,Two year,No,Mailed check,20.2,558.8,No,25-48,19.268965517241377,1,0
Male,1,Yes,No,27,Yes,Yes,Fiber optic,Yes,No,Yes,No,No,No,One year,Yes,Electronic check,85.9,2220.1,No,25-48,82.22592592592592,4,1
Male,0,No,Yes,54,Yes,No,DSL,No,Yes,Yes,Yes,No,No,One year,Yes,Electronic check,61.0,3283.05,No,49-60,60.797222222222224,4,1
Female,1,No,No,2,Yes,No,Fiber optic,No,No,No,No,No,No,Month-to-month,Yes,Electronic check,70.65,142.35,Yes,0-12,71.175,1,1
Male,0,No,No,57,Yes,Yes,Fiber optic,No,No,No,No,Yes,No,One year,Yes,Electronic check,86.9,4939.25,No,49-60,86.65350877192982,3,1
Male,0,No,No,62,Yes,Yes,DSL,Yes,Yes,Yes,Yes,No,No,Two year,No,Bank transfer (automatic),69.4,4237.5,No,60+,68.34677419354838,6,1
Female,0,Yes,Yes,15,Yes,No,No,No internet service,No internet service,No internet service,No internet service,No internet service,No internet service,One year,No,Credit card (automatic),20.35,335.95,No,13-24,22.396666666666665,1,0
Male,0,No,No,2,Yes,No,No,No internet service,No internet service,No internet service,No internet service,No internet service,No internet service,Month-to-month,No,Mailed check,20.35,33.2,Yes,0-12,16.6,1,0
Female,0,Yes,No,70,Yes,Yes,Fiber optic,No,No,Yes,Yes,Yes,Yes,Two year,Yes,Bank transfer (automatic),104.3,7188.5,No,60+,102.69285714285714,6,1
Female,0,Yes,Yes,21,Yes,No,DSL,No,No,No,No,No,No,Month-to-month,Yes,Electronic check,44.95,926.25,No,13-24,44.10714285714285,1,1
Female,0,No,Yes,23,Yes,No,DSL,No,No,No,Yes,No,No,One year,Yes,Electronic check,49.45,1119.35,No,13-24,48.667391304347824,2,1
Male,0,No,No,6,Yes,No,No,No internet service,No internet service,No internet service,No internet service,No internet service,No internet service,One year,No,Mailed check,20.6,116.6,No,0-12,19.433333333333334,1,0
Male,0,Yes,Yes,4,Yes,No,No,No internet service,No internet service,No internet service,No internet service,No internet service,No internet service,Two year,No,Credit card (automatic),19.55,68.8,No,0-12,17.2,1,0
Female,0,No,No,3,Yes,No,Fiber optic,Yes,No,Yes,No,Yes,Yes,Month-to-month,Yes,Credit card (automatic),99.0,287.4,Yes,0-12,95.8,5,1
Female,0,No,No,23,Yes,Yes,Fiber optic,No,No,No,No,Yes,Yes,Month-to-month,Yes,Electronic check,93.5,2341.55,No,13-24,101.80652173913045,4,1
Male,0,No,No,26,No,No phone service,DSL,Yes,No,No,Yes,Yes,Yes,One year,No,Credit card (automatic),54.55,1362.85,No,25-48,52.41730769230769,4,1
Female,0,No,Yes,8,Yes,No,No,No internet service,No internet service,No internet service,No internet service,No internet service,No internet service,Month-to-month,No,Mailed check,20.05,163.6,No,0-12,20.45,1,0
Male,0,No,No,26,Yes,Yes,Fiber optic,No,No,No,No,No,Yes,Month-to-month,Yes,Electronic check,83.95,2254.2,Yes,25-48,86.69999999999999,3,1
Male,0,No,No,2,Yes,Yes,Fiber optic,No,Yes,No,No,No,No,Month-to-month,Yes,Electronic check,79.45,145.15,No,0-12,72.575,3,1
Male,0,No,No,67,Yes,Yes,Fiber optic,Yes,Yes,Yes,Yes,Yes,Yes,Two year,No,Credit card (automatic),116.2,7752.3,Yes,60+,115.70597014925372,8,1
Female,0,Yes,No,71,Yes,Yes,Fiber optic,No,No,No,No,Yes,Yes,Two year,Yes,Bank transfer (automatic),93.7,6585.35,Yes,60+,92.75140845070425,4,1
Female,0,No,No,59,Yes,Yes,DSL,Yes,Yes,Yes,Yes,No,Yes,One year,No,Credit card (automatic),79.85,4786.1,No,49-60,81.12033898305086,7,1
Male,0,Yes,Yes,39,Yes,Yes,Fiber optic,No,No,Yes,No,Yes,Yes,One year,No,Electronic check,100.0,3835.55,No,25-48,98.3474358974359,5,1
Male,0,No,Yes,21,Yes,No,No,No internet service,No internet service,No internet service,No internet service,No internet service,No internet service,Two year,No,Mailed check,19.6,397.0,No,13-24,18.904761904761905,1,0
Male,0,No,No,1,Yes,No,No,No internet service,No internet service,No internet service,No internet service,No internet service,No internet service,Month-to-month,No,Mailed check,19.7,19.7,Yes,0-12,19.7,1,0
Female,0,Yes,Yes,48,Yes,No,No,No internet service,No internet service,No internet service,No internet service,No internet service,No internet service,Two year,No,Bank transfer (automatic),20.2,1027.25,No,25-48,21.401041666666668,1,0
Female,1,Yes,No,31,No,No phone service,DSL,Yes,Yes,Yes,No,No,Yes,One year,Yes,Credit card (automatic),50.4,1580.1,No,25-48,50.97096774193548,4,1
Female,0,Yes,Yes,64,Yes,Yes,Fiber optic,Yes,Yes,Yes,Yes,Yes,Yes,One year,No,Electronic check,113.35,7222.75,No,60+,112.85546875,8,1
Male,0,Yes,Yes,46,Yes,Yes,Fiber optic,No,Yes,No,No,No,No,Month-to-month,Yes,Bank transfer (automatic),80.0,3769.7,No,25-48,81.95,3,1
Female,0,No,No,52,Yes,Yes,DSL,No,No,Yes,Yes,Yes,Yes,Two year,Yes,Bank transfer (automatic),80.95,4233.95,No,49-60,81.42211538461538,6,1
Female,0,Yes,Yes,67,Yes,Yes,No,No internet service,No internet service,No internet service,No internet service,No internet service,No internet service,Two year,Yes,Mailed check,24.9,1680.25,No,60+,25.078358208955223,2,0
Female,1,No,No,67,Yes,Yes,DSL,No,Yes,No,No,No,No,Month-to-month,No,Electronic check,54.9,3725.5,No,60+,55.6044776119403,3,1
Female,0,No,No,5,Yes,Yes,Fiber optic,No,No,No,No,No,No,Month-to-month,No,Electronic check,75.55,413.65,Yes,0-12,82.72999999999999,2,1
Female,0,Yes,No,71,Yes,Yes,Fiber optic,No,Yes,Yes,Yes,Yes,Yes,Two year,No,Electronic check,109.25,7707.7,No,60+,108.55915492957746,7,1
Female,0,No,No,9,Yes,No,Fiber optic,No,No,No,No,Yes,No,Month-to-month,Yes,Bank transfer (automatic),77.65,714.15,Yes,0-12,79.35,2,1
Female,1,No,No,26,Yes,Yes,Fiber optic,Yes,Yes,No,No,No,Yes,Month-to-month,Yes,Electronic check,95.0,2497.2,Yes,25-48,96.04615384615384,5,1
Male,0,No,No,71,Yes,Yes,Fiber optic,Yes,Yes,Yes,Yes,Yes,Yes,One year,Yes,Bank transfer (automatic),116.3,8309.55,No,60+,117.03591549295774,8,1
Female,0,No,No,32,Yes,No,No,No internet service,No internet service,No internet service,No internet service,No internet service,No internet service,Month-to-month,No,Bank transfer (automatic),19.9,601.55,No,25-48,18.7984375,1,0
Female,0,No,No,2,Yes,No,Fiber optic,No,No,No,No,No,No,Month-to-month,No,Electronic check,70.35,139.25,No,0-12,69.625,1,1
Female,0,Yes,No,71,Yes,Yes,No,No internet service,No internet service,No internet service,No internet service,No internet service,No internet service,Two year,No,Credit card (automatic),25.6,1888.25,No,60+,26.59507042253521,2,0
Female,0,No,No,60,No,No phone service,DSL,Yes,No,Yes,No,No,Yes,One year,Yes,Electronic check,44.45,2773.9,No,49-60,46.23166666666667,3,1
Female,1,No,No,55,Yes,Yes,Fiber optic,No,No,Yes,No,Yes,Yes,One year,Yes,Electronic check,100.15,5409.75,No,49-60,98.35909090909092,5,1
Male,0,No,No,54,Yes,No,Fiber optic,Yes,Yes,No,Yes,Yes,Yes,One year,Yes,Credit card (automatic),105.4,5643.4,Yes,49-60,104.5074074074074,6,1
Male,0,No,No,2,Yes,No,Fiber optic,No,No,Yes,No,Yes,Yes,Month-to-month,Yes,Electronic check,95.85,197.7,Yes,0-12,98.85,4,1
Female,0,No,No,6,Yes,Yes,Fiber optic,No,No,No,No,No,No,Month-to-month,Yes,Mailed check,73.85,401.3,No,0-12,66.88333333333334,2,1
Female,0,Yes,Yes,48,Yes,No,DSL,Yes,Yes,Yes,No,No,Yes,Two year,Yes,Credit card (automatic),70.1,3238.4,No,25-48,67.46666666666667,5,1
Male,0,Yes,Yes,63,Yes,Yes,No,No internet service,No internet service,No internet service,No internet service,No internet service,No internet service,Two year,No,Mailed check,25.25,1573.05,No,60+,24.96904761904762,2,0
Male,0,No,No,1,Yes,Yes,Fiber optic,No,Yes,No,No,No,No,Month-to-month,Yes,Electronic check,79.15,79.15,Yes,0-12,79.15,3,1
Male,0,No,Yes,12,Yes,No,No,No internet service,No internet service,No internet service,No internet service,No internet service,No internet service,Month-to-month,No,Credit card (automatic),21.05,235.8,No,0-12,19.65,1,0
Male,1,Yes,No,54,No,No phone service,DSL,No,No,No,No,No,No,Month-to-month,Yes,Bank transfer (automatic),24.95,1364.75,No,49-60,25.27314814814815,0,1
Female,0,Yes,Yes,30,Yes,No,DSL,No,No,Yes,Yes,Yes,No,One year,Yes,Electronic check,64.5,1985.15,No,25-48,66.17166666666667,4,1
Female,0,Yes,No,30,Yes,No,No,No internet service,No internet service,No internet service,No internet service,No internet service,No internet service,Month-to-month,No,Bank transfer (automatic),19.65,655.85,Yes,25-48,21.861666666666668,1,0
Female,0,No,No,4,Yes,No,Fiber optic,No,No,No,No,Yes,No,Month-to-month,Yes,Electronic check,79.0,303.15,Yes,0-12,75.7875,2,1
Female,0,No,No,40,Yes,Yes,Fiber optic,No,No,Yes,Yes,Yes,Yes,One year,Yes,Credit card (automatic),105.95,4335.2,No,25-48,108.38,6,1
Female,0,Yes,Yes,9,Yes,No,Fiber optic,No,No,No,Yes,No,No,Month-to-month,Yes,Electronic check,75.85,647.5,No,0-12,71.94444444444444,2,1
Female,0,Yes,Yes,17,Yes,No,Fiber optic,Yes,No,No,Yes,Yes,No,Month-to-month,No,Electronic check,91.85,1574.45,Yes,13-24,92.61470588235296,4,1
Female,0,No,No,62,No,No phone service,DSL,No,Yes,Yes,No,No,Yes,Two year,Yes,Credit card (automatic),43.6,2748.7,No,60+,44.33387096774193,3,1
Male,0,No,No,28,Yes,No,Fiber optic,No,Yes,No,Yes,Yes,No,One year,Yes,Bank transfer (automatic),91.25,2483.65,No,25-48,88.70178571428572,4,1
Female,0,No,No,70,Yes,Yes,DSL,Yes,Yes,Yes,Yes,Yes,Yes,Two year,No,Credit card (automatic),89.75,6367.2,No,60+,90.96,8,1
Female,0,No,No,46,Yes,No,Fiber optic,No,Yes,Yes,Yes,Yes,Yes,Two year,Yes,Bank transfer (automatic),104.4,4904.2,No,25-48,106.61304347826086,6,1
Female,0,Yes,No,23,Yes,Yes,Fiber optic,No,No,Yes,No,No,Yes,Month-to-month,No,Mailed check,90.15,2044.95,No,13-24,88.9108695652174,4,1
Male,0,Yes,Yes,47,No,No phone service,DSL,Yes,No,Yes,Yes,No,No,One year,No,Electronic check,40.3,1794.8,No,25-48,38.18723404255319,3,1
Male,0,Yes,Yes,68,Yes,No,Fiber optic,Yes,Yes,Yes,No,Yes,Yes,Two year,Yes,Bank transfer (automatic),105.25,7173.15,No,60+,105.4875,6,1
Female,1,No,No,60,Yes,Yes,Fiber optic,No,No,Yes,Yes,Yes,Yes,One year,Yes,Electronic check,106.0,6441.4,Yes,49-60,107.35666666666664,6,1
Female,0,No,Yes,67,Yes,Yes,Fiber optic,No,Yes,No,Yes,Yes,Yes,Two year,Yes,Electronic check,104.0,7039.05,No,60+,105.06044776119404,6,1
Female,0,No,No,14,Yes,No,DSL,No,No,No,Yes,Yes,Yes,Month-to-month,Yes,Electronic check,69.65,921.4,No,13-24,65.81428571428572,4,1
Male,0,Yes,Yes,57,Yes,Yes,Fiber optic,No,No,No,No,No,No,Month-to-month,Yes,Electronic check,74.3,4018.35,No,49-60,70.49736842105263,2,1
Female,0,Yes,Yes,55,Yes,Yes,Fiber optic,Yes,No,No,No,Yes,Yes,One year,No,Mailed check,100.9,5448.6,No,49-60,99.06545454545456,5,1
Male,0,No,No,1,Yes,No,No,No internet service,No internet service,No internet service,No internet service,No internet service,No internet service,Month-to-month,Yes,Mailed check,20.25,20.25,No,0-12,20.25,1,0
Male,0,No,Yes,1,Yes,No,DSL,No,No,No,Yes,No,No,Month-to-month,Yes,Mailed check,49.9,49.9,Yes,0-12,49.9,2,1
Male,0,No,No,23,Yes,Yes,Fiber optic,No,No,Yes,Yes,Yes,No,Month-to-month,Yes,Credit card (automatic),96.9,2085.45,No,13-24,90.67173913043476,5,1
Female,0,No,No,13,Yes,Yes,Fiber optic,Yes,No,No,No,Yes,Yes,Month-to-month,Yes,Electronic check,100.35,1358.85,Yes,13-24,104.52692307692308,5,1
Male,0,Yes,No,47,Yes,Yes,Fiber optic,No,Yes,Yes,No,Yes,Yes,Month-to-month,Yes,Electronic check,104.1,5135.15,No,25-48,109.25851063829786,6,1
Male,0,No,No,38,Yes,No,No,No internet service,No internet service,No internet service,No internet service,No internet service,No internet service,One year,No,Mailed check,20.1,730.1,No,25-48,19.21315789473684,1,0
Female,1,Yes,No,38,Yes,Yes,Fiber optic,No,No,No,No,No,No,Month-to-month,Yes,Bank transfer (automatic),74.95,2869.85,Yes,25-48,75.52236842105263,2,1
Female,1,No,No,2,Yes,Yes,DSL,No,Yes,No,No,No,No,Month-to-month,Yes,Credit card (automatic),56.55,118.25,No,0-12,59.125,3,1
Male,1,Yes,Yes,1,Yes,No,DSL,No,No,No,Yes,No,No,Month-to-month,Yes,Credit card (automatic),49.25,49.25,Yes,0-12,49.25,2,1
Male,0,Yes,No,15,Yes,No,Fiber optic,No,No,No,No,No,No,Month-to-month,Yes,Bank transfer (automatic),68.6,1108.6,No,13-24,73.90666666666667,1,1
Female,0,No,No,26,Yes,No,Fiber optic,No,No,No,No,No,No,Month-to-month,Yes,Credit card (automatic),69.05,1815.65,No,25-48,69.83269230769231,1,1
Female,0,Yes,Yes,35,Yes,No,No,No internet service,No internet service,No internet service,No internet service,No internet service,No internet service,Two year,No,Credit card (automatic),19.7,730.4,No,25-48,20.86857142857143,1,0
Male,0,No,Yes,3,Yes,No,No,No internet service,No internet service,No internet service,No internet service,No internet service,No internet service,Month-to-month,Yes,Mailed check,20.05,75.45,No,0-12,25.15,1,0
Male,0,Yes,Yes,50,Yes,Yes,Fiber optic,No,Yes,No,Yes,Yes,Yes,Month-to-month,No,Electronic check,103.7,5071.05,Yes,49-60,101.421,6,1
Male,0,Yes,No,42,Yes,Yes,Fiber optic,Yes,No,Yes,No,No,Yes,Month-to-month,Yes,Electronic check,94.4,4014.6,No,25-48,95.58571428571427,5,1
Male,0,Yes,No,10,Yes,No,DSL,Yes,No,No,Yes,No,No,Month-to-month,Yes,Credit card (automatic),54.95,568.85,No,0-12,56.885000000000005,3,1
Female,0,Yes,No,61,Yes,No,Fiber optic,Yes,Yes,No,Yes,No,Yes,One year,No,Bank transfer (automatic),93.7,5860.7,No,60+,96.07704918032786,5,1
Female,0,No,No,68,Yes,Yes,Fiber optic,Yes,Yes,No,Yes,Yes,Yes,Two year,No,Credit card (automatic),110.25,7279.35,No,60+,107.04926470588236,7,1
Male,0,No,No,10,Yes,No,Fiber optic,Yes,No,Yes,No,Yes,Yes,One year,Yes,Electronic check,98.9,1064.95,No,0-12,106.495,5,1
Male,0,Yes,No,65,Yes,Yes,Fiber optic,Yes,Yes,Yes,No,No,No,One year,No,Electronic check,89.75,5769.6,Yes,60+,88.76307692307692,5,1
Female,0,Yes,Yes,72,Yes,No,DSL,Yes,No,Yes,Yes,Yes,Yes,Two year,Yes,Bank transfer (automatic),80.45,5886.85,No,60+,81.76180555555555,6,1
Male,0,Yes,Yes,55,Yes,No,Fiber optic,No,Yes,No,Yes,No,No,Month-to-month,No,Electronic check,79.4,4238.45,No,49-60,77.06272727272727,3,1
Female,0,No,No,1,Yes,No,No,No internet service,No internet service,No internet service,No internet service,No internet service,No internet service,Month-to-month,Yes,Mailed check,20.3,20.3,Yes,0-12,20.3,1,0
Female,0,No,No,7,Yes,No,DSL,No,No,Yes,Yes,No,Yes,Month-to-month,No,Bank transfer (automatic),62.8,418.3,No,0-12,59.75714285714286,4,1
Female,0,No,No,2,Yes,Yes,Fiber optic,No,No,No,No,No,No,Month-to-month,Yes,Mailed check,74.9,136.05,No,0-12,68.025,2,1
Female,0,No,No,9,Yes,No,Fiber optic,Yes,No,No,No,No,No,Month-to-month,Yes,Electronic check,74.85,708.2,No,0-12,78.6888888888889,2,1
Male,0,No,Yes,27,Yes,Yes,No,No internet service,No internet service,No internet service,No internet service,No internet service,No internet service,Two year,Yes,Credit card (automatic),25.85,788.55,No,25-48,29.205555555555552,2,0
Male,1,Yes,No,7,Yes,Yes,Fiber optic,No,No,Yes,No,Yes,Yes,Month-to-month,Yes,Electronic check,101.95,700.85,Yes,0-12,100.12142857142858,5,1
Female,0,Yes,No,64,Yes,No,DSL,No,Yes,Yes,Yes,No,Yes,Two year,Yes,Mailed check,68.3,4378.8,No,60+,68.41875,5,1
Male,0,No,No,70,No,No phone service,DSL,Yes,No,Yes,Yes,No,Yes,Two year,No,Bank transfer (automatic),48.4,3442.8,No,60+,49.182857142857145,4,1
Male,1,No,No,2,Yes,Yes,Fiber optic,No,No,No,No,Yes,Yes,Month-to-month,Yes,Electronic check,94.0,181.7,Yes,0-12,90.85,4,1
Male,1,No,No,67,Yes,No,Fiber optic,Yes,Yes,No,Yes,Yes,Yes,Two year,Yes,Electronic check,105.05,7171.7,No,60+,107.04029850746268,6,1
Female,0,No,No,45,Yes,Yes,Fiber optic,No,Yes,No,No,Yes,No,Month-to-month,Yes,Credit card (automatic),89.3,4016.85,Yes,25-48,89.26333333333334,4,1
Female,0,No,No,24,Yes,Yes,No,No internet service,No internet service,No internet service,No internet service,No internet service,No internet service,Two year,No,Credit card (automatic),25.15,553.0,No,13-24,23.041666666666668,2,0
Male,0,Yes,Yes,4,Yes,No,No,No internet service,No internet service,No internet service,No internet service,No internet service,No internet service,Two year,No,Credit card (automatic),19.5,96.85,No,0-12,24.2125,1,0
Male,0,Yes,Yes,44,Yes,No,Fiber optic,No,No,Yes,No,Yes,Yes,Month-to-month,Yes,Bank transfer (automatic),92.95,4122.9,No,25-48,93.70227272727271,4,1
Female,0,Yes,Yes,72,Yes,No,No,No internet service,No internet service,No internet service,No internet service,No internet service,No internet service,Two year,Yes,Mailed check,20.7,1482.3,No,60+,20.5875,1,0
Female,0,No,No,1,Yes,No,Fiber optic,No,Yes,No,No,No,No,Month-to-month,Yes,Credit card (automatic),74.3,74.3,Yes,0-12,74.3,2,1
Male,0,No,No,66,Yes,No,No,No internet service,No internet service,No internet service,No internet service,No internet service,No internet service,Two year,No,Bank transfer (automatic),19.35,1240.8,No,60+,18.8,1,0
Male,0,No,No,1,No,No phone service,DSL,No,Yes,No,Yes,No,Yes,Month-to-month,Yes,Mailed check,44.65,44.65,Yes,0-12,44.65,3,1
Male,0,Yes,Yes,13,Yes,No,Fiber optic,Yes,No,No,No,No,Yes,Month-to-month,No,Electronic check,84.05,1095.3,Yes,13-24,84.25384615384615,3,1
Male,0,No,No,10,Yes,Yes,Fiber optic,No,Yes,No,No,No,No,Month-to-month,Yes,Bank transfer (automatic),80.7,788.8,Yes,0-12,78.88,3,1
Male,1,Yes,No,65,Yes,Yes,Fiber optic,No,Yes,Yes,No,Yes,Yes,Month-to-month,Yes,Electronic check,104.35,6578.55,No,60+,101.20846153846152,6,1
Male,0,No,Yes,1,Yes,No,No,No internet service,No internet service,No internet service,No internet service,No internet service,No internet service,Month-to-month,No,Mailed check,19.55,19.55,No,0-12,19.55,1,0
Male,0,Yes,Yes,38,Yes,No,DSL,Yes,Yes,Yes,Yes,Yes,No,One year,No,Electronic check,74.05,2802.3,No,25-48,73.74473684210527,6,1
Male,0,No,Yes,23,No,No phone service,DSL,Yes,No,Yes,Yes,No,No,Two year,No,Mailed check,40.1,857.75,No,13-24,37.29347826086956,3,1
Female,0,Yes,No,10,Yes,No,No,No internet service,No internet service,No internet service,No internet service,No internet service,No internet service,One year,No,Mailed check,20.1,184.4,No,0-12,18.44,1,0
Male,0,No,Yes,4,Yes,Yes,Fiber optic,No,Yes,No,No,Yes,Yes,Month-to-month,Yes,Electronic check,101.7,364.55,Yes,0-12,91.1375,5,1
Male,0,Yes,Yes,72,Yes,Yes,DSL,Yes,No,Yes,Yes,Yes,Yes,Two year,Yes,Credit card (automatic),83.55,6093.3,No,60+,84.62916666666666,7,1
Female,0,Yes,No,35,Yes,No,DSL,No,Yes,No,Yes,No,No,Month-to-month,No,Electronic check,56.85,1861.1,No,25-48,53.17428571428571,3,1
Female,0,No,No,1,Yes,No,No,No internet service,No internet service,No internet service,No internet service,No internet service,No internet service,Month-to-month,No,Mailed check,20.4,20.4,Yes,0-12,20.4,1,0
Female,0,Yes,Yes,58,Yes,No,No,No internet service,No internet service,No internet service,No internet service,No internet service,No internet service,Two year,No,Credit card (automatic),19.55,1079.65,No,49-60,18.614655172413794,1,0
Male,0,Yes,Yes,70,Yes,No,Fiber optic,No,Yes,Yes,Yes,Yes,Yes,One year,Yes,Electronic check,106.15,7475.1,No,60+,106.78714285714288,6,1
Male,0,Yes,Yes,38,Yes,Yes,DSL,No,Yes,Yes,No,Yes,Yes,One year,No,Credit card (automatic),78.95,2862.55,No,25-48,75.33026315789475,6,1
Female,0,Yes,Yes,60,No,No phone service,DSL,No,Yes,No,No,Yes,Yes,Month-to-month,Yes,Electronic check,49.75,3069.45,No,49-60,51.1575,3,1
Male,0,No,No,26,Yes,Yes,Fiber optic,Yes,Yes,No,No,Yes,No,Month-to-month,Yes,Credit card (automatic),92.4,2349.8,No,25-48,90.37692307692308,5,1
Female,0,No,No,8,Yes,No,DSL,Yes,Yes,No,Yes,No,No,One year,No,Bank transfer (automatic),58.2,469.25,No,0-12,58.65625,4,1
Male,0,Yes,Yes,41,Yes,Yes,Fiber optic,No,No,Yes,Yes,Yes,Yes,One year,Yes,Electronic check,102.6,4213.35,Yes,25-48,102.76463414634148,6,1
Female,1,Yes,No,36,Yes,Yes,Fiber optic,No,Yes,No,No,Yes,No,Month-to-month,Yes,Credit card (automatic),91.95,3301.05,No,25-48,91.69583333333334,4,1
Male,1,No,No,54,Yes,No,DSL,No,No,Yes,Yes,No,Yes,One year,No,Bank transfer (automatic),65.25,3529.95,No,49-60,65.36944444444444,4,1
Male,0,Yes,Yes,71,Yes,Yes,Fiber optic,No,Yes,Yes,No,Yes,Yes,Two year,Yes,Bank transfer (automatic),106.0,7723.7,Yes,60+,108.78450704225352,6,1
Female,0,No,No,55,Yes,Yes,Fiber optic,No,No,No,No,No,No,Month-to-month,Yes,Electronic check,73.1,4144.9,No,49-60,75.36181818181818,2,1
Female,0,No,No,72,Yes,Yes,DSL,Yes,Yes,No,No,No,No,Two year,No,Bank transfer (automatic),59.75,4265.0,No,60+,59.23611111111112,4,1
Female,0,No,Yes,3,Yes,No,DSL,Yes,No,No,Yes,No,No,Month-to-month,Yes,Mailed check,55.1,154.65,Yes,0-12,51.55,3,1
Female,0,Yes,Yes,54,Yes,Yes,DSL,No,Yes,Yes,No,No,No,Two year,Yes,Bank transfer (automatic),59.8,3246.45,No,49-60,60.11944444444444,4,1
Male,0,Yes,Yes,72,Yes,Yes,Fiber optic,Yes,Yes,Yes,Yes,Yes,Yes,Two year,Yes,Bank transfer (automatic),116.6,8337.45,No,60+,115.79791666666668,8,1
Male,0,No,No,52,Yes,Yes,Fiber optic,Yes,No,Yes,Yes,Yes,Yes,Two year,Yes,Electronic check,109.3,5731.4,No,49-60,110.21923076923076,7,1
Female,1,No,No,60,Yes,Yes,Fiber optic,Yes,No,No,No,Yes,Yes,One year,Yes,Bank transfer (automatic),101.4,6176.6,No,49-60,102.94333333333334,5,1
Female,0,No,No,39,No,No phone service,DSL,No,No,Yes,No,Yes,Yes,Month-to-month,Yes,Credit card (automatic),50.65,1905.4,No,25-48,48.85641025641026,3,1
Female,0,No,No,15,Yes,No,DSL,No,No,No,No,Yes,No,One year,No,Mailed check,56.15,931.9,No,13-24,62.126666666666665,2,1
Male,0,No,No,69,Yes,Yes,Fiber optic,No,No,Yes,Yes,Yes,Yes,Two year,Yes,Bank transfer (automatic),106.5,7348.8,Yes,60+,106.50434782608696,6,1
Male,0,Yes,Yes,43,Yes,No,No,No internet service,No internet service,No internet service,No internet service,No internet service,No internet service,One year,Yes,Mailed check,19.2,776.25,No,25-48,18.052325581395348,1,0
Female,1,No,No,63,Yes,Yes,DSL,Yes,Yes,Yes,Yes,Yes,No,One year,No,Bank transfer (automatic),83.0,5243.05,No,60+,83.22301587301588,7,1
Male,1,Yes,No,2,Yes,No,Fiber optic,No,No,No,No,No,No,Month-to-month,No,Electronic check,70.1,141.65,No,0-12,70.825,1,1
Female,0,Yes,Yes,72,Yes,No,Fiber optic,Yes,Yes,Yes,Yes,Yes,Yes,Two year,Yes,Bank transfer (automatic),108.3,7679.65,No,60+,106.66180555555556,7,1
Female,0,Yes,Yes,32,Yes,Yes,Fiber optic,No,No,Yes,No,No,Yes,Month-to-month,Yes,Bank transfer (automatic),91.05,2954.5,Yes,25-48,92.328125,4,1
Male,0,Yes,Yes,40,Yes,Yes,No,No internet service,No internet service,No internet service,No internet service,No internet service,No internet service,Two year,No,Credit card (automatic),25.25,1006.9,No,25-48,25.1725,2,0
Female,0,Yes,No,58,No,No phone service,DSL,Yes,Yes,No,No,Yes,No,One year,Yes,Electronic check,45.35,2540.1,No,49-60,43.79482758620689,3,1
Male,0,No,No,67,No,No phone service,DSL,Yes,No,No,Yes,Yes,No,Two year,No,Electronic check,43.9,3097.2,No,60+,46.22686567164179,3,1
Female,1,Yes,No,51,Yes,Yes,Fiber optic,Yes,No,No,No,No,No,Month-to-month,Yes,Electronic check,77.5,3807.35,Yes,49-60,74.65392156862745,3,1
Male,0,Yes,No,31,Yes,Yes,DSL,No,No,Yes,Yes,Yes,Yes,One year,Yes,Mailed check,79.3,2484.0,No,25-48,80.12903225806451,6,1
Male,1,Yes,No,69,Yes,Yes,Fiber optic,Yes,Yes,No,No,No,No,Month-to-month,Yes,Credit card (automatic),84.9,5785.65,No,60+,83.85,4,1
Male,0,Yes,No,32,Yes,Yes,Fiber optic,No,No,No,Yes,No,No,One year,Yes,Electronic check,79.25,2619.15,No,25-48,81.8484375,3,1
Female,0,No,No,21,Yes,No,DSL,Yes,Yes,No,Yes,Yes,No,Two year,No,Credit card (automatic),71.05,1524.85,No,13-24,72.61190476190475,5,1
Male,0,No,No,52,Yes,No,DSL,Yes,No,Yes,No,No,No,One year,No,Electronic check,53.75,2790.65,No,49-60,53.66634615384616,3,1
Female,0,Yes,Yes,72,Yes,Yes,No,No internet service,No internet service,No internet service,No internet service,No internet service,No internet service,Two year,No,Credit card (automatic),24.25,1784.5,No,60+,24.78472222222222,2,0
Female,0,Yes,No,72,No,No phone service,DSL,No,Yes,Yes,No,Yes,Yes,Two year,Yes,Electronic check,54.2,3937.45,Yes,60+,54.68680555555555,4,1
Male,0,Yes,Yes,52,No,No phone service,DSL,Yes,No,Yes,No,No,Yes,One year,No,Bank transfer (automatic),44.25,2276.1,No,49-60,43.77115384615384,3,1
Female,0,No,No,41,Yes,No,DSL,No,No,No,Yes,No,No,One year,No,Bank transfer (automatic),50.05,2029.05,No,25-48,49.4890243902439,2,1
Male,0,No,No,41,Yes,No,No,No internet service,No internet service,No internet service,No internet service,No internet service,No internet service,Two year,No,Mailed check,20.15,802.35,No,25-48,19.569512195121952,1,0
Female,0,No,No,6,Yes,No,Fiber optic,No,No,No,No,No,No,Month-to-month,Yes,Mailed check,69.25,418.4,Yes,0-12,69.73333333333333,1,1
Male,0,Yes,Yes,67,Yes,Yes,DSL,Yes,Yes,Yes,Yes,No,No,One year,Yes,Credit card (automatic),69.35,4653.25,No,60+,69.45149253731343,6,1
Female,0,Yes,Yes,16,Yes,No,No,No internet service,No internet service,No internet service,No internet service,No internet service,No internet service,Month-to-month,No,Mailed check,19.35,275.9,No,13-24,17.24375,1,0
Male,0,No,No,17,Yes,No,No,No internet service,No internet service,No internet service,No internet service,No internet service,No internet service,Two year,No,Mailed check,19.15,343.45,No,13-24,20.20294117647059,1,0
Male,0,Yes,No,35,Yes,No,DSL,Yes,Yes,Yes,No,No,No,Month-to-month,No,Mailed check,61.0,2130.45,No,25-48,60.87,4,1
Female,0,Yes,Yes,58,Yes,No,No,No internet service,No internet service,No internet service,No internet service,No internet service,No internet service,Two year,No,Credit card (automatic),20.5,1191.4,No,49-60,20.54137931034483,1,0
Male,0,No,No,1,Yes,No,DSL,No,No,Yes,No,No,No,Month-to-month,Yes,Electronic check,50.5,50.5,Yes,0-12,50.5,2,1
Male,0,Yes,Yes,52,No,No phone service,DSL,No,Yes,Yes,Yes,Yes,No,Two year,No,Mailed check,50.2,2554.0,No,49-60,49.11538461538461,4,1
Female,0,No,No,70,Yes,No,DSL,Yes,No,Yes,Yes,Yes,Yes,Two year,No,Bank transfer (automatic),79.6,5589.45,No,60+,79.84928571428571,6,1
Female,0,Yes,Yes,19,Yes,Yes,No,No internet service,No internet service,No internet service,No internet service,No internet service,No internet service,Two year,Yes,Bank transfer (automatic),24.9,467.7,No,13-24,24.61578947368421,2,0
Male,1,No,No,1,Yes,Yes,Fiber optic,No,No,No,No,No,No,Month-to-month,Yes,Electronic check,74.4,74.4,Yes,0-12,74.4,2,1
Female,0,Yes,Yes,35,Yes,No,Fiber optic,Yes,No,Yes,Yes,Yes,Yes,Month-to-month,Yes,Electronic check,106.9,3756.45,No,25-48,107.32714285714285,6,1
Female,0,No,No,32,Yes,Yes,Fiber optic,No,No,Yes,No,Yes,Yes,Month-to-month,Yes,Electronic check,101.35,3334.9,No,25-48,104.215625,5,1
Female,0,Yes,Yes,17,Yes,No,DSL,Yes,No,No,Yes,No,No,Month-to-month,Yes,Credit card (automatic),55.35,920.5,No,13-24,54.14705882352941,3,1
Female,0,Yes,Yes,67,Yes,No,DSL,No,Yes,No,No,No,No,One year,No,Credit card (automatic),50.55,3431.75,No,60+,51.22014925373134,2,1
Female,0,No,No,9,Yes,No,No,No internet service,No internet service,No internet service,No internet service,No internet service,No internet service,Month-to-month,No,Bank transfer (automatic),19.5,150.35,No,0-12,16.705555555555556,1,0
Male,0,No,Yes,31,Yes,Yes,DSL,No,Yes,No,Yes,Yes,Yes,One year,Yes,Mailed check,79.45,2587.7,Yes,25-48,83.47419354838709,6,1
Male,0,No,No,4,Yes,Yes,Fiber optic,Yes,No,No,No,Yes,No,Month-to-month,No,Electronic check,90.65,367.95,No,0-12,91.9875,4,1
Male,1,Yes,Yes,58,Yes,Yes,Fiber optic,Yes,Yes,No,Yes,No,No,One year,Yes,Bank transfer (automatic),89.85,5125.75,No,49-60,88.375,5,1
Male,0,No,No,60,Yes,No,DSL,Yes,No,Yes,Yes,Yes,Yes,One year,No,Mailed check,79.0,4801.1,No,49-60,80.01833333333335,6,1
Male,0,No,No,58,Yes,Yes,Fiber optic,No,No,Yes,Yes,Yes,Yes,One year,Yes,Electronic check,104.65,6219.6,Yes,49-60,107.2344827586207,6,1
Male,0,No,No,1,Yes,No,No,No internet service,No internet service,No internet service,No internet service,No internet service,No internet service,Month-to-month,No,Mailed check,19.55,19.55,No,0-12,19.55,1,0
Female,0,Yes,Yes,27,Yes,No,No,No internet service,No internet service,No internet service,No internet service,No internet service,No internet service,Two year,No,Mailed check,19.9,550.1,No,25-48,20.374074074074077,1,0
Male,1,Yes,Yes,66,Yes,Yes,Fiber optic,Yes,Yes,Yes,Yes,Yes,Yes,One year,Yes,Electronic check,116.25,7862.25,No,60+,119.125,8,1
Male,0,No,No,15,Yes,Yes,Fiber optic,Yes,No,No,No,Yes,No,Month-to-month,Yes,Bank transfer (automatic),87.75,1242.2,No,13-24,82.81333333333333,4,1
Male,1,Yes,No,47,Yes,Yes,Fiber optic,No,No,Yes,No,Yes,Yes,Month-to-month,Yes,Electronic check,100.05,4871.05,Yes,25-48,103.63936170212766,5,1
Female,0,No,No,41,Yes,Yes,Fiber optic,Yes,No,No,No,No,No,Month-to-month,Yes,Credit card (automatic),81.3,3190.65,No,25-48,77.82073170731708,3,1
Male,0,Yes,No,59,No,No phone service,DSL,No,No,No,No,Yes,Yes,Month-to-month,Yes,Electronic check,44.3,2666.75,No,49-60,45.19915254237288,2,1
Female,0,No,Yes,50,Yes,No,Fiber optic,No,No,No,No,No,No,Two year,No,Credit card (automatic),70.35,3533.6,No,49-60,70.672,1,1
Male,0,Yes,Yes,17,No,No phone service,DSL,Yes,No,Yes,No,Yes,No,One year,No,Credit card (automatic),44.45,792.15,No,13-24,46.59705882352941,3,1
Male,0,Yes,Yes,6,Yes,No,DSL,Yes,No,No,No,No,No,Month-to-month,Yes,Electronic check,49.15,295.65,No,0-12,49.275,2,1
Male,1,Yes,No,51,No,No phone service,DSL,No,Yes,No,No,No,No,Month-to-month,Yes,Credit card (automatic),29.45,1459.35,No,49-60,28.61470588235294,1,1
Male,0,No,No,44,Yes,No,Fiber optic,No,Yes,No,Yes,Yes,Yes,Month-to-month,No,Electronic check,100.55,4398.15,Yes,25-48,99.95795454545454,5,1
Male,0,Yes,No,49,Yes,No,Fiber optic,No,Yes,No,No,Yes,No,Month-to-month,Yes,Credit card (automatic),85.3,4297.95,No,49-60,87.71326530612245,3,1
Male,0,No,No,2,Yes,No,Fiber optic,No,Yes,No,No,Yes,Yes,Month-to-month,No,Electronic check,95.65,167.3,Yes,0-12,83.65,4,1
Male,0,Yes,No,59,Yes,Yes,DSL,Yes,No,No,Yes,No,Yes,One year,Yes,Mailed check,69.1,4096.9,No,49-60,69.43898305084745,5,1
Male,1,No,No,50,Yes,Yes,DSL,Yes,Yes,No,No,Yes,No,Month-to-month,Yes,Bank transfer (automatic),70.35,3454.6,No,49-60,69.092,5,1
Female,0,Yes,Yes,59,Yes,No,No,No internet service,No internet service,No internet service,No internet service,No internet service,No internet service,Two year,No,Mailed check,20.6,1286.0,No,49-60,21.79661016949153,1,0
Male,0,No,No,18,Yes,Yes,Fiber optic,No,No,No,No,No,No,Month-to-month,No,Mailed check,74.15,1387.0,No,13-24,77.05555555555556,2,1
Male,0,No,No,10,Yes,Yes,Fiber optic,No,No,No,No,No,No,Month-to-month,No,Electronic check,75.05,786.3,No,0-12,78.63,2,1
Male,0,Yes,No,14,Yes,No,DSL,No,No,No,No,No,No,One year,No,Electronic check,44.6,641.25,No,13-24,45.80357142857143,1,1
Male,0,No,No,35,Yes,No,No,No internet service,No internet service,No internet service,No internet service,No internet service,No internet service,Two year,No,Bank transfer (automatic),21.45,705.45,No,25-48,20.15571428571429,1,0
Male,0,Yes,Yes,8,Yes,No,DSL,No,No,No,No,No,No,One year,Yes,Mailed check,43.45,345.5,No,0-12,43.1875,1,1
Male,0,Yes,Yes,18,Yes,No,No,No internet service,No internet service,No internet service,No internet service,No internet service,No internet service,One year,No,Bank transfer (automatic),20.05,345.9,No,13-24,19.216666666666665,1,0
Female,0,Yes,Yes,60,Yes,Yes,Fiber optic,Yes,Yes,No,No,Yes,No,One year,No,Bank transfer (automatic),94.15,5811.8,No,49-60,96.86333333333332,5,1
Female,0,No,No,1,Yes,No,Fiber optic,No,No,Yes,No,Yes,Yes,Month-to-month,No,Electronic check,94.4,94.4,Yes,0-12,94.4,4,1
Female,0,No,No,6,Yes,No,No,No internet service,No internet service,No internet service,No internet service,No internet service,No internet service,Two year,No,Mailed check,19.55,124.45,No,0-12,20.741666666666667,1,0
Female,0,No,Yes,19,Yes,Yes,DSL,Yes,Yes,No,Yes,Yes,No,Month-to-month,Yes,Mailed check,75.9,1375.6,No,13-24,72.39999999999999,6,1
Male,0,Yes,Yes,53,Yes,Yes,DSL,Yes,Yes,No,Yes,No,No,One year,No,Bank transfer (automatic),64.15,3491.55,No,49-60,65.87830188679246,5,1
Male,1,Yes,No,72,Yes,Yes,Fiber optic,Yes,Yes,Yes,No,Yes,Yes,Two year,Yes,Bank transfer (automatic),109.55,7920.7,No,60+,110.00972222222222,7,1
Female,0,Yes,No,60,Yes,Yes,Fiber optic,No,Yes,Yes,Yes,Yes,Yes,Two year,Yes,Credit card (automatic),110.8,6640.7,No,49-60,110.67833333333331,7,1
Female,0,No,No,1,Yes,No,DSL,No,No,No,No,Yes,No,Month-to-month,Yes,Credit card (automatic),55.0,55.0,Yes,0-12,55.0,2,1
Female,0,No,Yes,13,Yes,No,DSL,No,No,Yes,Yes,No,No,Month-to-month,No,Mailed check,53.45,718.1,No,13-24,55.23846153846154,3,1
Female,0,Yes,Yes,5,Yes,No,Fiber optic,No,No,No,No,No,No,Month-to-month,No,Credit card (automatic),69.95,320.4,No,0-12,64.08,1,1
Male,0,No,No,1,Yes,Yes,Fiber optic,No,No,Yes,No,Yes,Yes,Month-to-month,Yes,Electronic check,101.45,101.45,Yes,0-12,101.45,5,1
Male,0,Yes,Yes,13,Yes,No,Fiber optic,No,No,Yes,No,Yes,Yes,Month-to-month,No,Electronic check,97.0,1334.45,No,13-24,102.65,4,1
Male,0,No,No,37,Yes,Yes,DSL,Yes,Yes,Yes,Yes,Yes,Yes,One year,Yes,Bank transfer (automatic),90.6,3358.65,No,25-48,90.77432432432433,8,1
Male,0,Yes,No,64,Yes,No,Fiber optic,Yes,No,No,No,No,No,Month-to-month,Yes,Mailed check,73.55,4764.0,No,60+,74.4375,2,1
Female,0,Yes,No,5,Yes,Yes,DSL,No,No,Yes,Yes,Yes,No,Month-to-month,No,Bank transfer (automatic),67.95,350.3,Yes,0-12,70.06,5,1
Female,0,Yes,No,61,Yes,Yes,Fiber optic,No,Yes,No,Yes,No,Yes,Two year,Yes,Bank transfer (automatic),94.35,5703.0,No,60+,93.49180327868852,5,1
Female,0,No,No,1,Yes,No,Fiber optic,No,No,No,No,No,No,Month-to-month,Yes,Electronic check,69.5,69.5,Yes,0-12,69.5,1,1
Male,0,No,No,1,Yes,No,No,No internet service,No internet service,No internet service,No internet service,No internet service,No internet service,Month-to-month,Yes,Mailed check,18.85,18.85,Yes,0-12,18.85,1,0
Male,0,No,No,26,Yes,No,No,No internet service,No internet service,No internet service,No internet service,No internet service,No internet service,One year,No,Mailed check,19.4,525.55,No,25-48,20.213461538461537,1,0
Female,0,No,No,1,Yes,No,Fiber optic,No,No,No,No,No,No,Month-to-month,Yes,Electronic check,69.2,69.2,Yes,0-12,69.2,1,1
Male,0,Yes,No,24,Yes,No,No,No internet service,No internet service,No internet service,No internet service,No internet service,No internet service,Two year,No,Mailed check,19.75,483.15,No,13-24,20.13125,1,0
Male,0,Yes,No,17,No,No phone service,DSL,No,No,Yes,Yes,Yes,Yes,One year,No,Electronic check,54.6,934.8,No,13-24,54.98823529411764,4,1
Female,0,No,Yes,26,No,No phone service,DSL,No,No,Yes,No,No,No,Month-to-month,Yes,Mailed check,29.8,786.5,No,25-48,30.25,1,1
Male,0,No,No,1,Yes,No,Fiber optic,No,No,No,No,No,No,Month-to-month,Yes,Electronic check,69.65,69.65,Yes,0-12,69.65,1,1
Male,1,Yes,No,40,Yes,Yes,Fiber optic,Yes,No,No,No,Yes,Yes,Month-to-month,No,Electronic check,101.85,4086.3,Yes,25-48,102.1575,5,1
Male,0,No,No,52,Yes,Yes,Fiber optic,No,Yes,Yes,No,Yes,Yes,Month-to-month,Yes,Electronic check,103.05,5364.8,No,49-60,103.16923076923078,6,1
Female,0,No,No,1,Yes,No,Fiber optic,No,Yes,Yes,No,No,No,Month-to-month,Yes,Electronic check,82.3,82.3,Yes,0-12,82.3,3,1
Male,0,No,No,1,Yes,No,No,No internet service,No internet service,No internet service,No internet service,No internet service,No internet service,Month-to-month,No,Mailed check,20.3,20.3,No,0-12,20.3,1,0
Female,0,No,No,21,No,No phone service,DSL,Yes,No,No,Yes,No,No,Two year,No,Mailed check,35.1,770.4,No,13-24,36.68571428571428,2,1
Female,0,Yes,No,67,Yes,Yes,Fiber optic,No,Yes,Yes,No,Yes,Yes,One year,Yes,Bank transfer (automatic),105.7,6816.95,No,60+,101.7455223880597,6,1
Female,0,Yes,Yes,44,Yes,No,DSL,Yes,No,No,Yes,No,No,Month-to-month,No,Bank transfer (automatic),56.25,2419.55,No,25-48,54.98977272727273,3,1
Male,0,Yes,Yes,70,No,No phone service,DSL,No,Yes,Yes,Yes,Yes,Yes,One year,No,Electronic check,60.35,4138.7,No,60+,59.12428571428571,5,1
Male,0,No,No,3,Yes,No,Fiber optic,No,No,No,No,Yes,No,Month-to-month,No,Electronic check,79.25,267.6,Yes,0-12,89.2,2,1
Male,0,Yes,Yes,56,Yes,No,DSL,Yes,Yes,Yes,No,No,No,Two year,Yes,Bank transfer (automatic),59.8,3457.45,No,49-60,61.740178571428565,4,1
Female,0,No,No,13,Yes,Yes,Fiber optic,No,No,No,No,No,Yes,Month-to-month,Yes,Electronic check,84.6,1115.2,Yes,13-24,85.78461538461539,3,1
Female,0,Yes,Yes,58,Yes,Yes,Fiber optic,Yes,Yes,No,No,No,Yes,Month-to-month,Yes,Bank transfer (automatic),93.4,5435.6,Yes,49-60,93.71724137931037,5,1
Female,0,Yes,Yes,42,Yes,Yes,Fiber optic,No,No,No,No,Yes,Yes,Month-to-month,Yes,Electronic check,94.2,4186.3,Yes,25-48,99.67380952380952,4,1
Male,1,Yes,No,1,No,No phone service,DSL,No,No,No,No,No,No,Month-to-month,No,Electronic check,25.05,25.05,Yes,0-12,25.05,0,1
Female,0,Yes,Yes,46,Yes,Yes,Fiber optic,Yes,No,Yes,Yes,No,Yes,Two year,No,Mailed check,99.65,4630.2,No,25-48,100.65652173913044,6,1
Female,0,Yes,Yes,63,Yes,No,DSL,Yes,No,No,No,No,No,Two year,Yes,Bank transfer (automatic),50.65,3221.25,No,60+,51.13095238095238,2,1
Male,0,No,No,11,Yes,No,DSL,No,Yes,Yes,Yes,No,No,Month-to-month,Yes,Electronic check,60.9,688.5,No,0-12,62.59090909090909,4,1
Male,0,Yes,Yes,15,Yes,Yes,DSL,No,No,Yes,Yes,No,No,Month-to-month,Yes,Bank transfer (automatic),59.65,867.1,No,13-24,57.806666666666665,4,1
Male,0,Yes,No,72,No,No phone service,DSL,Yes,Yes,Yes,Yes,Yes,Yes,Two year,Yes,Electronic check,64.7,4746.05,No,60+,65.91736111111112,6,1
Female,0,No,No,29,No,No phone service,DSL,No,No,No,No,No,No,Month-to-month,Yes,Credit card (automatic),25.1,712.85,Yes,25-48,24.58103448275862,0,1
Male,0,No,Yes,1,Yes,No,DSL,No,No,Yes,No,No,No,Month-to-month,No,Electronic check,48.95,48.95,Yes,0-12,48.95,2,1
Female,0,Yes,Yes,6,Yes,No,DSL,No,No,No,No,Yes,No,Month-to-month,No,Electronic check,54.85,355.1,No,0-12,59.18333333333334,2,1
Male,0,No,No,1,Yes,No,DSL,No,No,No,No,No,No,Month-to-month,No,Electronic check,45.3,45.3,Yes,0-12,45.3,1,1
Male,0,Yes,Yes,63,Yes,Yes,Fiber optic,No,Yes,No,No,No,Yes,One year,Yes,Electronic check,91.35,5764.7,No,60+,91.5031746031746,4,1
Male,0,No,No,2,Yes,No,Fiber optic,No,No,Yes,No,No,Yes,Month-to-month,Yes,Electronic check,85.85,167.3,Yes,0-12,83.65,3,1
Female,0,Yes,Yes,18,Yes,Yes,No,No internet service,No internet service,No internet service,No internet service,No internet service,No internet service,Two year,No,Mailed check,25.1,428.45,No,13-24,23.802777777777777,2,0
Female,0,Yes,No,43,No,No phone service,DSL,Yes,No,No,Yes,No,No,Month-to-month,No,Bank transfer (automatic),34.0,1505.35,No,25-48,35.00813953488372,2,1
Female,0,No,No,15,No,No phone service,DSL,Yes,Yes,Yes,Yes,No,No,One year,No,Mailed check,45.9,693.45,No,13-24,46.23,4,1
Male,0,No,Yes,10,Yes,Yes,Fiber optic,No,No,No,No,Yes,Yes,Month-to-month,No,Electronic check,95.2,930.4,Yes,0-12,93.04,4,1
Male,0,Yes,Yes,55,Yes,No,No,No internet service,No internet service,No internet service,No internet service,No internet service,No internet service,Two year,No,Mailed check,20.5,1177.95,No,49-60,21.417272727272728,1,0
Male,0,No,Yes,49,Yes,Yes,Fiber optic,No,No,No,Yes,Yes,Yes,One year,Yes,Bank transfer (automatic),100.6,5069.65,Yes,49-60,103.46224489795918,5,1
Male,0,Yes,Yes,6,Yes,No,DSL,No,Yes,Yes,No,No,No,Month-to-month,Yes,Mailed check,55.3,324.25,Yes,0-12,54.04166666666666,3,1
Male,0,Yes,Yes,70,Yes,No,No,No internet service,No internet service,No internet service,No internet service,No internet service,No internet service,Two year,No,Credit card (automatic),20.35,1458.1,No,60+,20.83,1,0
Male,1,No,No,2,Yes,Yes,Fiber optic,No,No,No,No,No,No,Month-to-month,Yes,Mailed check,74.85,156.4,Yes,0-12,78.2,2,1
Male,1,Yes,No,63,No,No phone service,DSL,Yes,No,No,Yes,No,No,One year,No,Bank transfer (automatic),36.1,2298.9,No,60+,36.490476190476194,2,1
Female,0,No,No,25,Yes,No,DSL,No,Yes,No,Yes,No,Yes,Month-to-month,Yes,Bank transfer (automatic),65.8,1679.65,No,25-48,67.186,4,1
Female,1,No,No,18,Yes,No,No,No internet service,No internet service,No internet service,No internet service,No internet service,No internet service,One year,No,Bank transfer (automatic),20.35,369.6,No,13-24,20.53333333333333,1,0
Male,1,Yes,No,28,Yes,Yes,Fiber optic,No,Yes,No,Yes,Yes,Yes,Month-to-month,Yes,Electronic check,105.8,2998.0,No,25-48,107.07142857142856,6,1
Female,1,No,No,53,Yes,No,Fiber optic,Yes,Yes,No,Yes,No,Yes,One year,Yes,Mailed check,96.75,5206.55,No,49-60,98.2367924528302,5,1
Male,0,No,No,35,Yes,No,Fiber optic,No,Yes,Yes,No,Yes,Yes,One year,Yes,Bank transfer (automatic),102.35,3626.1,Yes,25-48,103.60285714285716,5,1
Male,0,No,No,1,No,No phone service,DSL,No,No,No,No,No,No,Month-to-month,No,Mailed check,24.4,24.4,No,0-12,24.4,0,1
Male,0,Yes,No,70,Yes,Yes,Fiber optic,Yes,Yes,Yes,Yes,Yes,Yes,One year,No,Credit card (automatic),115.65,7968.85,Yes,60+,113.84071428571428,8,1
Male,0,No,No,2,Yes,No,Fiber optic,No,No,Yes,Yes,No,No,Month-to-month,Yes,Electronic check,79.85,152.45,Yes,0-12,76.225,3,1
Female,0,Yes,No,26,Yes,No,DSL,No,Yes,No,Yes,Yes,Yes,Month-to-month,Yes,Electronic check,73.05,1959.5,No,25-48,75.36538461538461,5,1
Female,0,No,No,34,Yes,No,DSL,Yes,Yes,No,No,No,Yes,One year,No,Electronic check,64.35,2053.05,No,25-48,60.38382352941177,4,1
Female,0,No,Yes,19,Yes,No,No,No internet service,No internet service,No internet service,No internet service,No internet service,No internet service,Two year,No,Mailed check,20.5,398.55,No,13-24,20.976315789473684,1,0
Male,0,No,No,15,Yes,Yes,Fiber optic,No,No,No,No,No,No,Month-to-month,Yes,Mailed check,76.0,1130.85,Yes,13-24,75.39,2,1
Female,0,Yes,Yes,62,Yes,No,DSL,Yes,No,Yes,No,No,No,One year,No,Credit card (automatic),54.75,3425.35,No,60+,55.247580645161285,3,1
Female,1,No,No,42,Yes,Yes,Fiber optic,No,Yes,Yes,No,Yes,Yes,Month-to-month,Yes,Bank transfer (automatic),104.75,4323.45,Yes,25-48,102.93928571428572,6,1
Female,0,No,No,9,Yes,No,DSL,Yes,Yes,No,No,Yes,Yes,Month-to-month,Yes,Electronic check,74.65,703.55,Yes,0-12,78.17222222222222,5,1
Male,0,No,No,24,Yes,No,DSL,Yes,No,No,No,No,No,Month-to-month,Yes,Electronic check,51.15,1275.7,No,13-24,53.15416666666667,2,1
Male,1,Yes,No,68,No,No phone service,DSL,Yes,Yes,Yes,No,No,No,Two year,Yes,Electronic check,41.95,2965.75,No,60+,43.6139705882353,3,1
Male,0,Yes,Yes,31,Yes,No,DSL,No,No,Yes,Yes,No,No,Month-to-month,No,Mailed check,54.35,1647.0,No,25-48,53.12903225806452,3,1
Female,0,No,No,1,Yes,No,DSL,No,No,No,No,No,Yes,Month-to-month,Yes,Electronic check,56.25,56.25,Yes,0-12,56.25,2,1
Male,0,Yes,No,21,Yes,Yes,Fiber optic,No,No,Yes,Yes,Yes,Yes,Month-to-month,Yes,Electronic check,106.1,2249.95,Yes,13-24,107.14047619047618,6,1
Female,0,Yes,No,63,Yes,No,Fiber optic,No,Yes,No,No,Yes,Yes,One year,Yes,Electronic check,96.0,6109.75,No,60+,96.98015873015872,4,1
Female,1,No,No,2,Yes,No,Fiber optic,No,No,No,No,No,Yes,Month-to-month,Yes,Bank transfer (automatic),79.75,159.4,Yes,0-12,79.7,2,1
Female,0,Yes,Yes,61,No,No phone service,DSL,No,Yes,Yes,Yes,Yes,Yes,Two year,Yes,Bank transfer (automatic),61.45,3751.15,No,60+,61.49426229508197,5,1
Female,0,No,No,1,Yes,No,Fiber optic,No,No,No,No,No,No,Month-to-month,No,Electronic check,68.65,68.65,Yes,0-12,68.65,1,1
Male,0,No,No,18,Yes,No,No,No internet service,No internet service,No internet service,No internet service,No internet service,No internet service,One year,No,Mailed check,19.65,411.25,No,13-24,22.84722222222222,1,0
Female,0,Yes,Yes,6,Yes,No,No,No internet service,No internet service,No internet service,No internet service,No internet service,No internet service,One year,No,Credit card (automatic),19.0,105.5,No,0-12,17.583333333333332,1,0
Female,0,No,No,33,Yes,Yes,Fiber optic,No,Yes,No,No,Yes,Yes,Month-to-month,Yes,Electronic check,100.0,3320.6,No,25-48,100.62424242424242,5,1
Male,0,No,No,16,Yes,No,No,No internet service,No internet service,No internet service,No internet service,No internet service,No internet service,Month-to-month,No,Bank transfer (automatic),20.25,327.45,Yes,13-24,20.465625,1,0
Female,0,Yes,No,56,Yes,No,Fiber optic,No,No,Yes,Yes,Yes,Yes,Month-to-month,Yes,Electronic check,98.7,5669.5,No,49-60,101.24107142857144,5,1
Male,0,No,Yes,23,Yes,No,No,No internet service,No internet service,No internet service,No internet service,No internet service,No internet service,One year,No,Mailed check,19.8,465.45,No,13-24,20.23695652173913,1,0
Male,0,No,No,9,Yes,No,Fiber optic,No,No,Yes,No,No,No,Month-to-month,Yes,Electronic check,73.8,704.3,No,0-12,78.25555555555555,2,1
Female,1,Yes,No,14,Yes,Yes,Fiber optic,No,Yes,No,No,Yes,Yes,Month-to-month,Yes,Electronic check,100.2,1369.8,Yes,13-24,97.84285714285714,5,1
Male,0,Yes,Yes,15,Yes,Yes,Fiber optic,No,No,No,No,No,No,Month-to-month,Yes,Bank transfer (automatic),74.9,1107.25,Yes,13-24,73.81666666666666,2,1
Male,0,No,No,5,Yes,No,No,No internet service,No internet service,No internet service,No internet service,No internet service,No internet service,Month-to-month,No,Credit card (automatic),20.05,95.55,No,0-12,19.11,1,0
Male,0,Yes,No,61,Yes,Yes,Fiber optic,Yes,Yes,No,No,Yes,Yes,Month-to-month,Yes,Electronic check,106.2,6375.2,No,60+,104.51147540983608,6,1
Male,0,Yes,Yes,70,Yes,Yes,Fiber optic,Yes,Yes,Yes,Yes,Yes,Yes,Two year,Yes,Credit card (automatic),116.55,8152.3,No,60+,116.46142857142856,8,1
Male,0,No,No,15,Yes,Yes,Fiber optic,Yes,No,No,No,Yes,Yes,Month-to-month,Yes,Electronic check,99.7,1566.75,No,13-24,104.45,5,1
Male,0,Yes,Yes,8,Yes,No,No,No internet service,No internet service,No internet service,No internet service,No internet service,No internet service,Two year,No,Mailed check,19.7,130.25,No,0-12,16.28125,1,0
Female,0,Yes,Yes,8,Yes,No,No,No internet service,No internet service,No internet service,No internet service,No internet service,No internet service,Two year,No,Mailed check,19.5,162.15,No,0-12,20.26875,1,0
Female,0,No,No,4,No,No phone service,DSL,Yes,No,No,No,No,No,Month-to-month,Yes,Mailed check,29.15,110.05,No,0-12,27.5125,1,1
Female,0,No,No,34,Yes,No,DSL,Yes,Yes,No,No,No,No,One year,No,Mailed check,55.0,1885.15,No,25-48,55.44558823529412,3,1
Male,0,Yes,No,68,Yes,Yes,DSL,Yes,Yes,Yes,Yes,Yes,Yes,Two year,Yes,Credit card (automatic),90.8,6302.85,No,60+,92.68897058823528,8,1
Female,0,Yes,Yes,45,No,No phone service,DSL,No,Yes,Yes,Yes,No,Yes,One year,No,Bank transfer (automatic),51.0,2264.5,No,25-48,50.32222222222222,4,1
Female,1,No,No,9,Yes,Yes,Fiber optic,No,No,Yes,No,Yes,No,Month-to-month,Yes,Electronic check,90.1,816.8,No,0-12,90.75555555555556,4,1
Female,0,No,No,22,Yes,Yes,DSL,Yes,No,No,Yes,No,No,Month-to-month,Yes,Mailed check,59.05,1253.5,No,13-24,56.97727272727273,4,1
Female,0,No,No,2,Yes,No,No,No internet service,No internet service,No internet service,No internet service,No internet service,No internet service,Month-to-month,No,Mailed check,20.3,41.2,No,0-12,20.6,1,0
Male,0,Yes,No,70,Yes,Yes,DSL,No,Yes,Yes,Yes,Yes,No,Two year,No,Bank transfer (automatic),72.95,5265.55,No,60+,75.22214285714286,6,1
Female,0,No,Yes,10,Yes,Yes,DSL,Yes,No,Yes,Yes,No,Yes,One year,No,Credit card (automatic),73.55,693.3,No,0-12,69.33,6,1
Male,0,No,No,72,Yes,Yes,DSL,Yes,No,Yes,Yes,Yes,Yes,Two year,No,Credit card (automatic),84.3,5997.1,No,60+,83.29305555555555,7,1
Female,0,Yes,Yes,49,Yes,No,DSL,No,Yes,Yes,No,Yes,Yes,One year,No,Credit card (automatic),78.0,3824.2,No,49-60,78.04489795918367,5,1
Female,1,No,No,54,Yes,Yes,DSL,No,Yes,No,Yes,Yes,No,One year,No,Mailed check,72.1,3886.05,No,49-60,71.96388888888889,5,1
Female,0,No,No,71,Yes,Yes,Fiber optic,Yes,Yes,Yes,No,Yes,Yes,Two year,Yes,Credit card (automatic),106.75,7283.25,No,60+,102.58098591549296,7,1
Female,0,No,No,22,Yes,No,No,No internet service,No internet service,No internet service,No internet service,No internet service,No internet service,One year,Yes,Mailed check,19.25,412.55,No,13-24,18.75227272727273,1,0
Female,0,Yes,Yes,50,Yes,No,No,No internet service,No internet service,No internet service,No internet service,No internet service,No internet service,Two year,No,Credit card (automatic),20.55,1070.25,No,49-60,21.405,1,0
Female,0,Yes,Yes,43,Yes,No,No,No internet service,No internet service,No internet service,No internet service,No internet service,No internet service,One year,No,Mailed check,20.0,817.95,No,25-48,19.022093023255817,1,0
Female,0,Yes,Yes,45,Yes,Yes,No,No internet service,No internet service,No internet service,No internet service,No internet service,No internet service,Two year,Yes,Credit card (automatic),24.65,1171.3,No,25-48,26.028888888888886,2,0
Male,1,No,No,64,Yes,Yes,Fiber optic,Yes,Yes,No,No,Yes,Yes,Month-to-month,Yes,Bank transfer (automatic),103.5,6548.65,No,60+,102.32265625,6,1
Female,0,Yes,Yes,23,Yes,Yes,No,No internet service,No internet service,No internet service,No internet service,No internet service,No internet service,Two year,No,Mailed check,23.85,625.65,No,13-24,27.20217391304348,2,0
Female,0,Yes,No,68,Yes,Yes,No,No internet service,No internet service,No internet service,No internet service,No internet service,No internet service,Two year,No,Credit card (automatic),25.8,1911.5,No,60+,28.110294117647054,2,0
Female,0,No,No,1,Yes,No,Fiber optic,No,No,No,No,No,No,Month-to-month,Yes,Electronic check,70.85,70.85,Yes,0-12,70.85,1,1
Male,0,No,No,2,Yes,No,Fiber optic,No,No,No,No,No,No,Month-to-month,Yes,Credit card (automatic),69.8,134.7,Yes,0-12,67.35,1,1
Male,0,No,No,26,Yes,No,DSL,No,No,No,Yes,Yes,No,One year,No,Credit card (automatic),59.45,1507.0,No,25-48,57.96153846153846,3,1
Male,0,Yes,No,55,No,No phone service,DSL,No,No,Yes,Yes,Yes,Yes,Month-to-month,Yes,Bank transfer (automatic),54.55,2978.3,Yes,49-60,54.150909090909096,4,1
Male,0,No,No,14,Yes,No,No,No internet service,No internet service,No internet service,No internet service,No internet service,No internet service,Month-to-month,Yes,Electronic check,20.05,299.3,No,13-24,21.37857142857143,1,0
Male,0,Yes,No,71,Yes,No,DSL,Yes,No,Yes,Yes,Yes,Yes,Two year,Yes,Electronic check,82.55,5832.65,No,60+,82.14999999999999,6,1
Male,0,No,No,64,Yes,Yes,DSL,Yes,Yes,Yes,Yes,Yes,No,One year,No,Electronic check,81.25,5567.55,No,60+,86.99296875,7,1
Female,0,No,No,7,Yes,No,DSL,No,No,No,Yes,Yes,Yes,Month-to-month,Yes,Credit card (automatic),70.75,450.8,Yes,0-12,64.4,4,1
Female,0,No,No,57,Yes,No,DSL,Yes,Yes,Yes,Yes,Yes,No,Two year,Yes,Credit card (automatic),74.3,4166.35,No,49-60,73.09385964912282,6,1
Female,0,Yes,No,13,Yes,Yes,Fiber optic,No,Yes,Yes,No,Yes,No,Month-to-month,No,Electronic check,94.1,1215.6,Yes,13-24,93.5076923076923,5,1
Female,0,Yes,Yes,3,No,No phone service,DSL,Yes,No,No,No,No,No,Month-to-month,No,Credit card (automatic),29.7,91.7,Yes,0-12,30.566666666666663,1,1
Male,1,Yes,No,72,Yes,Yes,Fiber optic,No,Yes,Yes,Yes,Yes,Yes,Two year,No,Credit card (automatic),109.7,7898.45,No,60+,109.70069444444444,7,1
Female,0,Yes,Yes,40,Yes,Yes,Fiber optic,No,Yes,Yes,No,Yes,No,Month-to-month,Yes,Credit card (automatic),96.35,3915.4,No,25-48,97.885,5,1
Male,0,Yes,No,14,Yes,Yes,DSL,No,No,No,Yes,Yes,No,Month-to-month,Yes,Credit card (automatic),66.6,979.5,No,13-24,69.96428571428571,4,1
Male,0,Yes,Yes,2,Yes,No,DSL,No,No,No,No,No,No,Month-to-month,Yes,Electronic check,44.5,90.05,No,0-12,45.025,1,1
Male,1,No,No,66,Yes,Yes,Fiber optic,No,Yes,Yes,Yes,Yes,Yes,One year,No,Credit card (automatic),110.9,7432.05,Yes,60+,112.60681818181818,7,1
Female,0,Yes,No,38,Yes,Yes,Fiber optic,No,No,Yes,Yes,Yes,Yes,Month-to-month,Yes,Electronic check,105.0,4026.4,Yes,25-48,105.9578947368421,6,1
Male,0,No,Yes,1,No,No phone service,DSL,No,No,No,No,No,No,Month-to-month,Yes,Electronic check,25.3,25.3,Yes,0-12,25.3,0,1
Male,0,No,No,22,Yes,No,DSL,No,Yes,No,Yes,No,No,One year,Yes,Credit card (automatic),55.15,1193.05,Yes,13-24,54.22954545454545,3,1
Male,0,No,No,1,Yes,No,No,No internet service,No internet service,No internet service,No internet service,No internet service,No internet service,Month-to-month,Yes,Mailed check,20.1,20.1,Yes,0-12,20.1,1,0
Male,0,No,No,5,Yes,No,Fiber optic,No,No,No,No,Yes,No,Month-to-month,Yes,Mailed check,80.1,398.55,No,0-12,79.71000000000001,2,1
Male,0,Yes,Yes,29,Yes,Yes,DSL,Yes,No,No,Yes,Yes,No,One year,No,Bank transfer (automatic),69.05,1958.45,No,25-48,67.53275862068966,5,1
Male,0,Yes,Yes,1,Yes,No,Fiber optic,No,No,No,No,No,No,Month-to-month,Yes,Mailed check,69.9,69.9,Yes,0-12,69.9,1,1
Female,0,No,No,3,Yes,No,No,No internet service,No internet service,No internet service,No internet service,No internet service,No internet service,Month-to-month,No,Mailed check,20.4,63.15,No,0-12,21.05,1,0
Male,0,Yes,Yes,71,Yes,No,No,No internet service,No internet service,No internet service,No internet service,No internet service,No internet service,Two year,No,Credit card (automatic),19.7,1301.1,No,60+,18.32535211267605,1,0
Male,0,No,Yes,9,Yes,No,DSL,No,Yes,No,No,No,No,Month-to-month,Yes,Electronic check,50.1,484.05,No,0-12,53.78333333333333,2,1
Male,0,No,No,43,Yes,Yes,Fiber optic,No,Yes,No,No,Yes,Yes,Month-to-month,Yes,Electronic check,101.4,4528.0,Yes,25-48,105.30232558139537,5,1
Female,0,No,No,48,Yes,Yes,DSL,Yes,Yes,Yes,No,Yes,Yes,One year,Yes,Credit card (automatic),83.45,3887.85,No,25-48,80.996875,7,1
Male,0,No,No,26,Yes,Yes,Fiber optic,Yes,Yes,No,No,No,No,Month-to-month,Yes,Credit card (automatic),86.65,2208.75,No,25-48,84.95192307692308,4,1
Female,0,No,No,9,Yes,No,No,No internet service,No internet service,No internet service,No internet service,No internet service,No internet service,Month-to-month,No,Bank transfer (automatic),20.15,238.15,No,0-12,26.461111111111112,1,0
Male,0,No,No,1,Yes,No,Fiber optic,No,No,No,No,No,Yes,Month-to-month,Yes,Electronic check,80.8,80.8,Yes,0-12,80.8,2,1
Female,0,Yes,Yes,46,Yes,No,No,No internet service,No internet service,No internet service,No internet service,No internet service,No internet service,Two year,No,Credit card (automatic),19.4,958.15,No,25-48,20.82934782608696,1,0
Male,0,No,No,2,Yes,Yes,DSL,No,No,No,No,No,Yes,Month-to-month,No,Bank transfer (automatic),62.05,118.3,Yes,0-12,59.15,3,1
Male,1,No,No,1,Yes,Yes,Fiber optic,No,No,No,No,No,No,Month-to-month,Yes,Electronic check,76.45,76.45,Yes,0-12,76.45,2,1
Male,0,Yes,Yes,64,No,No phone service,DSL,Yes,No,Yes,Yes,Yes,Yes,Two year,Yes,Bank transfer (automatic),60.05,3845.45,No,60+,60.08515625,5,1
Female,1,No,No,12,Yes,Yes,Fiber optic,No,Yes,No,No,Yes,No,Month-to-month,Yes,Electronic check,91.3,1094.5,Yes,0-12,91.20833333333331,4,1
Male,1,Yes,No,6,Yes,No,Fiber optic,No,No,Yes,No,Yes,Yes,Month-to-month,Yes,Electronic check,95.75,573.75,Yes,0-12,95.625,4,1
Female,0,Yes,No,59,Yes,No,No,No internet service,No internet service,No internet service,No internet service,No internet service,No internet service,One year,No,Mailed check,20.35,1267.0,No,49-60,21.47457627118644,1,0
Female,0,No,No,7,Yes,No,Fiber optic,No,Yes,No,No,Yes,Yes,One year,Yes,Mailed check,94.05,633.45,No,0-12,90.49285714285716,4,1
Female,1,Yes,No,72,Yes,Yes,DSL,Yes,Yes,Yes,No,Yes,Yes,Two year,Yes,Credit card (automatic),84.1,6129.65,No,60+,85.13402777777777,7,1
Male,1,No,No,16,Yes,No,Fiber optic,No,No,No,No,No,Yes,Month-to-month,Yes,Electronic check,78.75,1218.25,No,13-24,76.140625,2,1
Male,0,Yes,No,25,Yes,Yes,DSL,No,No,Yes,No,No,No,Month-to-month,No,Credit card (automatic),55.55,1405.3,No,25-48,56.212,3,1
Female,0,Yes,No,34,Yes,Yes,DSL,Yes,Yes,No,Yes,No,No,Month-to-month,No,Electronic check,62.65,2274.9,Yes,25-48,66.90882352941176,5,1
Female,0,No,No,1,Yes,Yes,Fiber optic,No,No,No,No,No,No,Month-to-month,Yes,Electronic check,74.5,74.5,Yes,0-12,74.5,2,1
Female,0,Yes,Yes,10,Yes,Yes,Fiber optic,No,Yes,Yes,No,Yes,Yes,Month-to-month,Yes,Credit card (automatic),102.1,1068.85,Yes,0-12,106.885,6,1
Male,0,Yes,No,24,Yes,No,No,No internet service,No internet service,No internet service,No internet service,No internet service,No internet service,One year,No,Mailed check,20.1,533.9,No,13-24,22.245833333333334,1,0
Female,0,Yes,Yes,10,Yes,Yes,DSL,Yes,Yes,No,No,Yes,No,One year,No,Electronic check,70.3,676.15,No,0-12,67.615,5,1
Male,0,Yes,No,69,Yes,No,DSL,Yes,Yes,No,No,No,No,One year,Yes,Credit card (automatic),53.65,3804.4,No,60+,55.13623188405797,3,1
Male,0,No,No,57,Yes,No,No,No internet service,No internet service,No internet service,No internet service,No internet service,No internet service,Two year,No,Mailed check,20.75,1118.8,No,49-60,19.628070175438594,1,0
Male,0,Yes,Yes,50,Yes,No,Fiber optic,No,Yes,Yes,Yes,Yes,Yes,One year,Yes,Bank transfer (automatic),103.4,5236.4,No,49-60,104.728,6,1
Male,0,Yes,Yes,28,No,No phone service,DSL,Yes,No,Yes,Yes,Yes,No,One year,No,Mailed check,50.8,1386.8,No,25-48,49.52857142857143,4,1
Female,0,No,No,16,Yes,No,DSL,Yes,No,No,No,No,No,Month-to-month,Yes,Electronic check,50.15,762.25,Yes,13-24,47.640625,2,1
Male,0,No,No,25,Yes,No,DSL,Yes,Yes,No,Yes,Yes,Yes,Month-to-month,Yes,Mailed check,79.0,1902.0,No,25-48,76.08,6,1
Female,1,Yes,No,3,Yes,No,Fiber optic,No,Yes,No,No,No,No,Month-to-month,Yes,Bank transfer (automatic),74.6,239.05,No,0-12,79.68333333333334,2,1
Male,0,Yes,No,61,Yes,Yes,Fiber optic,No,No,No,No,Yes,Yes,One year,Yes,Bank transfer (automatic),96.5,5673.7,No,60+,93.01147540983608,4,1
Female,0,No,No,2,Yes,No,No,No internet service,No internet service,No internet service,No internet service,No internet service,No internet service,Month-to-month,No,Mailed check,20.1,39.8,No,0-12,19.9,1,0
Male,0,Yes,Yes,51,Yes,No,No,No internet service,No internet service,No internet service,No internet service,No internet service,No internet service,One year,No,Mailed check,19.4,997.75,No,49-60,19.56372549019608,1,0
Female,0,Yes,Yes,71,Yes,No,DSL,Yes,No,Yes,No,Yes,Yes,Two year,No,Credit card (automatic),77.55,5574.35,No,60+,78.51197183098591,5,1
Female,0,Yes,Yes,20,Yes,No,No,No internet service,No internet service,No internet service,No internet service,No internet service,No internet service,Month-to-month,No,Mailed check,20.05,406.05,No,13-24,20.3025,1,0
Male,0,Yes,Yes,6,Yes,No,No,No internet service,No internet service,No internet service,No internet service,No internet service,No internet service,Month-to-month,No,Credit card (automatic),19.85,138.85,No,0-12,23.141666666666666,1,0
Female,0,No,No,6,Yes,No,No,No internet service,No internet service,No internet service,No internet service,No internet service,No internet service,Month-to-month,No,Mailed check,20.2,123.65,No,0-12,20.60833333333333,1,0
Female,0,No,No,29,Yes,Yes,DSL,Yes,Yes,No,Yes,No,No,Month-to-month,No,Mailed check,67.45,1801.1,No,25-48,62.10689655172413,5,1
Male,0,No,No,36,Yes,No,No,No internet service,No internet service,No internet service,No internet service,No internet service,No internet service,Two year,Yes,Credit card (automatic),18.55,689.0,No,25-48,19.13888888888889,1,0
Female,0,No,No,28,No,No phone service,DSL,No,No,Yes,No,No,No,Month-to-month,Yes,Mailed check,29.75,790.7,No,25-48,28.23928571428572,1,1
Female,0,Yes,No,7,Yes,Yes,Fiber optic,No,No,No,No,Yes,No,Month-to-month,Yes,Electronic check,86.5,582.5,Yes,0-12,83.21428571428571,3,1
Female,0,No,No,63,Yes,Yes,No,No internet service,No internet service,No internet service,No internet service,No internet service,No internet service,Two year,No,Mailed check,24.2,1618.2,No,60+,25.685714285714287,2,0
Male,0,Yes,Yes,48,Yes,Yes,No,No internet service,No internet service,No internet service,No internet service,No internet service,No internet service,Two year,No,Mailed check,23.55,1173.35,No,25-48,24.444791666666664,2,0
Female,0,Yes,No,49,Yes,No,No,No internet service,No internet service,No internet service,No internet service,No internet service,No internet service,One year,No,Bank transfer (automatic),20.45,900.9,No,49-60,18.38571428571429,1,0
Male,1,No,No,27,Yes,Yes,Fiber optic,No,Yes,No,No,No,No,Month-to-month,Yes,Electronic check,81.45,2122.05,Yes,25-48,78.59444444444445,3,1
Male,0,Yes,No,72,Yes,Yes,DSL,Yes,Yes,Yes,Yes,Yes,Yes,Two year,No,Credit card (automatic),92.3,6719.9,No,60+,93.33194444444445,8,1
Male,0,Yes,No,1,Yes,No,Fiber optic,No,No,No,No,No,No,Month-to-month,Yes,Electronic check,69.15,69.15,Yes,0-12,69.15,1,1
Female,0,Yes,Yes,72,No,No phone service,DSL,No,Yes,No,Yes,Yes,Yes,Two year,No,Credit card (automatic),53.65,3784.0,No,60+,52.55555555555556,4,1
Female,0,No,No,47,No,No phone service,DSL,Yes,Yes,No,Yes,No,No,One year,No,Credit card (automatic),39.65,1798.65,No,25-48,38.26914893617022,3,1
Female,0,No,No,1,Yes,No,DSL,No,No,No,No,Yes,No,Month-to-month,Yes,Electronic check,54.65,54.65,No,0-12,54.65,2,1
Female,0,No,No,36,Yes,Yes,Fiber optic,No,Yes,Yes,No,Yes,Yes,One year,Yes,Bank transfer (automatic),104.8,3886.45,No,25-48,107.95694444444445,6,1
Male,0,Yes,Yes,43,No,No phone service,DSL,No,Yes,No,No,No,No,Month-to-month,No,Credit card (automatic),29.3,1224.05,No,25-48,28.46627906976744,1,1
Female,1,Yes,No,27,Yes,Yes,DSL,No,Yes,Yes,Yes,Yes,Yes,Month-to-month,No,Electronic check,83.85,2310.2,No,25-48,85.56296296296296,7,1
Female,0,No,No,9,Yes,No,Fiber optic,No,No,No,No,No,Yes,Month-to-month,Yes,Electronic check,79.55,723.4,Yes,0-12,80.37777777777778,2,1
Female,0,No,No,38,Yes,Yes,Fiber optic,No,No,Yes,Yes,Yes,Yes,Month-to-month,Yes,Electronic check,103.65,3988.5,No,25-48,104.96052631578948,6,1
Female,1,No,No,35,Yes,Yes,Fiber optic,Yes,No,No,No,Yes,Yes,Month-to-month,Yes,Electronic check,99.05,3554.6,No,25-48,101.56,5,1
Female,0,Yes,Yes,0,Yes,Yes,DSL,No,Yes,Yes,Yes,Yes,No,Two year,No,Mailed check,73.35,1397.475,No,,1397.475,6,1
Female,0,Yes,No,59,Yes,No,Fiber optic,No,Yes,No,Yes,Yes,Yes,Two year,Yes,Mailed check,100.05,6034.85,No,49-60,102.285593220339,5,1
Male,0,No,No,27,Yes,No,No,No internet service,No internet service,No internet service,No internet service,No internet service,No internet service,Two year,No,Credit card (automatic),20.35,531.6,No,25-48,19.68888888888889,1,0
Female,1,No,No,2,Yes,No,DSL,No,No,No,No,No,No,Month-to-month,No,Electronic check,43.95,85.1,No,0-12,42.55,1,1
Male,0,No,No,7,Yes,Yes,No,No internet service,No internet service,No internet service,No internet service,No internet service,No internet service,Month-to-month,No,Mailed check,23.5,173.0,No,0-12,24.714285714285715,2,0
Female,0,No,No,36,Yes,Yes,DSL,No,Yes,No,Yes,No,Yes,One year,Yes,Mailed check,70.7,2511.95,No,25-48,69.77638888888889,5,1
Female,0,Yes,Yes,41,Yes,Yes,Fiber optic,Yes,Yes,No,No,Yes,No,Month-to-month,Yes,Bank transfer (automatic),94.3,3893.6,No,25-48,94.9658536585366,5,1
Female,0,No,No,13,No,No phone service,DSL,No,Yes,No,No,No,No,Month-to-month,No,Electronic check,29.15,357.15,No,13-24,27.47307692307692,1,1
Male,0,No,Yes,19,Yes,No,No,No internet service,No internet service,No internet service,No internet service,No internet service,No internet service,Two year,No,Credit card (automatic),20.85,467.5,No,13-24,24.605263157894736,1,0
Female,0,Yes,No,60,No,No phone service,DSL,Yes,Yes,No,Yes,No,No,Two year,No,Bank transfer (automatic),37.7,2288.7,No,49-60,38.145,3,1
Female,0,No,Yes,48,Yes,No,Fiber optic,No,Yes,Yes,Yes,Yes,No,Two year,Yes,Mailed check,95.5,4627.85,Yes,25-48,96.41354166666667,5,1
Male,1,No,No,3,Yes,Yes,Fiber optic,No,No,Yes,No,Yes,No,Month-to-month,No,Electronic check,91.05,289.1,Yes,0-12,96.36666666666667,4,1
Male,0,Yes,No,69,Yes,Yes,Fiber optic,No,Yes,No,Yes,Yes,No,Two year,Yes,Mailed check,92.45,6460.55,No,60+,93.63115942028986,5,1
Male,0,No,No,43,No,No phone service,DSL,No,No,Yes,Yes,No,Yes,One year,No,Electronic check,44.15,1931.3,No,25-48,44.913953488372094,3,1
Female,0,No,Yes,11,No,No phone service,DSL,Yes,No,No,Yes,No,No,One year,Yes,Mailed check,36.05,402.6,No,0-12,36.6,2,1
Female,0,Yes,No,45,Yes,No,DSL,No,No,Yes,No,No,No,Month-to-month,Yes,Credit card (automatic),50.25,2221.55,No,25-48,49.36777777777778,2,1
Male,0,Yes,No,72,Yes,Yes,Fiber optic,No,Yes,Yes,Yes,Yes,Yes,Two year,Yes,Credit card (automatic),109.75,7758.9,No,60+,107.7625,7,1
Female,1,Yes,No,2,Yes,Yes,Fiber optic,No,No,Yes,No,No,No,Month-to-month,No,Electronic check,79.2,172.85,Yes,0-12,86.425,3,1
Female,0,Yes,Yes,12,Yes,No,No,No internet service,No internet service,No internet service,No internet service,No internet service,No internet service,Two year,No,Bank transfer (automatic),20.3,224.5,No,0-12,18.70833333333333,1,0
Female,0,Yes,Yes,67,Yes,Yes,Fiber optic,No,Yes,Yes,Yes,Yes,Yes,One year,Yes,Credit card (automatic),112.35,7388.45,No,60+,110.27537313432836,7,1
Male,0,Yes,No,37,Yes,Yes,Fiber optic,No,No,Yes,Yes,Yes,No,Two year,No,Mailed check,94.3,3460.95,No,25-48,93.5391891891892,5,1
Female,0,No,No,39,No,No phone service,DSL,Yes,Yes,No,Yes,No,No,One year,No,Bank transfer (automatic),41.15,1700.9,No,25-48,43.61282051282051,3,1
Female,0,No,No,41,Yes,Yes,DSL,Yes,No,Yes,Yes,No,Yes,Month-to-month,Yes,Bank transfer (automatic),74.65,3090.65,No,25-48,75.38170731707318,6,1
Female,0,No,No,25,No,No phone service,DSL,No,No,Yes,No,Yes,Yes,Month-to-month,Yes,Electronic check,48.25,1293.8,No,25-48,51.752,3,1
Male,0,Yes,Yes,8,Yes,Yes,DSL,Yes,Yes,No,Yes,No,Yes,Two year,Yes,Credit card (automatic),76.15,645.8,No,0-12,80.725,6,1
Female,0,Yes,Yes,71,Yes,Yes,DSL,Yes,Yes,Yes,Yes,No,No,Two year,No,Mailed check,71.1,5224.95,No,60+,73.59084507042253,6,1
Male,0,No,No,5,Yes,Yes,Fiber optic,No,Yes,Yes,No,No,Yes,Month-to-month,No,Electronic check,96.55,500.1,No,0-12,100.02,5,1
Female,0,No,No,30,Yes,Yes,DSL,Yes,No,Yes,No,Yes,Yes,One year,Yes,Credit card (automatic),79.3,2427.1,No,25-48,80.90333333333334,6,1
Male,0,No,No,40,Yes,No,Fiber optic,No,Yes,No,Yes,No,Yes,One year,Yes,Credit card (automatic),89.6,3488.15,No,25-48,87.20375,4,1
Female,0,No,No,54,Yes,No,No,No internet service,No internet service,No internet service,No internet service,No internet service,No internet service,Two year,Yes,Mailed check,20.5,1035.7,No,49-60,19.17962962962963,1,0
Male,0,Yes,No,72,Yes,Yes,Fiber optic,No,Yes,Yes,No,Yes,Yes,Two year,Yes,Bank transfer (automatic),106.3,7565.35,No,60+,105.07430555555555,6,1
Male,0,Yes,Yes,28,Yes,No,Fiber optic,No,Yes,Yes,No,Yes,Yes,One year,No,Bank transfer (automatic),100.35,2799.0,No,25-48,99.96428571428572,5,1
Male,0,Yes,Yes,18,Yes,No,Fiber optic,No,No,No,Yes,No,Yes,Month-to-month,Yes,Electronic check,85.6,1601.5,No,13-24,88.97222222222223,3,1
Female,0,No,No,2,No,No phone service,DSL,No,No,No,No,Yes,Yes,Month-to-month,Yes,Electronic check,45.25,85.5,Yes,0-12,42.75,2,1
Female,0,Yes,Yes,59,Yes,Yes,Fiber optic,No,Yes,Yes,No,Yes,Yes,One year,Yes,Electronic check,106.15,6256.2,No,49-60,106.03728813559322,6,1
Male,0,Yes,Yes,22,Yes,No,DSL,No,No,No,Yes,No,No,Month-to-month,Yes,Electronic check,51.1,1232.9,No,13-24,56.040909090909096,2,1
Female,0,No,No,1,Yes,No,No,No internet service,No internet service,No internet service,No internet service,No internet service,No internet service,Month-to-month,No,Mailed check,19.9,19.9,No,0-12,19.9,1,0
Female,1,Yes,No,72,Yes,Yes,No,No internet service,No internet service,No internet service,No internet service,No internet service,No internet service,Two year,Yes,Credit card (automatic),25.7,1937.4,No,60+,26.90833333333333,2,0
Female,1,No,No,14,Yes,Yes,Fiber optic,No,No,No,No,No,No,Month-to-month,Yes,Electronic check,74.3,1096.25,Yes,13-24,78.30357142857143,2,1
Male,0,Yes,No,50,Yes,Yes,Fiber optic,No,No,No,Yes,Yes,Yes,One year,No,Electronic check,99.4,5059.75,No,49-60,101.195,5,1
Female,0,Yes,Yes,48,Yes,No,DSL,Yes,No,Yes,Yes,Yes,No,One year,No,Bank transfer (automatic),69.7,3023.65,No,25-48,62.99270833333333,5,1
Female,0,Yes,Yes,49,Yes,Yes,Fiber optic,No,Yes,No,No,Yes,Yes,Month-to-month,Yes,Electronic check,98.35,4889.2,No,49-60,99.7795918367347,5,1
Male,0,Yes,Yes,28,Yes,No,Fiber optic,No,No,Yes,No,Yes,No,Month-to-month,No,Electronic check,85.45,2289.9,No,25-48,81.78214285714286,3,1
Male,1,No,No,68,Yes,Yes,Fiber optic,No,Yes,Yes,No,No,Yes,Month-to-month,Yes,Electronic check,95.9,6503.2,No,60+,95.63529411764704,5,1
Male,0,No,No,13,Yes,Yes,Fiber optic,No,No,No,Yes,Yes,Yes,Month-to-month,No,Electronic check,100.75,1313.25,No,13-24,101.01923076923076,5,1
Female,0,No,No,11,Yes,Yes,Fiber optic,No,No,Yes,No,Yes,No,Month-to-month,Yes,Electronic check,89.2,990.3,No,0-12,90.02727272727272,4,1
Female,0,Yes,No,3,Yes,Yes,Fiber optic,No,No,No,No,No,No,Month-to-month,Yes,Credit card (automatic),74.1,228.0,Yes,0-12,76.0,2,1
Male,1,Yes,No,57,Yes,Yes,Fiber optic,No,No,Yes,No,Yes,Yes,Month-to-month,No,Electronic check,100.6,5746.15,Yes,49-60,100.80964912280702,5,1
Male,0,No,No,3,Yes,Yes,Fiber optic,No,No,No,No,No,No,Month-to-month,No,Mailed check,75.0,209.1,Yes,0-12,69.7,2,1
Male,0,Yes,No,72,Yes,Yes,No,No internet service,No internet service,No internet service,No internet service,No internet service,No internet service,Two year,No,Credit card (automatic),25.75,1864.2,No,60+,25.891666666666666,2,0
Male,0,Yes,Yes,70,Yes,Yes,DSL,No,Yes,Yes,Yes,Yes,Yes,Two year,Yes,Electronic check,84.1,5979.7,No,60+,85.42428571428572,7,1
Female,0,Yes,Yes,49,Yes,Yes,DSL,No,Yes,No,Yes,Yes,Yes,Two year,No,Bank transfer (automatic),79.3,3902.45,No,49-60,79.64183673469387,6,1
Female,1,Yes,No,67,Yes,Yes,Fiber optic,Yes,No,Yes,No,Yes,Yes,One year,Yes,Credit card (automatic),107.05,7142.5,No,60+,106.6044776119403,6,1
Male,0,No,No,46,Yes,No,No,No internet service,No internet service,No internet service,No internet service,No internet service,No internet service,Two year,No,Bank transfer (automatic),20.05,902.0,No,25-48,19.608695652173918,1,0
Female,1,No,No,64,Yes,No,DSL,Yes,Yes,No,Yes,Yes,No,Two year,Yes,Credit card (automatic),70.2,4481.0,Yes,60+,70.015625,5,1
Female,0,Yes,No,37,Yes,No,No,No internet service,No internet service,No internet service,No internet service,No internet service,No internet service,Month-to-month,No,Bank transfer (automatic),19.5,805.2,No,25-48,21.762162162162163,1,0
Female,1,No,No,2,Yes,No,Fiber optic,No,No,No,No,No,No,Month-to-month,No,Electronic check,70.75,154.85,Yes,0-12,77.425,1,1
Female,1,Yes,No,13,No,No phone service,DSL,No,No,No,No,Yes,Yes,Month-to-month,No,Electronic check,45.3,528.45,No,13-24,40.650000000000006,2,1
Female,0,Yes,No,72,Yes,Yes,Fiber optic,Yes,Yes,Yes,Yes,Yes,Yes,Two year,No,Electronic check,115.15,8349.7,No,60+,115.96805555555557,8,1
Male,0,Yes,Yes,68,Yes,No,DSL,No,No,Yes,Yes,Yes,Yes,Two year,Yes,Bank transfer (automatic),72.95,4953.25,No,60+,72.84191176470588,5,1
Male,0,Yes,Yes,15,Yes,No,No,No internet service,No internet service,No internet service,No internet service,No internet service,No internet service,One year,No,Mailed check,19.65,332.65,No,13-24,22.176666666666662,1,0
Female,0,No,No,24,Yes,No,No,No internet service,No internet service,No internet service,No internet service,No internet service,No internet service,Two year,Yes,Bank transfer (automatic),19.55,470.2,No,13-24,19.591666666666665,1,0
Female,0,No,No,24,Yes,Yes,Fiber optic,No,No,No,Yes,No,Yes,Month-to-month,Yes,Electronic check,89.55,2259.35,No,13-24,94.13958333333332,4,1
Male,0,No,No,27,Yes,No,DSL,Yes,No,No,No,No,No,Month-to-month,No,Mailed check,50.35,1411.35,No,25-48,52.27222222222222,2,1
Male,0,No,No,12,Yes,No,DSL,No,No,No,Yes,No,No,Month-to-month,No,Bank transfer (automatic),50.25,593.75,Yes,0-12,49.47916666666666,2,1
Female,0,Yes,Yes,71,Yes,No,DSL,Yes,Yes,Yes,Yes,Yes,Yes,Two year,No,Credit card (automatic),87.25,6328.7,No,60+,89.13661971830986,7,1
Male,0,Yes,Yes,67,Yes,No,No,No internet service,No internet service,No internet service,No internet service,No internet service,No internet service,Two year,Yes,Mailed check,20.8,1411.9,No,60+,21.07313432835821,1,0
Female,0,Yes,No,63,Yes,Yes,Fiber optic,No,Yes,Yes,Yes,Yes,Yes,Two year,Yes,Bank transfer (automatic),109.25,6841.4,No,60+,108.59365079365078,7,1
Male,0,No,No,1,Yes,No,No,No internet service,No internet service,No internet service,No internet service,No internet service,No internet service,Month-to-month,No,Mailed check,20.35,20.35,No,0-12,20.35,1,0
Male,0,No,No,4,Yes,No,DSL,No,No,No,No,No,Yes,Month-to-month,Yes,Electronic check,55.9,238.5,No,0-12,59.625,2,1
Female,1,No,No,40,Yes,No,Fiber optic,Yes,Yes,No,No,No,No,Month-to-month,Yes,Credit card (automatic),79.2,3233.85,Yes,25-48,80.84625,3,1
Female,0,No,No,12,Yes,No,Fiber optic,No,No,Yes,No,Yes,Yes,Month-to-month,Yes,Electronic check,96.0,1062.1,Yes,0-12,88.50833333333333,4,1
Male,0,Yes,Yes,52,Yes,No,DSL,Yes,Yes,Yes,No,Yes,Yes,Two year,No,Electronic check,79.2,4016.3,No,49-60,77.23653846153846,6,1
Male,0,No,No,10,Yes,Yes,No,No internet service,No internet service,No internet service,No internet service,No internet service,No internet service,Month-to-month,Yes,Electronic check,24.0,226.55,No,0-12,22.655,2,0
Male,0,No,No,68,Yes,Yes,Fiber optic,Yes,Yes,Yes,No,Yes,No,One year,No,Bank transfer (automatic),101.35,7110.75,No,60+,104.56985294117646,6,1
Female,0,No,No,54,Yes,Yes,Fiber optic,No,No,No,Yes,Yes,Yes,Month-to-month,Yes,Electronic check,100.1,5440.9,Yes,49-60,100.7574074074074,5,1
Female,0,Yes,Yes,4,Yes,No,DSL,No,Yes,No,Yes,No,No,Month-to-month,No,Mailed check,56.5,235.1,Yes,0-12,58.775,3,1
Female,0,Yes,No,52,No,No phone service,DSL,Yes,No,Yes,No,No,No,One year,No,Mailed check,35.45,1958.95,No,49-60,37.67211538461539,2,1
Female,1,No,No,1,Yes,No,Fiber optic,No,No,Yes,No,No,Yes,Month-to-month,Yes,Electronic check,85.0,85.0,Yes,0-12,85.0,3,1
Male,0,Yes,No,70,Yes,Yes,DSL,Yes,Yes,Yes,Yes,Yes,No,One year,No,Bank transfer (automatic),79.4,5528.9,No,60+,78.9842857142857,7,1
Male,0,No,No,43,No,No phone service,DSL,Yes,No,Yes,No,No,No,One year,Yes,Credit card (automatic),35.2,1463.7,No,25-48,34.03953488372093,2,1
Male,0,No,No,52,Yes,No,No,No internet service,No internet service,No internet service,No internet service,No internet service,No internet service,Two year,No,Mailed check,19.65,1025.05,No,49-60,19.7125,1,0
Female,0,No,No,12,No,No phone service,DSL,Yes,No,Yes,Yes,No,Yes,Two year,No,Mailed check,49.85,552.1,No,0-12,46.00833333333333,4,1
Female,0,Yes,Yes,56,Yes,Yes,DSL,Yes,Yes,No,No,No,Yes,One year,No,Bank transfer (automatic),68.75,3815.4,No,49-60,68.13214285714285,5,1
Male,0,No,Yes,0,Yes,Yes,DSL,Yes,Yes,No,Yes,No,No,Two year,Yes,Bank transfer (automatic),61.9,1397.475,No,,1397.475,5,1
Male,0,No,No,42,Yes,Yes,Fiber optic,No,No,Yes,No,No,No,Month-to-month,No,Electronic check,79.9,3313.4,No,25-48,78.89047619047619,3,1
Male,1,Yes,No,22,Yes,No,Fiber optic,No,No,No,No,Yes,Yes,Month-to-month,Yes,Bank transfer (automatic),89.75,1938.9,No,13-24,88.13181818181819,3,1
Male,0,Yes,Yes,51,No,No phone service,DSL,Yes,Yes,Yes,No,Yes,Yes,One year,No,Electronic check,59.3,3014.65,Yes,49-60,59.11078431372549,5,1
Male,0,No,No,27,Yes,No,No,No internet service,No internet service,No internet service,No internet service,No internet service,No internet service,Month-to-month,Yes,Credit card (automatic),19.4,460.25,No,25-48,17.046296296296298,1,0
Male,1,Yes,No,51,Yes,Yes,Fiber optic,Yes,No,Yes,No,No,Yes,One year,Yes,Bank transfer (automatic),93.65,4839.15,No,49-60,94.88529411764704,5,1
Male,0,No,Yes,4,Yes,No,DSL,Yes,No,No,No,No,No,Month-to-month,Yes,Electronic check,49.4,184.4,Yes,0-12,46.1,2,1
Male,0,No,No,1,Yes,No,No,No internet service,No internet service,No internet service,No internet service,No internet service,No internet service,Month-to-month,Yes,Mailed check,19.9,19.9,No,0-12,19.9,1,0
Male,0,No,No,35,Yes,No,DSL,No,No,No,No,Yes,No,Month-to-month,No,Mailed check,55.0,2010.55,Yes,25-48,57.44428571428571,2,1
Male,1,Yes,Yes,71,Yes,Yes,DSL,No,Yes,Yes,Yes,No,Yes,One year,Yes,Bank transfer (automatic),72.9,5139.65,No,60+,72.38943661971831,6,1
Female,0,No,No,1,Yes,No,Fiber optic,No,No,No,No,No,No,Month-to-month,Yes,Electronic check,69.2,69.2,Yes,0-12,69.2,1,1
Female,0,Yes,Yes,69,Yes,Yes,No,No internet service,No internet service,No internet service,No internet service,No internet service,No internet service,Two year,Yes,Bank transfer (automatic),25.6,1673.4,No,60+,24.25217391304348,2,0
Male,0,Yes,Yes,14,Yes,No,No,No internet service,No internet service,No internet service,No internet service,No internet service,No internet service,One year,No,Mailed check,19.75,309.35,No,13-24,22.09642857142857,1,0
Male,0,Yes,No,57,Yes,No,DSL,Yes,No,No,Yes,No,No,Month-to-month,No,Electronic check,55.7,3171.6,No,49-60,55.642105263157895,3,1
Female,0,Yes,Yes,72,Yes,Yes,Fiber optic,Yes,Yes,Yes,Yes,Yes,Yes,Two year,No,Credit card (automatic),117.5,8670.1,No,60+,120.41805555555555,8,1
Male,0,No,No,48,Yes,No,No,No internet service,No internet service,No internet service,No internet service,No internet service,No internet service,Two year,No,Credit card (automatic),19.85,916.0,No,25-48,19.08333333333333,1,0
Female,0,Yes,Yes,4,Yes,No,Fiber optic,No,No,No,No,Yes,No,Month-to-month,Yes,Mailed check,78.9,299.75,No,0-12,74.9375,2,1
Male,0,Yes,Yes,31,Yes,No,No,No internet service,No internet service,No internet service,No internet service,No internet service,No internet service,Month-to-month,Yes,Electronic check,20.65,702.05,No,25-48,22.646774193548385,1,0
Male,0,No,No,38,Yes,No,DSL,No,No,Yes,Yes,No,Yes,One year,Yes,Mailed check,62.3,2354.8,Yes,25-48,61.968421052631584,4,1
Male,1,Yes,No,37,Yes,Yes,Fiber optic,No,No,No,No,Yes,Yes,Month-to-month,Yes,Electronic check,92.5,3473.4,Yes,25-48,93.87567567567568,4,1
Female,0,No,No,1,Yes,No,No,No internet service,No internet service,No internet service,No internet service,No internet service,No internet service,Month-to-month,No,Mailed check,19.65,19.65,No,0-12,19.65,1,0
Male,1,No,No,57,Yes,Yes,DSL,No,Yes,Yes,No,Yes,Yes,Two year,Yes,Bank transfer (automatic),79.75,4438.2,No,49-60,77.86315789473684,6,1
Female,1,Yes,No,62,Yes,No,DSL,Yes,No,Yes,Yes,Yes,Yes,Two year,Yes,Credit card (automatic),79.95,4819.75,No,60+,77.73790322580645,6,1
Male,0,Yes,No,3,No,No phone service,DSL,No,No,No,Yes,No,No,Month-to-month,Yes,Electronic check,29.9,92.25,No,0-12,30.75,1,1
Female,0,No,Yes,72,Yes,No,No,No internet service,No internet service,No internet service,No internet service,No internet service,No internet service,Two year,Yes,Mailed check,19.75,1567.0,No,60+,21.76388888888889,1,0
Male,0,No,Yes,29,No,No phone service,DSL,Yes,Yes,Yes,Yes,No,No,Month-to-month,Yes,Mailed check,45.0,1242.45,No,25-48,42.84310344827586,4,1
Male,0,Yes,Yes,13,Yes,No,DSL,No,No,No,No,No,No,Month-to-month,No,Bank transfer (automatic),44.8,559.2,No,13-24,43.01538461538462,1,1
Male,0,No,Yes,3,Yes,No,Fiber optic,No,No,No,No,No,No,Month-to-month,No,Electronic check,69.65,220.1,Yes,0-12,73.36666666666666,1,1
Female,0,No,No,11,Yes,No,DSL,No,Yes,No,No,No,No,Month-to-month,No,Electronic check,51.1,531.15,No,0-12,48.28636363636363,2,1
Female,0,No,Yes,21,No,No phone service,DSL,Yes,Yes,Yes,Yes,Yes,No,Two year,No,Mailed check,53.15,1183.2,No,13-24,56.34285714285714,5,1
Female,0,No,No,19,Yes,Yes,No,No internet service,No internet service,No internet service,No internet service,No internet service,No internet service,Month-to-month,No,Bank transfer (automatic),24.7,465.85,No,13-24,24.51842105263158,2,0
Male,0,No,No,61,Yes,Yes,Fiber optic,Yes,No,Yes,Yes,Yes,Yes,Two year,Yes,Credit card (automatic),111.6,6876.05,Yes,60+,112.722131147541,7,1
Female,0,No,No,11,Yes,No,DSL,Yes,No,No,No,No,No,Month-to-month,No,Credit card (automatic),48.55,501.0,Yes,0-12,45.54545454545455,2,1
Male,0,Yes,Yes,35,Yes,Yes,Fiber optic,No,Yes,Yes,Yes,Yes,Yes,Month-to-month,Yes,Electronic check,109.95,3782.4,No,25-48,108.06857142857145,7,1
Male,0,No,Yes,25,Yes,No,No,No internet service,No internet service,No internet service,No internet service,No internet service,No internet service,Month-to-month,No,Mailed check,20.8,460.2,No,25-48,18.408,1,0
Female,0,No,No,1,Yes,No,No,No internet service,No internet service,No internet service,No internet service,No internet service,No internet service,Month-to-month,Yes,Mailed check,20.2,20.2,Yes,0-12,20.2,1,0
Female,0,No,No,67,Yes,Yes,No,No internet service,No internet service,No internet service,No internet service,No internet service,No internet service,Two year,Yes,Bank transfer (automatic),25.6,1790.35,No,60+,26.72164179104477,2,0
Male,0,No,No,19,No,No phone service,DSL,No,No,Yes,No,Yes,No,Month-to-month,Yes,Electronic check,39.65,733.35,Yes,13-24,38.59736842105264,2,1
Male,0,No,No,56,Yes,Yes,No,No internet service,No internet service,No internet service,No internet service,No internet service,No internet service,One year,No,Electronic check,24.9,1334.0,Yes,49-60,23.821428571428573,2,0
Male,0,Yes,Yes,72,Yes,Yes,Fiber optic,Yes,Yes,Yes,No,Yes,Yes,Two year,Yes,Credit card (automatic),108.4,7767.25,No,60+,107.87847222222224,7,1
Male,0,No,No,43,Yes,No,No,No internet service,No internet service,No internet service,No internet service,No internet service,No internet service,Two year,No,Mailed check,19.55,876.15,No,25-48,20.375581395348835,1,0
Female,0,Yes,Yes,55,Yes,Yes,Fiber optic,Yes,Yes,No,No,No,No,Month-to-month,Yes,Electronic check,85.1,4600.95,No,49-60,83.65363636363637,4,1
Male,0,Yes,Yes,2,Yes,Yes,DSL,Yes,No,No,No,No,No,Month-to-month,No,Mailed check,56.7,113.55,Yes,0-12,56.775,3,1
Male,0,No,No,27,Yes,No,Fiber optic,No,No,No,No,No,No,Month-to-month,Yes,Mailed check,69.05,1793.25,No,25-48,66.41666666666667,1,1
Female,0,No,No,13,Yes,No,Fiber optic,No,No,No,No,No,No,Month-to-month,Yes,Mailed check,70.15,886.7,No,13-24,68.20769230769231,1,1
Female,0,No,No,70,Yes,Yes,Fiber optic,Yes,Yes,Yes,No,Yes,Yes,Two year,Yes,Mailed check,111.15,7737.55,No,60+,110.53642857142856,7,1
Female,0,Yes,No,14,Yes,No,Fiber optic,Yes,Yes,No,Yes,Yes,Yes,One year,No,Mailed check,105.95,1348.9,Yes,13-24,96.35,6,1
Female,0,Yes,Yes,19,Yes,Yes,Fiber optic,No,No,No,Yes,No,Yes,One year,Yes,Bank transfer (automatic),89.35,1686.85,No,13-24,88.78157894736842,4,1
Female,0,No,No,20,Yes,Yes,Fiber optic,Yes,No,No,No,Yes,No,Month-to-month,Yes,Bank transfer (automatic),89.1,1879.25,No,13-24,93.9625,4,1
Male,0,Yes,Yes,43,Yes,Yes,Fiber optic,Yes,No,Yes,Yes,No,No,One year,Yes,Credit card (automatic),91.25,4013.8,No,25-48,93.34418604651164,5,1
Male,0,Yes,Yes,5,Yes,No,Fiber optic,Yes,No,Yes,No,No,Yes,Month-to-month,Yes,Mailed check,90.35,434.5,No,0-12,86.9,4,1
Female,1,Yes,No,70,Yes,Yes,Fiber optic,No,Yes,No,Yes,Yes,Yes,One year,Yes,Bank transfer (automatic),105.55,7195.35,No,60+,102.79071428571427,6,1
Female,0,Yes,No,40,Yes,No,No,No internet service,No internet service,No internet service,No internet service,No internet service,No internet service,Two year,No,Mailed check,19.1,780.1,No,25-48,19.5025,1,0
Male,0,Yes,Yes,6,Yes,No,No,No internet service,No internet service,No internet service,No internet service,No internet service,No internet service,Two year,Yes,Credit card (automatic),20.4,107.6,No,0-12,17.933333333333334,1,0
Male,0,No,No,39,Yes,No,Fiber optic,Yes,No,Yes,No,Yes,Yes,Two year,Yes,Electronic check,100.45,3801.7,No,25-48,97.47948717948718,5,1
Male,1,Yes,No,4,Yes,Yes,Fiber optic,No,No,No,No,No,No,Month-to-month,No,Electronic check,74.95,308.7,Yes,0-12,77.175,2,1
Male,0,No,No,15,No,No phone service,DSL,No,No,No,Yes,No,No,Month-to-month,Yes,Electronic check,29.7,438.25,Yes,13-24,29.216666666666665,1,1
Male,0,Yes,No,1,No,No phone service,DSL,No,No,Yes,No,Yes,Yes,Month-to-month,Yes,Electronic check,50.35,50.35,Yes,0-12,50.35,3,1
Female,1,No,No,45,Yes,No,Fiber optic,Yes,Yes,No,Yes,No,No,Month-to-month,Yes,Bank transfer (automatic),85.7,3778.1,No,25-48,83.95777777777778,4,1
Female,0,Yes,No,64,No,No phone service,DSL,Yes,No,Yes,Yes,No,Yes,Two year,No,Electronic check,47.85,3147.5,Yes,60+,49.1796875,4,1
Female,1,Yes,No,57,Yes,Yes,Fiber optic,No,Yes,Yes,No,No,Yes,Month-to-month,No,Credit card (automatic),94.0,5438.95,No,49-60,95.42017543859647,5,1
Male,0,Yes,Yes,72,Yes,Yes,DSL,Yes,Yes,Yes,Yes,No,No,Two year,No,Bank transfer (automatic),69.85,5102.35,No,60+,70.86597222222223,6,1
Male,0,No,No,1,Yes,No,Fiber optic,No,No,No,No,No,No,Month-to-month,Yes,Electronic check,70.3,70.3,Yes,0-12,70.3,1,1
Male,0,Yes,No,72,Yes,Yes,No,No internet service,No internet service,No internet service,No internet service,No internet service,No internet service,Two year,No,Credit card (automatic),25.85,1872.2,No,60+,26.00277777777778,2,0
Female,0,No,No,3,Yes,No,DSL,Yes,Yes,No,Yes,No,Yes,Two year,No,Mailed check,71.1,213.35,No,0-12,71.11666666666666,5,1
Male,1,No,No,55,Yes,Yes,Fiber optic,Yes,No,No,No,Yes,Yes,Month-to-month,Yes,Electronic check,98.8,5617.75,Yes,49-60,102.14090909090908,5,1
Female,0,Yes,No,59,Yes,Yes,Fiber optic,No,No,Yes,Yes,Yes,No,Month-to-month,No,Electronic check,93.35,5386.5,No,49-60,91.29661016949152,5,1
Female,0,No,No,18,Yes,Yes,Fiber optic,No,No,No,Yes,Yes,Yes,Month-to-month,Yes,Bank transfer (automatic),99.85,1776.95,Yes,13-24,98.71944444444443,5,1
Male,1,Yes,No,32,Yes,No,Fiber optic,No,No,No,No,No,Yes,Month-to-month,Yes,Credit card (automatic),80.3,2483.05,Yes,25-48,77.5953125,2,1
Female,0,No,No,4,Yes,No,DSL,Yes,No,No,No,No,No,Month-to-month,Yes,Bank transfer (automatic),50.55,235.65,No,0-12,58.9125,2,1
Female,1,No,No,66,Yes,Yes,Fiber optic,No,Yes,No,No,No,No,Month-to-month,Yes,Credit card (automatic),80.45,5224.35,Yes,60+,79.15681818181818,3,1
Male,0,No,No,27,Yes,Yes,Fiber optic,No,No,Yes,No,No,No,Month-to-month,Yes,Electronic check,81.3,2272.8,No,25-48,84.17777777777779,3,1
Male,0,No,No,4,Yes,No,No,No internet service,No internet service,No internet service,No internet service,No internet service,No internet service,Month-to-month,Yes,Credit card (automatic),20.7,83.75,No,0-12,20.9375,1,0
Male,0,Yes,Yes,60,Yes,No,DSL,Yes,Yes,No,Yes,Yes,Yes,Month-to-month,Yes,Credit card (automatic),79.05,4663.4,No,49-60,77.72333333333333,6,1
Female,0,Yes,Yes,8,Yes,No,No,No internet service,No internet service,No internet service,No internet service,No internet service,No internet service,Two year,No,Mailed check,19.05,201.7,No,0-12,25.2125,1,0
Male,0,Yes,Yes,8,Yes,No,No,No internet service,No internet service,No internet service,No internet service,No internet service,No internet service,Two year,No,Credit card (automatic),19.6,125.0,No,0-12,15.625,1,0
Male,0,No,No,35,Yes,No,No,No internet service,No internet service,No internet service,No internet service,No internet service,No internet service,Two year,Yes,Mailed check,20.2,684.4,No,25-48,19.554285714285715,1,0
Male,0,No,No,7,Yes,Yes,Fiber optic,No,No,No,No,No,Yes,Month-to-month,Yes,Electronic check,86.8,620.35,Yes,0-12,88.62142857142858,3,1
Female,0,Yes,Yes,53,Yes,No,No,No internet service,No internet service,No internet service,No internet service,No internet service,No internet service,Two year,No,Mailed check,20.9,1146.05,No,49-60,21.623584905660376,1,0
Female,1,No,No,18,Yes,Yes,Fiber optic,No,Yes,No,Yes,Yes,Yes,Month-to-month,Yes,Credit card (automatic),103.6,1806.35,No,13-24,100.35277777777776,6,1
Female,0,No,No,15,No,No phone service,DSL,No,Yes,No,No,No,Yes,Two year,Yes,Mailed check,38.8,603.0,No,13-24,40.2,2,1
Male,0,Yes,No,67,Yes,Yes,Fiber optic,No,Yes,No,No,Yes,No,One year,Yes,Bank transfer (automatic),88.4,5798.3,No,60+,86.54179104477612,4,1
Male,1,Yes,No,6,Yes,No,Fiber optic,No,Yes,No,No,No,Yes,Month-to-month,Yes,Electronic check,84.2,519.15,Yes,0-12,86.52499999999999,3,1
Male,1,No,No,6,Yes,No,Fiber optic,No,No,No,No,Yes,No,Month-to-month,Yes,Electronic check,79.7,497.6,No,0-12,82.93333333333334,2,1
Male,0,No,No,13,Yes,Yes,Fiber optic,No,No,No,Yes,Yes,Yes,Month-to-month,Yes,Mailed check,99.0,1301.7,Yes,13-24,100.13076923076925,5,1
Female,0,No,No,11,Yes,Yes,Fiber optic,No,No,Yes,No,Yes,Yes,Month-to-month,Yes,Electronic check,100.75,1129.75,Yes,0-12,102.70454545454544,5,1
Male,0,No,Yes,1,Yes,No,No,No internet service,No internet service,No internet service,No internet service,No internet service,No internet service,Month-to-month,Yes,Mailed check,19.3,19.3,No,0-12,19.3,1,0
Male,0,No,No,5,Yes,No,DSL,Yes,No,No,Yes,No,No,Month-to-month,Yes,Mailed check,55.75,266.95,No,0-12,53.39,3,1
Male,0,No,No,13,Yes,No,No,No internet service,No internet service,No internet service,No internet service,No internet service,No internet service,One year,Yes,Mailed check,19.95,257.0,No,13-24,19.76923076923077,1,0
Female,0,Yes,No,9,Yes,Yes,Fiber optic,Yes,Yes,Yes,No,No,No,Month-to-month,No,Bank transfer (automatic),91.75,865.8,Yes,0-12,96.2,5,1
Male,0,No,No,29,Yes,No,Fiber optic,No,Yes,No,Yes,Yes,No,Month-to-month,No,Mailed check,89.65,2623.65,No,25-48,90.47068965517242,4,1
Male,1,No,No,1,Yes,No,DSL,No,No,No,No,No,No,Month-to-month,Yes,Mailed check,45.85,45.85,No,0-12,45.85,1,1
Female,0,No,No,1,Yes,Yes,Fiber optic,No,No,Yes,No,No,No,Month-to-month,Yes,Mailed check,79.55,79.55,Yes,0-12,79.55,3,1
Female,0,Yes,Yes,18,Yes,No,DSL,No,No,No,No,Yes,No,Month-to-month,No,Mailed check,55.95,1082.8,No,13-24,60.15555555555555,2,1
Female,0,Yes,No,2,Yes,No,DSL,No,No,Yes,No,Yes,Yes,Month-to-month,No,Credit card (automatic),69.0,147.8,No,0-12,73.9,4,1
Male,0,Yes,Yes,30,Yes,Yes,Fiber optic,No,Yes,No,Yes,No,No,Month-to-month,Yes,Bank transfer (automatic),83.55,2570.2,No,25-48,85.67333333333333,4,1
Male,0,No,Yes,66,Yes,Yes,DSL,Yes,Yes,No,Yes,No,No,Two year,No,Bank transfer (automatic),65.7,4378.9,No,60+,66.3469696969697,5,1
Male,0,Yes,Yes,38,Yes,Yes,Fiber optic,No,No,Yes,Yes,Yes,No,Two year,Yes,Bank transfer (automatic),94.9,3616.25,No,25-48,95.16447368421052,5,1
Male,0,Yes,Yes,44,Yes,No,DSL,No,Yes,Yes,Yes,No,No,Month-to-month,Yes,Mailed check,61.9,2924.05,No,25-48,66.45568181818182,4,1
Female,0,No,No,54,Yes,Yes,Fiber optic,No,Yes,Yes,Yes,Yes,Yes,Month-to-month,No,Electronic check,111.1,6014.85,Yes,49-60,111.38611111111112,7,1
Male,0,No,No,2,Yes,No,No,No internet service,No internet service,No internet service,No internet service,No internet service,No internet service,Month-to-month,No,Mailed check,20.0,32.7,No,0-12,16.35,1,0
Female,0,No,No,42,Yes,No,DSL,Yes,Yes,No,Yes,No,Yes,One year,Yes,Mailed check,67.7,2882.25,No,25-48,68.625,5,1
Female,0,Yes,Yes,58,Yes,Yes,No,No internet service,No internet service,No internet service,No internet service,No internet service,No internet service,Two year,No,Credit card (automatic),25.15,1509.9,No,49-60,26.032758620689656,2,0
Male,0,Yes,Yes,58,Yes,No,Fiber optic,No,Yes,No,No,Yes,Yes,Month-to-month,Yes,Electronic check,92.85,5305.05,No,49-60,91.46637931034483,4,1
Female,0,Yes,Yes,25,Yes,Yes,Fiber optic,No,No,Yes,No,No,Yes,Month-to-month,Yes,Electronic check,89.1,2368.4,Yes,25-48,94.736,4,1
Female,0,No,No,71,Yes,Yes,Fiber optic,Yes,Yes,Yes,Yes,Yes,Yes,Two year,No,Mailed check,111.3,7985.9,No,60+,112.4774647887324,8,1
Female,0,No,No,37,Yes,Yes,Fiber optic,No,Yes,Yes,No,Yes,Yes,Month-to-month,Yes,Bank transfer (automatic),101.9,3545.35,Yes,25-48,95.82027027027029,6,1
Female,0,Yes,Yes,14,Yes,Yes,Fiber optic,No,No,No,Yes,Yes,No,Month-to-month,Yes,Electronic check,91.65,1301.0,Yes,13-24,92.92857142857144,4,1
Female,1,No,No,4,Yes,Yes,Fiber optic,No,No,Yes,No,No,Yes,Month-to-month,Yes,Electronic check,88.85,372.45,Yes,0-12,93.1125,4,1
Female,0,Yes,No,48,Yes,Yes,DSL,Yes,No,No,Yes,No,No,One year,Yes,Bank transfer (automatic),60.6,2985.25,No,25-48,62.192708333333336,4,1
Female,1,No,No,3,No,No phone service,DSL,No,No,No,No,No,No,Month-to-month,No,Electronic check,25.3,77.75,Yes,0-12,25.916666666666668,0,1
Female,0,Yes,No,8,Yes,No,DSL,Yes,No,No,Yes,No,Yes,Two year,No,Mailed check,65.5,564.35,No,0-12,70.54375,4,1
Male,0,No,No,1,Yes,Yes,Fiber optic,No,No,No,No,Yes,Yes,Month-to-month,Yes,Electronic check,95.45,95.45,Yes,0-12,95.45,4,1
Male,0,No,No,67,Yes,No,No,No internet service,No internet service,No internet service,No internet service,No internet service,No internet service,Two year,No,Bank transfer (automatic),19.95,1311.75,No,60+,19.578358208955223,1,0
Male,0,No,No,13,Yes,No,Fiber optic,No,No,No,No,Yes,Yes,Month-to-month,Yes,Electronic check,91.1,1135.7,Yes,13-24,87.36153846153846,3,1
Female,0,Yes,Yes,45,Yes,No,DSL,No,Yes,No,Yes,No,No,One year,Yes,Credit card (automatic),54.15,2319.8,Yes,25-48,51.55111111111111,3,1
Male,0,No,No,49,Yes,Yes,Fiber optic,No,No,No,No,No,No,Month-to-month,Yes,Bank transfer (automatic),74.6,3720.35,No,49-60,75.92551020408163,2,1
Female,0,Yes,No,52,Yes,Yes,Fiber optic,No,Yes,Yes,No,Yes,No,Month-to-month,No,Bank transfer (automatic),94.6,5025.8,No,49-60,96.65,5,1
Female,0,Yes,No,63,Yes,No,Fiber optic,Yes,No,Yes,No,No,No,One year,Yes,Credit card (automatic),81.15,5224.5,No,60+,82.92857142857143,3,1
Female,0,Yes,Yes,68,Yes,Yes,DSL,Yes,Yes,Yes,Yes,Yes,Yes,Two year,Yes,Bank transfer (automatic),89.05,6185.8,No,60+,90.96764705882352,8,1
Female,0,Yes,No,31,Yes,No,DSL,No,No,No,Yes,No,No,Month-to-month,Yes,Mailed check,49.2,1498.55,No,25-48,48.34032258064516,2,1
Female,0,Yes,No,64,Yes,No,No,No internet service,No internet service,No internet service,No internet service,No internet service,No internet service,Two year,No,Credit card (automatic),19.45,1208.6,No,60+,18.884375,1,0
Female,0,Yes,No,62,Yes,No,Fiber optic,Yes,No,Yes,Yes,Yes,Yes,One year,Yes,Electronic check,104.3,6613.65,No,60+,106.6717741935484,6,1
Female,0,No,No,1,Yes,No,Fiber optic,No,No,No,No,No,No,Month-to-month,No,Bank transfer (automatic),69.7,69.7,Yes,0-12,69.7,1,1
Female,0,No,No,6,Yes,No,Fiber optic,No,No,No,No,Yes,Yes,Month-to-month,Yes,Electronic check,89.5,573.3,Yes,0-12,95.55,3,1
Female,0,Yes,No,21,Yes,No,Fiber optic,No,No,No,Yes,Yes,No,Month-to-month,Yes,Electronic check,86.05,1818.9,No,13-24,86.61428571428571,3,1
Female,0,Yes,Yes,72,Yes,Yes,No,No internet service,No internet service,No internet service,No internet service,No internet service,No internet service,Two year,No,Bank transfer (automatic),25.2,1787.35,No,60+,24.824305555555554,2,0
Female,0,Yes,Yes,32,No,No phone service,DSL,Yes,Yes,No,No,No,No,Month-to-month,Yes,Electronic check,35.15,1051.05,No,25-48,32.8453125,2,1
Female,1,No,No,71,Yes,Yes,Fiber optic,Yes,Yes,No,Yes,Yes,No,One year,Yes,Credit card (automatic),99.65,7181.25,No,60+,101.1443661971831,6,1
Female,0,No,Yes,34,Yes,No,Fiber optic,Yes,Yes,Yes,No,Yes,Yes,Month-to-month,Yes,Bank transfer (automatic),105.35,3688.6,No,25-48,108.48823529411764,6,1
Male,0,Yes,No,3,No,No phone service,DSL,No,No,No,No,No,Yes,Month-to-month,Yes,Electronic check,35.15,99.75,Yes,0-12,33.25,1,1
Male,0,No,Yes,12,Yes,Yes,Fiber optic,No,No,No,No,No,No,Month-to-month,Yes,Credit card (automatic),73.75,871.4,Yes,0-12,72.61666666666666,2,1
Female,1,No,No,8,Yes,Yes,Fiber optic,No,No,Yes,No,Yes,Yes,Month-to-month,No,Electronic check,101.35,780.5,Yes,0-12,97.5625,5,1
Female,0,Yes,Yes,35,Yes,Yes,No,No internet service,No internet service,No internet service,No internet service,No internet service,No internet service,Two year,No,Bank transfer (automatic),24.3,821.6,No,25-48,23.474285714285717,2,0
Female,0,Yes,Yes,3,Yes,No,Fiber optic,No,No,No,No,Yes,No,Month-to-month,Yes,Electronic check,80.7,239.45,No,0-12,79.81666666666666,2,1
Male,0,No,No,3,Yes,No,Fiber optic,No,No,Yes,Yes,Yes,No,Month-to-month,Yes,Mailed check,89.85,244.45,No,0-12,81.48333333333333,4,1
Male,0,No,No,53,Yes,No,DSL,No,No,Yes,No,No,Yes,One year,Yes,Electronic check,61.1,3357.9,No,49-60,63.35660377358491,3,1
Female,0,Yes,No,4,No,No phone service,DSL,Yes,No,No,No,No,No,Month-to-month,Yes,Electronic check,29.05,129.6,No,0-12,32.4,1,1
Female,0,Yes,Yes,48,Yes,No,Fiber optic,Yes,No,Yes,No,Yes,Yes,One year,Yes,Bank transfer (automatic),99.7,4977.2,No,25-48,103.69166666666666,5,1
Female,0,Yes,Yes,6,Yes,No,DSL,Yes,Yes,No,No,No,No,Month-to-month,No,Credit card (automatic),55.9,365.35,Yes,0-12,60.89166666666667,3,1
Male,1,Yes,No,3,Yes,Yes,Fiber optic,No,Yes,Yes,No,Yes,Yes,Month-to-month,Yes,Electronic check,105.9,334.65,Yes,0-12,111.55,6,1
Male,0,Yes,Yes,54,No,No phone service,DSL,No,No,Yes,Yes,No,Yes,Two year,No,Credit card (automatic),46.0,2424.05,No,49-60,44.88981481481482,3,1
Female,0,No,No,1,Yes,No,DSL,No,No,No,No,No,No,Month-to-month,No,Mailed check,43.95,43.95,Yes,0-12,43.95,1,1
Male,0,No,No,62,Yes,No,DSL,No,Yes,Yes,Yes,Yes,Yes,Month-to-month,Yes,Bank transfer (automatic),80.4,4981.15,No,60+,80.34112903225805,6,1
Male,0,Yes,Yes,22,Yes,No,Fiber optic,No,Yes,Yes,No,Yes,Yes,One year,Yes,Mailed check,100.05,2090.25,No,13-24,95.01136363636364,5,1
Male,0,No,No,1,Yes,No,DSL,No,No,No,No,No,No,Month-to-month,Yes,Bank transfer (automatic),45.1,45.1,Yes,0-12,45.1,1,1
Male,1,No,No,51,Yes,No,Fiber optic,No,No,Yes,No,Yes,Yes,One year,Yes,Bank transfer (automatic),94.0,4905.75,No,49-60,96.19117647058825,4,1
Female,0,No,No,30,Yes,Yes,DSL,No,Yes,Yes,No,Yes,No,One year,Yes,Credit card (automatic),68.95,2038.7,No,25-48,67.95666666666666,5,1
Female,1,Yes,No,56,Yes,Yes,DSL,Yes,Yes,Yes,Yes,No,No,One year,Yes,Credit card (automatic),68.45,4014.0,No,49-60,71.67857142857143,6,1
Male,0,Yes,No,35,Yes,Yes,DSL,No,Yes,No,Yes,Yes,No,One year,Yes,Electronic check,69.0,2441.7,No,25-48,69.76285714285714,5,1
Female,1,No,No,64,No,No phone service,DSL,No,Yes,No,Yes,Yes,No,Month-to-month,Yes,Electronic check,43.85,2751.0,No,60+,42.984375,3,1
Male,0,No,Yes,30,No,No phone service,DSL,No,No,No,No,Yes,Yes,Month-to-month,Yes,Electronic check,44.5,1307.8,No,25-48,43.59333333333333,2,1
Female,0,Yes,Yes,25,Yes,No,No,No internet service,No internet service,No internet service,No internet service,No internet service,No internet service,Two year,Yes,Mailed check,18.7,383.65,No,25-48,15.345999999999998,1,0
Female,0,No,No,41,Yes,No,Fiber optic,No,No,No,No,No,No,Month-to-month,No,Bank transfer (automatic),70.25,2868.05,Yes,25-48,69.95243902439024,1,1
Male,0,No,Yes,9,Yes,No,DSL,No,No,No,No,Yes,No,Month-to-month,No,Electronic check,55.35,449.75,Yes,0-12,49.97222222222222,2,1
Female,0,Yes,No,1,Yes,No,DSL,Yes,Yes,No,No,No,No,Month-to-month,Yes,Mailed check,53.55,53.55,No,0-12,53.55,3,1
Male,0,No,Yes,70,Yes,Yes,Fiber optic,Yes,Yes,Yes,Yes,Yes,Yes,Two year,Yes,Electronic check,114.6,7882.5,No,60+,112.60714285714286,8,1
Female,0,Yes,Yes,57,Yes,No,No,No internet service,No internet service,No internet service,No internet service,No internet service,No internet service,Two year,Yes,Bank transfer (automatic),20.1,1087.7,No,49-60,19.08245614035088,1,0
Male,0,No,No,9,Yes,Yes,Fiber optic,No,No,No,No,Yes,No,Month-to-month,Yes,Electronic check,85.5,791.7,No,0-12,87.96666666666667,3,1
Female,0,Yes,Yes,69,Yes,Yes,Fiber optic,No,Yes,Yes,Yes,Yes,Yes,One year,Yes,Bank transfer (automatic),108.75,7493.05,No,60+,108.59492753623188,7,1
Male,1,Yes,No,43,Yes,Yes,Fiber optic,No,Yes,Yes,No,Yes,Yes,Month-to-month,Yes,Electronic check,103.0,4414.3,Yes,25-48,102.65813953488372,6,1
Female,0,Yes,No,72,Yes,Yes,Fiber optic,No,No,Yes,No,Yes,Yes,Two year,Yes,Electronic check,97.85,6841.3,No,60+,95.01805555555556,5,1
Male,0,No,Yes,44,Yes,No,No,No internet service,No internet service,No internet service,No internet service,No internet service,No internet service,Two year,No,Bank transfer (automatic),19.55,819.95,No,25-48,18.635227272727278,1,0
Female,0,Yes,No,72,Yes,Yes,Fiber optic,Yes,Yes,No,No,No,No,Two year,Yes,Bank transfer (automatic),84.05,6052.25,No,60+,84.05902777777777,4,1
Female,0,Yes,No,33,Yes,No,Fiber optic,Yes,No,Yes,Yes,Yes,Yes,One year,Yes,Electronic check,103.75,3361.05,Yes,25-48,101.85,6,1
Male,0,No,No,54,Yes,Yes,Fiber optic,No,No,Yes,No,No,Yes,Month-to-month,No,Credit card (automatic),89.4,4869.5,No,49-60,90.17592592592592,4,1
Male,0,No,Yes,27,Yes,No,No,No internet service,No internet service,No internet service,No internet service,No internet service,No internet service,Two year,No,Credit card (automatic),19.7,509.3,No,25-48,18.862962962962964,1,0
Male,0,No,No,54,Yes,Yes,Fiber optic,No,Yes,No,No,No,No,Month-to-month,Yes,Bank transfer (automatic),79.85,4308.25,No,49-60,79.7824074074074,3,1
Male,0,No,No,3,Yes,No,Fiber optic,No,Yes,No,No,No,No,Month-to-month,No,Credit card (automatic),74.45,221.1,No,0-12,73.7,2,1
Female,0,Yes,No,53,Yes,Yes,DSL,Yes,Yes,Yes,No,No,Yes,One year,No,Bank transfer (automatic),74.1,3833.95,No,49-60,72.33867924528302,6,1
Male,0,No,No,1,Yes,No,Fiber optic,No,No,No,No,No,No,Month-to-month,Yes,Electronic check,69.35,69.35,Yes,0-12,69.35,1,1
Male,0,Yes,No,15,Yes,No,No,No internet service,No internet service,No internet service,No internet service,No internet service,No internet service,One year,No,Mailed check,18.8,294.95,No,13-24,19.66333333333333,1,0
Female,0,No,No,56,Yes,No,Fiber optic,No,Yes,No,No,No,No,Month-to-month,Yes,Electronic check,73.85,4092.85,Yes,49-60,73.08660714285715,2,1
Male,0,Yes,Yes,5,Yes,Yes,DSL,Yes,Yes,No,Yes,No,No,Month-to-month,No,Credit card (automatic),64.4,316.9,No,0-12,63.38,5,1
Male,0,Yes,Yes,48,Yes,No,DSL,No,Yes,Yes,No,No,No,One year,Yes,Credit card (automatic),55.8,2651.2,No,25-48,55.23333333333333,3,1
Female,0,No,Yes,25,Yes,No,No,No internet service,No internet service,No internet service,No internet service,No internet service,No internet service,Month-to-month,No,Credit card (automatic),20.05,471.7,No,25-48,18.868,1,0
Female,0,Yes,No,3,Yes,Yes,Fiber optic,No,No,No,No,No,No,Month-to-month,Yes,Credit card (automatic),75.15,216.75,Yes,0-12,72.25,2,1
Male,0,No,No,58,Yes,No,Fiber optic,Yes,Yes,No,No,Yes,Yes,One year,No,Bank transfer (automatic),99.15,5720.95,No,49-60,98.63706896551724,5,1
Male,0,No,No,10,Yes,No,DSL,No,No,No,No,No,Yes,Month-to-month,Yes,Bank transfer (automatic),56.75,503.25,No,0-12,50.325,2,1
Male,0,No,No,1,Yes,No,Fiber optic,No,No,No,No,No,No,Month-to-month,Yes,Electronic check,69.6,69.6,Yes,0-12,69.6,1,1
Male,0,Yes,No,71,Yes,Yes,Fiber optic,No,Yes,No,Yes,Yes,Yes,Two year,Yes,Credit card (automatic),104.15,7365.3,No,60+,103.73661971830988,6,1
Female,0,Yes,Yes,65,Yes,Yes,Fiber optic,No,Yes,Yes,Yes,Yes,Yes,Two year,Yes,Credit card (automatic),110.8,7245.9,No,60+,111.4753846153846,7,1
Male,0,Yes,Yes,5,Yes,Yes,Fiber optic,No,Yes,No,No,No,No,Month-to-month,Yes,Electronic check,80.15,385.0,Yes,0-12,77.0,3,1
Female,0,No,No,28,No,No phone service,DSL,No,No,Yes,Yes,No,No,Month-to-month,Yes,Mailed check,35.75,961.4,No,25-48,34.33571428571428,2,1
Female,0,Yes,Yes,67,Yes,Yes,DSL,No,No,Yes,Yes,No,Yes,Two year,Yes,Bank transfer (automatic),69.9,4615.9,No,60+,68.89402985074626,5,1
Male,0,No,No,35,Yes,No,Fiber optic,Yes,No,No,Yes,No,Yes,One year,Yes,Electronic check,89.2,3251.3,No,25-48,92.89428571428572,4,1
Female,0,Yes,Yes,72,No,No phone service,DSL,Yes,Yes,Yes,Yes,No,Yes,Two year,No,Credit card (automatic),55.65,3880.05,No,60+,53.88958333333333,5,1
Female,0,Yes,Yes,61,No,No phone service,DSL,Yes,Yes,No,Yes,No,Yes,One year,Yes,Bank transfer (automatic),50.7,3088.75,No,60+,50.635245901639344,4,1
Male,1,No,No,68,Yes,No,No,No internet service,No internet service,No internet service,No internet service,No internet service,No internet service,Two year,Yes,Credit card (automatic),20.0,1396.0,No,60+,20.529411764705884,1,0
Female,0,Yes,Yes,1,No,No phone service,DSL,Yes,No,No,No,No,No,Month-to-month,No,Bank transfer (automatic),30.5,30.5,Yes,0-12,30.5,1,1
Male,0,No,No,3,Yes,No,No,No internet service,No internet service,No internet service,No internet service,No internet service,No internet service,Month-to-month,Yes,Mailed check,19.1,53.05,No,0-12,17.683333333333334,1,0
Male,0,Yes,Yes,70,Yes,Yes,Fiber optic,No,Yes,No,No,Yes,Yes,Two year,No,Bank transfer (automatic),98.3,6859.5,Yes,60+,97.99285714285716,5,1
Female,0,No,Yes,48,No,No phone service,DSL,No,Yes,Yes,No,No,Yes,Month-to-month,No,Credit card (automatic),45.55,2108.35,No,25-48,43.92395833333333,3,1
Male,0,Yes,Yes,68,Yes,Yes,Fiber optic,No,Yes,No,No,Yes,Yes,One year,Yes,Credit card (automatic),101.05,6770.5,No,60+,99.56617647058825,5,1
Female,0,No,No,47,Yes,No,Fiber optic,Yes,No,Yes,Yes,Yes,Yes,One year,Yes,Electronic check,103.7,4730.6,No,25-48,100.65106382978723,6,1
Male,0,Yes,Yes,32,No,No phone service,DSL,No,No,Yes,Yes,No,No,One year,Yes,Mailed check,36.25,1151.05,No,25-48,35.9703125,2,1
Female,0,Yes,Yes,5,Yes,No,DSL,Yes,No,No,No,No,No,Month-to-month,Yes,Mailed check,49.4,232.55,No,0-12,46.510000000000005,2,1
Male,0,No,No,49,Yes,No,No,No internet service,No internet service,No internet service,No internet service,No internet service,No internet service,Two year,Yes,Credit card (automatic),19.9,1022.6,No,49-60,20.869387755102043,1,0
Female,0,No,No,48,Yes,Yes,Fiber optic,No,Yes,Yes,No,Yes,Yes,Month-to-month,Yes,Bank transfer (automatic),107.4,5121.3,Yes,25-48,106.69375,6,1
Female,1,No,No,13,Yes,Yes,Fiber optic,No,No,No,No,No,Yes,Month-to-month,Yes,Electronic check,82.0,1127.2,Yes,13-24,86.70769230769231,3,1
Male,0,No,No,15,Yes,No,No,No internet service,No internet service,No internet service,No internet service,No internet service,No internet service,Month-to-month,Yes,Mailed check,19.8,309.4,No,13-24,20.626666666666665,1,0
Female,0,No,No,12,Yes,No,DSL,No,No,No,No,No,No,Month-to-month,Yes,Electronic check,45.05,523.1,No,0-12,43.59166666666667,1,1
Male,1,No,No,67,Yes,Yes,DSL,Yes,Yes,No,Yes,No,No,Two year,Yes,Bank transfer (automatic),64.55,4250.1,No,60+,63.43432835820896,5,1
Male,0,No,No,9,Yes,No,Fiber optic,No,No,No,Yes,Yes,No,Month-to-month,No,Electronic check,86.25,770.5,No,0-12,85.61111111111111,3,1
Female,0,Yes,Yes,13,Yes,No,No,No internet service,No internet service,No internet service,No internet service,No internet service,No internet service,Two year,Yes,Bank transfer (automatic),19.75,246.7,No,13-24,18.976923076923075,1,0
Female,0,No,No,38,Yes,No,Fiber optic,No,No,No,No,Yes,Yes,One year,Yes,Mailed check,89.1,3342.0,No,25-48,87.94736842105263,3,1
Female,1,Yes,No,42,Yes,Yes,Fiber optic,No,Yes,Yes,No,Yes,No,Month-to-month,Yes,Electronic check,95.55,3930.6,No,25-48,93.58571428571427,5,1
Female,0,Yes,No,24,Yes,Yes,Fiber optic,No,No,No,No,No,No,Month-to-month,Yes,Credit card (automatic),75.4,1747.85,Yes,13-24,72.82708333333333,2,1
Female,1,Yes,No,27,Yes,No,Fiber optic,Yes,No,Yes,No,Yes,Yes,Month-to-month,Yes,Electronic check,101.25,2754.45,Yes,25-48,102.01666666666668,5,1
Male,0,Yes,Yes,9,Yes,Yes,Fiber optic,No,Yes,Yes,No,Yes,Yes,Month-to-month,Yes,Credit card (automatic),102.6,897.75,No,0-12,99.75,6,1
Female,0,Yes,No,49,No,No phone service,DSL,No,Yes,No,Yes,Yes,Yes,One year,Yes,Credit card (automatic),56.3,2780.6,No,49-60,56.7469387755102,4,1
Female,1,Yes,No,61,Yes,Yes,Fiber optic,Yes,Yes,Yes,Yes,No,No,Month-to-month,Yes,Credit card (automatic),94.2,5895.45,No,60+,96.6467213114754,6,1
Male,0,No,Yes,50,No,No phone service,DSL,Yes,Yes,No,No,Yes,No,One year,Yes,Bank transfer (automatic),43.05,2208.05,No,49-60,44.161,3,1
Male,1,No,No,25,Yes,Yes,Fiber optic,No,Yes,No,No,Yes,No,Month-to-month,Yes,Electronic check,89.5,2196.15,Yes,25-48,87.846,4,1
Female,1,No,No,22,Yes,Yes,Fiber optic,No,No,No,No,No,No,Month-to-month,Yes,Bank transfer (automatic),74.4,1692.6,Yes,13-24,76.93636363636364,2,1
Male,0,No,No,1,Yes,No,No,No internet service,No internet service,No internet service,No internet service,No internet service,No internet service,Month-to-month,No,Mailed check,20.5,20.5,Yes,0-12,20.5,1,0
Male,0,No,No,4,Yes,Yes,Fiber optic,No,No,No,No,No,No,Month-to-month,Yes,Electronic check,74.35,265.35,Yes,0-12,66.3375,2,1
Female,1,Yes,No,18,Yes,Yes,Fiber optic,No,No,No,Yes,Yes,Yes,Month-to-month,No,Bank transfer (automatic),99.75,1836.25,Yes,13-24,102.01388888888889,5,1
Female,1,No,No,56,Yes,Yes,Fiber optic,No,Yes,Yes,Yes,Yes,Yes,One year,Yes,Electronic check,111.95,6418.9,Yes,49-60,114.62321428571428,7,1
Female,1,Yes,No,53,Yes,No,Fiber optic,No,Yes,Yes,Yes,Yes,No,One year,Yes,Electronic check,94.0,4871.45,No,49-60,91.91415094339622,5,1
Female,0,Yes,No,51,Yes,Yes,Fiber optic,No,No,Yes,No,Yes,Yes,One year,Yes,Electronic check,98.85,4947.55,No,49-60,97.0107843137255,5,1
Female,0,Yes,Yes,24,Yes,Yes,DSL,Yes,Yes,Yes,No,No,No,Two year,No,Electronic check,64.35,1558.65,No,13-24,64.94375000000001,5,1
Female,0,Yes,No,62,Yes,No,DSL,Yes,Yes,Yes,No,Yes,No,Two year,Yes,Credit card (automatic),72.0,4284.2,No,60+,69.1,5,1
Male,0,No,No,24,Yes,No,DSL,No,Yes,No,No,No,No,Month-to-month,Yes,Mailed check,49.7,1218.25,No,13-24,50.76041666666666,2,1
Female,0,Yes,Yes,70,Yes,Yes,DSL,Yes,Yes,Yes,Yes,Yes,No,Two year,No,Electronic check,80.7,5617.95,No,60+,80.25642857142857,7,1
Male,0,No,Yes,1,No,No phone service,DSL,No,No,No,No,No,No,Month-to-month,No,Mailed check,24.2,24.2,No,0-12,24.2,0,1
Male,1,No,No,16,No,No phone service,DSL,No,Yes,No,No,Yes,No,Month-to-month,Yes,Mailed check,39.0,679.85,Yes,13-24,42.490625,2,1
Female,0,No,No,8,Yes,No,DSL,No,Yes,No,Yes,Yes,No,Month-to-month,Yes,Electronic check,65.45,554.45,No,0-12,69.30625,4,1
Female,0,Yes,Yes,72,Yes,No,DSL,Yes,Yes,Yes,Yes,No,Yes,Two year,Yes,Electronic check,74.35,5237.4,No,60+,72.74166666666666,6,1
Female,0,No,No,23,Yes,No,Fiber optic,No,Yes,Yes,Yes,No,No,Month-to-month,No,Bank transfer (automatic),83.2,2032.3,No,13-24,88.36086956521739,4,1
Male,0,No,Yes,31,No,No phone service,DSL,No,No,No,No,No,No,Month-to-month,No,Credit card (automatic),25.0,789.2,No,25-48,25.458064516129035,0,1
Male,0,Yes,Yes,37,No,No phone service,DSL,Yes,No,Yes,Yes,No,No,One year,Yes,Electronic check,40.2,1525.35,No,25-48,41.22567567567568,3,1
Female,0,Yes,No,30,Yes,Yes,Fiber optic,No,Yes,No,Yes,Yes,No,Month-to-month,Yes,Credit card (automatic),94.1,2804.45,Yes,25-48,93.48166666666664,5,1
Female,1,No,No,35,Yes,Yes,Fiber optic,Yes,Yes,Yes,No,Yes,Yes,One year,Yes,Electronic check,108.35,3726.15,No,25-48,106.46142857142856,7,1
Female,0,Yes,Yes,23,Yes,Yes,DSL,No,Yes,No,Yes,Yes,No,Month-to-month,Yes,Credit card (automatic),69.5,1652.1,No,13-24,71.83043478260869,5,1
Female,0,Yes,Yes,20,Yes,Yes,DSL,Yes,No,No,No,Yes,Yes,One year,No,Bank transfer (automatic),76.0,1588.75,No,13-24,79.4375,5,1
Male,0,Yes,No,36,Yes,No,Fiber optic,Yes,No,No,No,Yes,Yes,Month-to-month,Yes,Electronic check,93.6,3366.05,No,25-48,93.5013888888889,4,1
Female,0,No,No,8,Yes,Yes,Fiber optic,No,No,No,No,Yes,Yes,Month-to-month,No,Bank transfer (automatic),95.65,778.1,Yes,0-12,97.2625,4,1
Male,0,Yes,Yes,71,Yes,Yes,Fiber optic,No,Yes,No,No,Yes,Yes,One year,No,Bank transfer (automatic),100.55,7113.75,No,60+,100.193661971831,5,1
Female,1,Yes,No,50,Yes,Yes,Fiber optic,No,Yes,No,No,Yes,No,Month-to-month,Yes,Electronic check,88.05,4367.35,Yes,49-60,87.34700000000001,4,1
Female,0,Yes,Yes,43,Yes,Yes,No,No internet service,No internet service,No internet service,No internet service,No internet service,No internet service,One year,Yes,Bank transfer (automatic),24.45,993.15,No,25-48,23.096511627906978,2,0
Male,0,No,Yes,57,Yes,Yes,DSL,Yes,Yes,Yes,Yes,Yes,Yes,Two year,No,Mailed check,89.55,5012.35,No,49-60,87.93596491228071,8,1
Female,0,Yes,Yes,41,Yes,No,DSL,No,Yes,No,Yes,No,Yes,One year,Yes,Bank transfer (automatic),66.5,2728.6,Yes,25-48,66.55121951219512,4,1
Female,0,Yes,No,27,Yes,No,Fiber optic,No,Yes,No,No,No,No,Month-to-month,Yes,Electronic check,76.1,2093.4,No,25-48,77.53333333333333,2,1
Female,0,No,No,13,Yes,No,Fiber optic,No,No,No,No,No,Yes,Month-to-month,Yes,Electronic check,80.5,1011.8,No,13-24,77.83076923076922,2,1
Male,0,No,No,3,No,No phone service,DSL,Yes,Yes,No,No,No,No,Month-to-month,Yes,Mailed check,35.45,106.85,Yes,0-12,35.61666666666667,2,1
Female,0,No,No,67,Yes,No,No,No internet service,No internet service,No internet service,No internet service,No internet service,No internet service,One year,No,Electronic check,20.55,1343.4,No,60+,20.05074626865672,1,0
Male,0,No,No,3,Yes,No,DSL,No,Yes,No,No,No,No,Month-to-month,Yes,Mailed check,49.9,130.1,Yes,0-12,43.36666666666667,2,1
Female,0,Yes,No,64,Yes,Yes,Fiber optic,No,Yes,No,Yes,Yes,Yes,Two year,Yes,Bank transfer (automatic),105.4,6794.75,No,60+,106.16796875,6,1
Male,0,No,No,26,No,No phone service,DSL,No,No,Yes,Yes,No,No,Month-to-month,No,Electronic check,35.75,1022.5,No,25-48,39.32692307692308,2,1
Male,0,No,No,38,Yes,Yes,Fiber optic,No,Yes,Yes,No,No,Yes,Month-to-month,Yes,Credit card (automatic),95.1,3691.2,No,25-48,97.13684210526316,5,1
Male,0,Yes,No,23,Yes,No,No,No internet service,No internet service,No internet service,No internet service,No internet service,No internet service,One year,No,Credit card (automatic),19.3,486.2,No,13-24,21.139130434782608,1,0
Male,0,No,No,40,Yes,Yes,Fiber optic,No,Yes,Yes,No,Yes,Yes,Month-to-month,Yes,Credit card (automatic),104.5,4036.85,Yes,25-48,100.92125,6,1
Male,1,Yes,No,72,No,No phone service,DSL,Yes,Yes,Yes,Yes,Yes,Yes,Two year,Yes,Bank transfer (automatic),63.1,4685.55,No,60+,65.07708333333333,6,1
Female,1,No,No,3,Yes,Yes,Fiber optic,No,No,No,No,No,No,Month-to-month,Yes,Credit card (automatic),75.05,256.25,Yes,0-12,85.41666666666667,2,1
Male,0,No,No,23,Yes,Yes,Fiber optic,No,No,Yes,No,No,No,Month-to-month,Yes,Electronic check,81.0,1917.1,Yes,13-24,83.35217391304347,3,1
Female,1,Yes,No,1,Yes,Yes,Fiber optic,No,No,No,No,No,No,Month-to-month,Yes,Electronic check,74.45,74.45,Yes,0-12,74.45,2,1
Female,0,No,No,4,Yes,No,DSL,Yes,Yes,No,Yes,No,No,Month-to-month,Yes,Mailed check,60.4,272.15,Yes,0-12,68.0375,4,1
Female,0,Yes,No,62,Yes,Yes,DSL,Yes,Yes,No,Yes,Yes,Yes,Two year,Yes,Electronic check,84.95,5150.55,No,60+,83.0733870967742,7,1
Female,0,No,No,40,Yes,Yes,Fiber optic,No,Yes,Yes,No,Yes,No,Month-to-month,Yes,Bank transfer (automatic),93.4,3756.4,No,25-48,93.91,5,1
Male,0,No,No,41,Yes,Yes,Fiber optic,No,Yes,No,No,Yes,No,Month-to-month,Yes,Electronic check,89.2,3645.75,No,25-48,88.92073170731707,4,1
Male,1,Yes,No,34,Yes,No,Fiber optic,No,No,Yes,No,Yes,No,Month-to-month,Yes,Credit card (automatic),85.2,2874.45,No,25-48,84.54264705882352,3,1
Female,0,No,No,1,Yes,No,DSL,No,Yes,No,No,No,No,Month-to-month,No,Electronic check,49.95,49.95,No,0-12,49.95,2,1
Female,0,No,No,51,Yes,No,No,No internet service,No internet service,No internet service,No internet service,No internet service,No internet service,Two year,No,Bank transfer (automatic),20.65,1020.75,No,49-60,20.014705882352946,1,0
Male,0,Yes,Yes,1,Yes,No,Fiber optic,No,No,No,No,No,No,Month-to-month,Yes,Mailed check,70.65,70.65,Yes,0-12,70.65,1,1
Female,0,No,No,39,Yes,No,No,No internet service,No internet service,No internet service,No internet service,No internet service,No internet service,Two year,No,Mailed check,20.15,826.0,No,25-48,21.17948717948718,1,0
Male,0,Yes,Yes,12,Yes,No,No,No internet service,No internet service,No internet service,No internet service,No internet service,No internet service,Month-to-month,Yes,Electronic check,19.2,239.0,No,0-12,19.916666666666668,1,0
Male,0,No,No,12,Yes,No,DSL,No,No,No,Yes,Yes,No,One year,Yes,Electronic check,59.8,727.8,Yes,0-12,60.65,3,1
Male,0,No,No,72,Yes,Yes,Fiber optic,No,Yes,Yes,No,Yes,Yes,One year,Yes,Electronic check,104.95,7544.3,No,60+,104.78194444444443,6,1
Female,1,Yes,No,63,Yes,Yes,Fiber optic,No,Yes,Yes,No,Yes,Yes,Month-to-month,Yes,Electronic check,103.5,6479.4,No,60+,102.84761904761903,6,1
Male,0,Yes,No,44,Yes,Yes,Fiber optic,Yes,No,Yes,No,No,No,Month-to-month,Yes,Credit card (automatic),84.8,3626.35,No,25-48,82.41704545454546,4,1
Female,0,No,No,18,Yes,Yes,Fiber optic,No,No,Yes,Yes,No,Yes,Month-to-month,Yes,Bank transfer (automatic),95.05,1679.4,No,13-24,93.3,5,1
Female,0,No,No,9,Yes,No,DSL,No,No,No,No,No,No,Month-to-month,Yes,Bank transfer (automatic),44.2,403.35,Yes,0-12,44.81666666666667,1,1
Male,0,No,No,13,Yes,No,DSL,No,Yes,No,Yes,Yes,Yes,Month-to-month,No,Mailed check,73.35,931.55,No,13-24,71.6576923076923,5,1
Female,0,Yes,No,68,Yes,No,DSL,No,Yes,No,Yes,Yes,No,Two year,No,Bank transfer (automatic),64.1,4326.25,No,60+,63.62132352941177,4,1
Female,1,No,No,6,No,No phone service,DSL,No,No,No,No,Yes,Yes,Month-to-month,Yes,Electronic check,44.4,263.05,No,0-12,43.84166666666667,2,1
Female,0,No,No,2,Yes,No,No,No internet service,No internet service,No internet service,No internet service,No internet service,No internet service,Month-to-month,Yes,Mailed check,20.05,39.25,No,0-12,19.625,1,0
Male,1,Yes,No,55,Yes,Yes,DSL,Yes,Yes,No,No,No,No,One year,No,Credit card (automatic),60.0,3316.1,No,49-60,60.29272727272727,4,1
Male,1,No,No,1,Yes,Yes,Fiber optic,No,No,No,No,No,No,Month-to-month,Yes,Electronic check,75.75,75.75,Yes,0-12,75.75,2,1
Male,0,No,No,38,Yes,No,Fiber optic,No,No,No,No,No,No,Month-to-month,Yes,Credit card (automatic),69.5,2625.25,No,25-48,69.08552631578948,1,1
Female,0,No,No,67,Yes,Yes,Fiber optic,Yes,Yes,Yes,No,Yes,No,Month-to-month,Yes,Credit card (automatic),102.95,6886.25,Yes,60+,102.77985074626864,6,1
Male,0,No,No,19,Yes,No,Fiber optic,No,No,No,No,Yes,No,Month-to-month,Yes,Bank transfer (automatic),78.7,1495.1,No,13-24,78.68947368421053,2,1
Female,0,No,No,12,No,No phone service,DSL,No,Yes,Yes,Yes,Yes,Yes,One year,No,Electronic check,60.65,743.3,No,0-12,61.94166666666666,5,1
Female,0,No,No,72,Yes,No,No,No internet service,No internet service,No internet service,No internet service,No internet service,No internet service,Two year,Yes,Bank transfer (automatic),21.15,1419.4,No,60+,19.71388888888889,1,0
Male,0,Yes,Yes,24,Yes,Yes,DSL,Yes,No,Yes,Yes,Yes,Yes,One year,Yes,Mailed check,84.8,1990.5,No,13-24,82.9375,7,1
Female,0,Yes,Yes,72,Yes,Yes,Fiber optic,No,Yes,Yes,No,Yes,Yes,One year,Yes,Credit card (automatic),103.2,7362.9,No,60+,102.2625,6,1
Female,0,Yes,Yes,11,No,No phone service,DSL,Yes,No,No,No,No,No,Month-to-month,Yes,Electronic check,29.6,346.45,No,0-12,31.495454545454542,1,1
Male,1,Yes,No,4,Yes,Yes,Fiber optic,No,No,No,No,No,No,Month-to-month,Yes,Mailed check,74.4,306.6,Yes,0-12,76.65,2,1
Male,0,No,No,66,Yes,No,Fiber optic,Yes,No,Yes,Yes,Yes,Yes,Two year,Yes,Bank transfer (automatic),105.65,6844.5,No,60+,103.70454545454544,6,1
